9858,4 -> 0,4

0,0

0,0


0,0

0,+0


0,0

0,400

0,0


0,0

0,+0


0,0

0,400

0000000000000000000000000000000000000000000000000000000000,400

0,0


0,0

0,+0


0,0

0,400

00000000,400

1,0


0,0

0,+0


0,0

0000000000000000000000000000000000000000,400

1,0


00,0


0,0

0,+0


0,0

0,400

000000000000000000000000000000000000000000000000000,+0


0,0

0,400

00000000,400

1,0


0,0

0,+0


0,0

000100000000000000000000000000,400

1,0


00,0


0,0

0,+0


0,0

0,400

000000000000000000000000000000000000000000000000000,400

1,0


0,0

0,+0


0,0

0000000000000000000000000000000000000000,40

0,0

0,+0


0,0

0,400

00000000,400

1,0


0,0

0,+0


0,0

0000000000000000000000000000000000000000,400

1,0


00,0


0,0

0,+0


0,0

0,400

000000000000000000000000000000000000000000000000000,+0


0,0

0,400

00000000,400

1,0


0,0

0,+0


0,0

0000000000000000000000000000000000000000,400

1,0


00,0


0,0

0,+0


0,0

0,400

000000000000000000000000000000000000000000000000000,400

1,0


0,0

0,+0


0,0

000000000000000000000000000000,400

1,0


0,0

0,+0


0,0

~0,400

000000000000000000000000009			1&8
00000000,0

0,+0
0

1,0


0,0

0,+0


0,0

0,400

0000000000000000000000000000000000,0

0,+0


0,0

0,400

000000000000000000000000000000,400

1,0


0,0

0,		+0
