9858,4 -> 0,4

0,0

0,0


0,0

0,+0


0,0

0,400

0,0


0,0

0,+0


0,0

0,400

0000000000000000000000000000000000000000000000000000000000,400

0,0


0,0

0,+0


0,0

0,400

00000000,400

1,0


0,0

0,+0


0,0

00000000000000000000000000000000000000,400

1,0


00,0


0,0

0,+0


0,0

0,400

000000000000000000000000000000000000000000000000000,+0


0,0

0,400

00000000,400

1,0


0,0

0,+0


0,0

0000000000000000000000000000000000000000,400

1,0


00,0


0,0

0,+0


0,0

0,400

000000000000000000000000000000000000000000000000000,400

1,0


0,0

0,+0


0,0

0000000000000000000000000000000000000000,400

1,0


0,0

0,+0


0,0

0,400

0000000000000000000000000000000000000000000000000000000,400

0,0


0,0

0,+0


0,0

0,400

00000000,400

1,0


