5,1
32,0
0,1
0,1
7,1
00,0
0,0
0,2
0,5
0,2
0,0
0,2
0,5
0,2
0,0
0,1
0,1
32,1
2,1
0,1
32,1
2,1

2,1
7,1
0,1
0,1
30,1
2,1
2,1
0,1
0,1
3,1
2,1
0,1
2,1
7,1
0,1
0,1
0,0


0,0

0,0
20,0



0,1
7,1
0,1
2,1
0,12
0,0
0,2
0,5
0,2
0,0
0,1
0,1
32,1
2,1
0,1
32,1
2,1

2,1
7,1
0,1
0,1
30,1
2,1
2,1
0,1
0,1
3,1
2,1
0,11
0,1
32,1
0,1
0,1
327,2
00,0
0,0
0,0
0,0
0,0
0,0
0,2
0,5
0,2
0,0
0,2
0,5
0,2
0,0
0,1
0,1
32,1
2,1
0,1
32,1
2,1

2,1
7,1
0,1
0,1
30,1
2,1
2,1
0,1
0,1
3,1
2,1
0,1
2,1
7,1
0,1
0,1
0,0


0,0

0,0
20,0



0,1
7,1
0,1
2,1
0,1
32,1
0,1
32,1
0,1
0,1
32,038