F7
||7
|||7
||
||
||
||
||7
|||7
||F7
||7
|||7
||
||7
|||7
||7
|||7
||F7
||7
|||7
||
||7
|||7
||
||
||
||
||7
|||7
||
||
||
||7
|||7
||F7
||7
||||||7
||
||
||7
||7
|||7
||
||7
|||7
||7
|||7
||F7
||7
|||7
||
||7
|||7
||
||
||
||
||7
|||7
||
||
||
||7
|||7
||F7
||7
||||||7
||
||
||
||
||7
|||7
||F7
||7
|||7
||
||7
|||7
||7
|||7
||F7
||7
|||7
||
||7
|||7
||
||
||
||
||7
||7
||
||
||7
|||7
||
||7
|||7
||7
|||7
||F7
||7
|||7
||
||7
|||7
||
||
||
||
||7
|||7
||
||
||
||7
|||77
||
||
||
||
||7||
||
||
||7
SJ