Card 2: 9 7 5 2 1 1 6 2 0 7 4 7 90 0  2 30 6 8 5  64 7 |  0
Card 0902: 56 7 5 2 1 1 6 5 7 56 5 2 1 1 87  2 14 0 2 64 7 |  5
Card 0902: 56 7 5 2 1 1 9 1 6 7 5 2 1 1  1 5 4 0 2 64 72 |  5
Card 0902: 56 7 5 2 1 1 9 5 7 5  76 9 3 7 2 0 6 8 5 1 72 |  5
Card 02: 56 7 5 2 1 1 6 5 6 5 9 59  6 5  76 90 6 8 5 1 72 |  5
Card 902: 56 7 5 2 1 1 6 5 7 56 6 9 3 7 2 0 66 8 5 1 72 |  5
Card 902: 56 7 5 2 1 1 6 5 7 56 6 9 39 7 2 0 6 8 5 1 72 |  5
Card 0902: 56 7 5 2 1 0 6 5 5 7 56 6 9 3 7 2 0 6 8 5 1 72 |  5
Card 902: 56 7 5 2 1 1 6 5 7 56 6 9 39 3 7 2 0 6 8 5 1 72 |  5
Card 0902: 56 7 5 2 1 0 6 5 7 5 2 1 1 6 5 9 5 6  6 87 17 |  5
Card 902: 56 7 5  5 1 72 |  5
Card 902: 56 7 5 2 1 1 6 5 7 56 6 9 39 7 2 0 6 8 5 1 72 |  5
Card 0902: 56 7 5 2 1 0 6 5 5 7 56 6 9 3 7 2 0 6 8 5 1 72 |  5
Card 902: 56 7 5 2 1 1 6 5 7 56 6 9 39 3 7 2 0 6 8 5 1 72 |  5
Card 0902: 56 7 5 2 1 0 6 5 7 5 2 1 1 6 5 9 5 6  6 87 17 |  5
Card 902: 56 7 5 2 1 66 5 7 5 2  3 71 3  7 25 25 2 51 5 4 72 |  5
Card 902: 56 7 5 2  1 6 2 7 56 7 5 2 1 1 8 2 1 6 5 1 72 |  5
Card 92: 56 7 5 2 1 1 6 5 7 56 6 9 3 7 2 0 66 8 5 1 7 |  5
Card 902: 56 7 5 2 1 1 6 5 7 56 6 9 3 0 2 0 6  6 87 14 72 |  5
Card 0902: 56 7 5 2 1 1 9 5 7 5  76 9 3 7 2 0 6 8 5 1 72 |  5
Card 0902: 56 7 5 2 1 1 5 7 5 5 9 59  6 5  77 9 3 7 12   7 5 | 0