Card 25:    2    3 55  7        73  0 7   0 5 5  73  0   8  37 |  5
Card 2952: 5  37  0   8      8  37 |  5
Card 2952: 2  37  0   8  5 5  73  0 7   0 5 5  73  0   37 |  5
Card 2952:      7   0 5 5  73  0 7   0 5 5  73  0   8  37 |  5
Card 2952: 5  37  0   8      8  3 25  18        2    3 5  7 37 |  5
Card 2952: 5  37  0   8      8  37 |  5
Card 2952: 5  37  0   8   5         05  7 53  73  1    7   0 5 5  73  0 7   0 5 5  3  0   8  37 |  5
Card 2952: 5  37  0   8      8   0 5 5  73  0 7   0 5 5  73  37 |  6
Card 2952: 5  37  0   8      8  37 |  5
Card 2952: 5  37  0   8   5         05  7 53  70 5 5  73  0 7   0 5 5  73  0   8  37 |  5
Card 2952: 5  37  0   8      8  37 |  5
Card 2952: 5  37  0   37 |  5
Card 2952:      7   0 5 5  73  0 7   0 5 5  73  0   8  37 |  5
Card 2952: 5  37   3 5  7        0       7 |  5
Card 2952: 5  37           05  7 53  73  1    7   0 5 5  7 0 5 5  73  0   8  37 |  5
Card 2952: 5  37  0   8      8  37 |  5
Card 2952: 5  37  0   8 37 0 | 0