Card 0: 7  7 7 7 7 7 7 7 7 4 7 7 37  0    7 7  7 75 7 77 7 |  5
Card 29452: 5  37  0    7 7  7 75 7 7 7 7 7 7 7  7 7 7 7 7 7 7 7 77 7 |  5
Card 2909452: 5  37  0    7 7  7 75 7 7 7 7 7 7  7 7 7 7 7 7 7 7 77 7 |  5
Card 2952: 5  37 75 7 7 75 7 7 7 7 7 7  7 7 7 7 7 7 7 7 77 7 |  5
Card 29452: 5  37  0    7 7  7 75 7 7 7 7 7 7  7 7 7 7 7 7 7 7 77 7 |  5
Card 2909452: 5  37  0    7 7  7 75 7 7 7 7 7 7  7 7 7 7 7 7 7 7 77 7 |  5
Card 2909452: 5  37  0    7 75 7 7 7 7 7 7  7 7 7 7 7 7 7 7 77 7 |  5
Card 2952: 5  37 7 77 7    7 7  7 75 7 7 7 7 7 7  7 7 7 7 7 7 7 7 77 7 |  5
Card 2952: 5  37 75 7 7 75 7 7 7 7 7 7  7 7 7 7 7 7 7 7 77 7 |  5
Card 29452: 5  37  0    7 7  7 75 7 7 7 7 7 7  7 7 7 7 7 7 7 7 77 7 |  5
Card 2909452: 5  37  0    7 7  7 75 7 7 7 7 7 7  7 7 7 7 7 7 7 7 77 7 |  5
Card 2909452: 5  37  0    7 7  7 75 7 7 7 7 7 7  7 7 7 7 7 7 7 7 77 7 |  5
Card 2952: 5  37 75 7 7 75 7 7 7 7 7 7  7 7 7 7 7 7 7 7 77 7 |  5
Card 29452: 5  37  0    7 7  7 75 7 7 7 7 7 7  7 7 7 7 7 7 7 7 77 7 |  5
Card 2909452: 7 | 5
Card 2909452: 5  37  0    7 7  7 75 7 7 7 7 7 7  7 7 7 7 7 7 7 7 77 7 |  5
Card 2952: 5  37 7 7 7 7 7 7 7 7 4 7 7 3 7 7 4 1 8 6 0 | 0