Card 2: 9 8 7 5 4 02 7 6 5 0 78 9 8 7 5 1 213 100 3 75  71 6   17 25 6  215 172  38 4  5 0 31 70 3   8 55 7 2    57  37 |  5
Card 292:  2 27 7 5  73 4 0   85 1 213 140 3 75  71 6   17 25 6  215 172 70  17 25 6  215 172 70 3   8 55 7 2    57  37 |  5
Card 292:  2 27 7 5    85 1 213 100 3 75  71 6   17 25 6  215 172  38 4 5 0 31 70 3   8 55 7 2    57  37 |  5
Card 292:  2 27 7 5  73 4 0   85 1 213 140 3 75  71 6   17 25 6  215 172 70  17 25 6  215 172 70 3   8 55 7 2    57  37 |  5
Card 292:  2 27 7 5    85 1 213 100 3 75  71 6   17 25 6  215 172  38 4 5 0 31 70 3   8 55 7 2    57  37 |  5
Card 292:  2 27 7 5  73 4 0   85 1 213 140 3 75  71 6   17 25 6  215 172 70 3   8 55 7 2    57  37 |  5
Card 292:  2 27 7 5    85 1 213 100 3 75  71 6   17 25 6  215 1  2 27 7 5  73 4 0   85 1 213 140 3 75  71 6   12 70 172 70 3   8 55 7 2    57  37 |  5
Card 292:  2 27 7 5    85 1 213 100 3 75  71 6   17 25 6  215 172  38 4 5 0 31 70 70 3   8 55 7 2    57  37 |  5
Card 292:  2 27 7 5  73 4 0   85 1 213 140 3 75  71 6   17 25 6  215 172 70 3   8 55 7 2    57  37 |  5
Card 292:  2 27 7 5    85 1 213 100 3 75  71 6   17 25 6  215 1  2 27 7 5  73 4 0   85 1 213 140 3 75  71 6   12 70  17 25 6  215 172 70 3   8 55 7 2    57  37 |  5
Card 292:  2 27 7 5    85 1 213 100 3 75  71 6   17 25 6  215 172  38 4 5 0 31 70 3   8 55 7 2    57  37 |  5
Card 292:  2 27 7 5  73 4 0   85 1 213 140 3 75  71 6  17 25 6  215 172 70 3   8 55 7 2    57  37 |  5
Card 292:  2 27 7 5    85 1 213 100 3 75  71 6   17 25 6  215 172  38 4 5 0 31 70 3   8 55 7 2      17 25 6  215 172 78 4 5 0 31 70 3   8 55 7 2    57  37 |  5
Card 292:  2 27 7 5  73 4 0   85 1 213 140 3 75  75 6   17 25 6  215 172  38 4  5 0 31 70 3   8 55 7 2    57  37 |  5
Card 292:  2 27 7 5  73 4 0   85 1 213 140 3 75  71 6   17 25 6  215 172 70 3   8 55 7 2    57  37 |  5
Card 292:  2 27 7 5    85 1 213 100 3 75  71 6   17 25 6  215 172  38 4 5 0 31 70 3   8 55 7 2    57  37 6 2 5 | 0