Card 2: 1 | 0 7 7 8    0 7 7 8  7 7 7  7 7 77 7 85 17
Card 30:  7 |   7 7 76 7 7  77 7 7 7 7 7  7  7 7 77 85 17
Card 15:  7 |   7 7 76 7 7  77 7 7 7 7 7  7 9 8 7 7 7 7 7  7 77  0 7 7 7 7 77  7 7 77 7 75 17
Card 30:  7 |   7 7 76 8 77 7 7 7 7  7 7 7  7 7 76 7 7  77 7 7 7 7  7 7 7 7 77  7 7 07 7 75 17
Card 30:  7 |   7 7 76 7 7  77 7 7 7 7 77  7 7 77 7 75 17
Card 35:  7 |   7 7 7 7 8 8 7 7 7 7 7 77 87 77 7 75 17
Card 30:  6 |   7 7 76 7 7  77 7 7 7 7 77  7 7 77 7 75 17
Card 35:  7 |   7 7 7 7 8 8 7 7 7 7 77  7 7 77 7 75 17
Card 30:  7 |   7 7 76 7 7 77 7 7 7 7 7 7 77  7 7 7 17
Card 30:  7 |  7 76 7 7  76 7 7  77 7 77 7 7 7 77  7 7 7 17
Card 30:  7 |  7 77 7 7  77 7  7 7 7 7 77  7 7 07 7 75 17
Card 30:  7 |   7 7 76 7 7  77 7 7 7 7 77  7 7 77 7 75 17
Card 35:  7 |   7 8 7 7 8 8 7 7 7 7 7 77 7 77 7 75 17
Card 30:  7 |   7 7 76 7 7  77 7 7  7 7 7 7 77  7 7 7 17
Card 30:  7 |  7 76 7 7  77 7 7 7 7 7  7 7 7 7 7 7 0 0