Card 0: 8 7 7 7 7 0 50 | 5
Card 2: 6 0 7 5 2   57  67 |  5
Card 292:  5  76 9 33  71  7 8 8 7 76 1 0 | 5
Card 2: 8  7 215 12 70 6 55  5  37 |  5
Card 9:  23 71 17 211 9 38 48 07 7 7 4 75 1 13 11 3 71 6 16 26 215 12 70 7 55  5  37 |  5
Card 9:  24 100 71 17 2 6  11 1 38  7 7 0 8 55  5  37 |  5
Card 9:  24 100 71 17 2 6  118 45  07 4 70 | 5
Card 2: 9 8 77  7 7 7 2 21  66  11 1 38 7 |  5
Card 291:  2 5  76 9 33  71  7 8 73 8 7 0 | 5
Card 3:  7 7 3 7 7 7 7 7 5 2 0 1 6 5 9 59  1 60 7 5 2 1 1 7 8 0 | 5 2 1 1 7 5 7 5 2 2 1 6 5 7 2 1 1 6 5 7 5 23 7 1 6 5 7 4 8 7 3 7 6 9 71 0 6 5 7 9 3 7 1 6 6 7 8 67 32 1 7 5 2 6 5 4  02  7 5 2 1 6 5 1 1 1 6 5 2 6 5
Card 02: 56 7 5 2 1 1 6 5 7   57  37 |  5
Card 292:  2 5  76 94 0 27 7 6 7 8 | 5