Card 6: 1 6  5 5 17 237   37 |  6
Card 2952: 27 75  74 0 6  5 17 25  73 4 0   85  8 15 50  37 |  5
Card 2952: 27 75  74 0  17 20  73 4 08 15 50  37   74 |  6
Card 2952: 27 75  74 0 6  5 17 25  73 4 0   85  2   8 15 5 6  5 5 17 237   37 |  6
Card 2952: 27 75  74 0 6  5 17 25  73 4 0   85  8 15 50  37 |  5
Card 2952: 27 75  74 0  17 20  73 4 08 15 50  37   37 |  6
Card 2952: 27 75  74 0 6  5 17 25  73 4 0   85  2   8 15 50  37 |  5
Card 2952: 27 75  74 0 6  5 17 25  73 4 0   85  2  8 15 50  37 |  5
Card 2952: 27 75  74 0 6  5 17 25  73 4 0   85  20  37 |  5
Card 2952: 27   5 17 25  73 4 0   85  22   8 15 50  37 |  5
Card 2952: 27  73 4 0   85  2   8 15 5 6  5 5 17 237   37 |  6
Card 2952: 27 75  74 0 6  5 17 25  73 4 0   85  8 15 50  37 |  5
Card 2952: 27 75  74 0  17 20  73 4 08 15 50  37   37 |  6
Card 2952: 27 75  74 0 6  5 17 25  73 4 0   85  2   8 15 50  37 |  5
Card 2952: 27 75  74 0 6  5 17 25  73 4 0   85  22   8 15 50  37 |  5
Card 2952: 27 75  74 0 6  5 17 25  73 4 0   85  20  37 |  5
Card 2952: 27 75  74 0 6  5 17 25  73 4 0 17 237   37 |  6
Card 2952: 27 75  74 0 6  5 17 25  73 4 0   85  8 15 50  37 |  5
Card 2952: 27 75  74 0  17 20  73 4 08 15 50  37   74 |  6
Card 2952: 27 75  74 0 6  5 17 25  73 4 0   85  2   8 15 5 6  5 5 17 237   37 |  6
Card 2952: 27 75  74 0 6  5 17 25  73 4 0   85  8 15 50  37 |  5
Card 2952: 27 75  74 0  17 20  73 4 08 15 50  37   37 |  6
Card 2952: 27 75  74 0 6  5 17 25  73 4 0   85  2   8 15 50  37 |  5
Card 2952: 27 75  74 0 6  5 17 25  73 4 0   85  2  8 15 50  37 |  5
Card 2952: 27 75  74 0 6  5 17 25  73 4 0   85  20  37 |  5
Card 2952: 27   5 17 25  73 4 0   85  22   8 15 50  37 |  5
Card 2952: 27  73 4 0   85  2   8 15 5 6  5 5 17 237   37 |  6
Card 2952: 27 75  74 0 6  5 17 25  73 4 0   85  8 15 50  37 |  5
Card 2952: 27 75  74 0  17 20  73 4 08 15 50  37   37 |  6
Card 2952: 27 75  74 0 6  5 17 25  73 4 0   85  2   8 15 50  37 |  5
Card 2952: 27 75  74 0 6  5 17 25  73 4 0   85  22   8 15 50  37 |  5
Card 2952: 27 75  74 0 6  5 17 25  73 4 0   85  20  37 |  5
Card 2952: 27 75  74 0 6  5 17 25   85  22  75  74 0 6  5 17 25  73 4 0   85  2 |   0À