Card 6: 1 38 4  8 55 7 2    57  37 |  5
Card 292:  2 27 7 5    85 1 213 100 3 75  71 6   17 25 6  215 172  38 4  5 0 31 70 3   8 55 7 2    57  37 |  5
Card 292:  2 27 7 5  73 4 0   85 1 213 140 3 75  71 6   17 25 6  215 172 70  17 25 6  215 172 70 3   8 55 7 2    57  37 |  5
Card 292:  2 27 7 5    85 1 213 100 3 75  71 6   17 25 6  215 172  38 4 5 0 31 70 3   8 55 7 2    57  37 |  5
Card 292:  2 27 7 5  5 04 5 0 31 70 3   8 55 7 2    57  37 |  5
Card 292:  2 27 7 5  73 4 0   85 1 213 140 3 75  71 6   17 25 6  215 172  38 4 5 0 31 70 3   8 55 7 2    57  8 55 7 2    57  37 |  5
Card 292:  2 27 7 5    85 1 213 100 3 75  71 6   17 25 6  215 172  38 4  5 0 31 70 3   8 55 7 2    57  37 |  5
Card 292:  2 27 7 5  73 4 0   85 1 213 140 3 75  71 6   17 25 6  215 172 70 3   8 55 7 2    57  37 |  5
Card 292:  2 27 7 5    85 1 213 100 3 75  71 6   17 25 6  215 172  38 4 5 0 31 70 3   8 55 7 2    57  37 |  5
Card 292:  2 27 7 5  5 04 5 0 31 70 3   8 55 7 2    57  37 |  5
Card 292:  2 27 7 5  73 4 0   85 1 213 140 3 75  71 6   17 25 6  215 172  38 4 5 0 31 70 3   8 55 7 2    57  37 |  5
Card 292:  2 27 7 5    85 1 213 100 3 75  71 7 3   8 55 7 2    57  37 |  5
Card 292:  2 27 7 5  73 4 0   85 1 213 140 3 75  172  213 140 3 75  71 6   17 25 6  215 172 78 4 5 0 31 70 3   8 55 7 2    57  37 |  5
Card 292:  2 27 7 5  73 4 0   85 1 213 140 3 75  75 6   17 25 6  215 172  38 4  5 0 31 70 3   8 55 7 2    57  37 |  5
Card 292:  2 27 7 5  73 4 0   85 1 213 140 3 75  71 6   17 25 6  215 172 70 3   8 55 7 2    57  37 |  5
Card 292:  2 27 7 5    85 1 213 100 3 75  71 6   17 25 6  215 172  38 4 5 0 31 70 3   8 55 7 2    57  37 |  5
Card 292:  2  37 |  5
Card 292:  2 27 7 5    85 1 213 100 3 75  71 1 70 3   8 55 7 2    57  37 |  5
Card 292:  2 27 7 5  73 4 0   85 1 213 140 3 75  172  213 140 3 75  71 6   17 25 6  215 172 78 4 5 0 31 70 3   8 53   8 55 7 2    57  37 |  5
Card 292:  2 27 7 5    85 1 213 100 3 75  71 6   17 25 6  215 172  38 4 5 0 31 70 3   8 55 7 2    57  37 |  5
Card 292:  2 27 7 5  5 04 5 0 31 70 3   8 55 7 2    57  37 |  5
Card 292:  2 27 7 5  73 4 0   85 1 213 140 3 75  71 6   17 25 6  215 172  38 4 5 0 31 70 3   8 55 7 2    57  8 55 7 2    57  37 |  5
Card 292:  2 27 7 5    85 1 213 100 3 75  71 6   17 25 6  215 172  38 4  5 0 31 70 3   8 55 7 2    57  37 |  5
Card 292:  2 27 7 5  73 4 0   85 1 213 140 3 75  71 6   17 25 6  215 172 70 3   8 55 7 2    57  37 |  5
Card 292:  2 27 7 5    85 1 213 100 3 75  71 6   17 25 6  215 172  38 4 5 0 31 70 3   8 55 7 2    57  37 |  5
Card 292:  2 27 7 5  5 04 5 0 31 70 3   8 55 7 2    57  37 |  5
Card 292:  2 27 7 5  73 4 0   85 1 213 140 3 75  71 6   17 25 6  215 172  38 4 5 0 31 70 3   8 55 7 2    57  37 |  5
Card 292:  2 27 7 5    85 1 213 100 3 75  71 7 3   8 55 7 2    57  37 |  5
Card 292:  2 27 7 5  73 4 0   85 1 213 140 3 75  172  213 140 3 75  71 6   17 25 6  215 172 78 4 5 0 31 70 3   8 55 7 2    57  37 |  5
Card 292:  2 27 7 5  73 4 0   85 1 213 140 3 75  75 6   17 25 6  215 172  38 4  5 0 31 70 3   8 55 7 2    57  37 |  5
Card 292:  2 27 7 5  73 4 0   85 1 213 140 3 75  71 6   17 25 6  215 172 70 3   8 55 7 2    57  37 |  5
Card 292:  2 27 7 5    85 1 213 100 3 75  71 6   17 25 6  215 172  38 4 5 0 31 70 3   8 55 7 2    57  37 |  5
Card 292:  2  37 |  5
Card 292:  2 27 7 5    85 1 213 100 3 75  71 1 70 3   8 55 7 2    57  37 |  5
Card 292:  2 27 7 5  73 4 0   85 1 213 140 3 75  172  213 140 3 75  71 6   17 25 6  215 172 78 4 5 0 31 70 3   8 55 7 2    57  37 |  5
Card 292:  2 27 7 5  73 4 0   85 1 213 140 3 75  75 6   17 25 6  215 172  38 4  5 0 31 70 3   8 55 7 2    57  37 |  5
Card 292:  2 27 7 5  73 4 0   85 1 213 140 3 75  71 6   17 25 6  215 172 70 3   8 55 7 2    57  37 |  5
Card 292:  2 27 7 5    85 1 213 100 3 75  71 6   17 25 6  215 172  38 4 5 0 31 70 3   8 55 7 2    57  37 |  5
Card 292:  2 27 7 5  73 4 0   85 1 213 140 3 75  75 0 31 70 3   8 55 7 2    57  37 |  5
Card 292: 4 0   85 1 213 140 3 75  71 6   17 25 |   0À