Card 2: 9 8 6 5 4 0 7 7 8  3 89 66 9 6 5 4 0 7 6 0 7 |  5
Card 2952: 9 6 7 3 9 0 7 5 2 1 0 7 7 7 7 8 1 7 5 2 10 |  5
Card 29: 5 4 39 7 9 6  8 3 7 9 0 6 5 2 1 01 7 5 2 1 0 |  5
Card 29: 5 4 03 7 9 0 7 5 2 1 0 7 7 7 7 8 0 7 5 2 1 0 |  5
Card 29: 5 4 3 7 9  7 9 0 0 7 5 2 1 0 7 7 7 77 5 2 10 |  5
Card 29: 5 4 39 7 9 6  8 3 7 9 0 7 5 2 1 01 7 5 2 1 0 |  5
Card 29: 5 4 03 7 9 6  8 39 0 7 5 2 1 0 7 7 7  7 5 2 1 0 |  5
Card 29: 5 4 3 7 9  7 9 0 7 1 0 7 7 7 7 8 0 7 5 2 1 0 |  4
Card 29: 5 4 3 7  6  8 9 3 7 9 6 5 4 8 9 3 70 7 7    1 0 |  5
Card 29: 4 3 8 9 6  8 8 3 7 9 6 7 3 7 9 0 7 5 5 2 1 0 |  5
Card 29: 5 4 3 7 9 6  5 4 8 9 3 7 2 1 0 7 7 7  2 1 0 |  5
Card 29: 5 4 3 9 6 6 5 7 1 0 7 7 7 7 8 0 7 5 2 1 0 |  4
Card 29: 5 4 3 7 9 6 8 9 3 7 9 6 5 4 8 9 3 70 7  2 1 0 |  5
Card 29: 5 4 3 8 9 6  8 8 3 7 9 6 7 3 7 9 0 7 5 5 2 1 0 |  5
Card 29: 5 4 3 7 9 6  5 4 8 9 3 7 2 1 0 7 7 7  2 1 0 |  5
Card 29: 5 4 3 7 9 6  8 7 99 66 9 6 54 057 34 0 0 7 7 6 7 | 0