Card 0: 7 7 7 7 7 7   7 7 7 7 7 7 7 7 7 7 7 7 8   7 0 | 5
Card 2: 7 7 7 7   7  7 7 7   7 7 7 7 7 7 7 7 7 7 77 7 0 | 5
Card 2: 7 7 7  7 7 7   7 7 7 7 7 7 7 7 7 7 7 7 8   7 0 | 5
Card 4: 7 7 7 7 7 7   7 7 7   7 7 7 7 7 7 7 7 7 7 77 7 0 | 5
Card 2: 7 7 7 7 7  7 7 7 7 7 7 7 7 7  7 7    7 7 8   7 0 | 5
Card 2: 7 7 7 7   7   7 7 7   7 7 7 7 7 7 7 7 7 7 77 7 0 | 5
Card 2: 7 7 7  7 7 7   7 7 7 7 7 7 7 7 7 7 7 7 8   7 0 | 5
Card 4: 7 7 7 7 7   7 7 7   7 7 7 7 7 7 7 7 7 7 77 7 0 | 5
Card 2: 7 7 7 7 7   7   7  7   7 7 7 7 7 7 7 7 7 7 77 7 0 | 5
Card 2: 7 7 7 7 7  7 7 7 7 7 7 7 7 7  7 7    7 7 8   7 0 | 5
Card 2: 7 7 7 7   7   7 7 7   7 7 7 7 7 7 7 7 7 7 77 7 0 | 5
Card 2: 7 7 7  7 7 7   7 7 7 7 7 7 7 7 7 7 7 7 8   7 0 | 5
Card 4: 7 7 7 7 7 7   7 7 7   7 7 7 7 7 7 7 7 7 7 77 7 0 | 5
Card 2: 7 7 7 7 7  7 7 7 7 7 7 7   7 7 7 7 7 7 7   6 0 | 5
Card 2: 7 7 7 7 7  7 7 7 7 7 7 7 7 7  7 7 7 7 8   7 0 | 5
Card 2: 7 7 7   7 7 7   7 7 7 7 7 7 7 7 7 7 7 7 8   7 0 | 5
Card 2: 7   7 | 5