Card 725:    7   02 5  7 77 |  5
Card 2952:  5 7 |  5
Card 2952:  5 7 |  5
Card 2952:  250 7           5 |  5
Card 2952:  57   02 5  7 77 |  5
Card 2952:  5 7 |  5
Card 2952:  5 7 |  5
Card 2952:  250 7   0  8 7 |  5
Card 2952:  5  7         0    8 7 |  5
Card 2952:  5  7   0        0  5  7 5  7      8 7 |  5
Card 2952:  5  7    0  5  7 5  7      8 7 |  5
Card 2952:  5  7 8 7 |  5
Card 2952:  5  7             0    8 7 |  5
Card 2952:  5  7   0         8 7 |  5
Card 2952:  5  7    0  5  7 5  7      8 7 |  5
Card 2952:  5  7 5  7      8 7 |  5
Card 2952:  5  7         0    8 7 |  5
Card 2952:  5  7   0        0  5  7 5  7      8 7 |  5
Card 2952:  5  7    0  5  7 5  7      8 7 |  5
Card 2952:  5  7 8 7 |  5
Card 2952:  5  7             0    8 7 |  5
Card 2952:  5  7   0         8 7 |  5
Card 2952:  5  7    0  5  7 5  7      8 7 |  5
Card 2952:  5  7         0    0  5  7 5  7      8 7 |  5
Card 2952:  5  7         0   5  7 5  7     6 7 5  70        0 |  5
Card 2952:  5  7         5  7 5  7      8 7 |  5
Card 2952:  5  7    0  5  7 5  7      8 7 |  5
Card 2952:  5  7         0    0  5  7  7      8 7 |  5
Card 2952:  5  7         0    8 7 |  5
Card 2952:  5  7   0        0  5  7 5  7      8 7 |  5
Card 2952:  5  7    0  5  7 5  7      8 7 |  5
Card 2952:  5  7 8 7 |  5
Card 2952:  5  7             0    8 7 |  5
Card 2952:  5  7   0         8 7 |  5
Card 2952:  5  7    0  5  7 5  7      8 7 |  5
Card 2952:  5  7         0    0  5  7 5  7      8 7 |  5
Card 2952:  5  7         0   5  7 5  7     6 7 5  70        0 |  5
Card 2952:  5  7         5  7 5  7      8 7 |  5
Card 2952:  5  7    0  5  7 5  7      8 7 |  5
Card 2952:  5  7         0    0  5  7 5  7      8 7 |  5
Card 2952:  5  7  7 5  7      8 7 |  5
Card 2952:  5 7 |  5
Card 2952:  5  7         0    0  5  7 5  7      8 7 |  5
Card 2952:  5  7         0 5  7      8 7 |  5
Card 2952:  5  7  7 5  7      8 7 |  5
Card 2952:  5  7    0  5  7 5  7      8 7 |  5
Card 2952:  5  7    7         0    0  5  7 5  7      8 7 |  5
Card 2952:  5  7         0   5  7 5  7     6 7 5  70        0 |  5
Card 2952:  5  7         5  7 5  7      8 7 |  5
Card 2952:  5  7    0  5  7 5  7      8 7 |  5
Card 2952:  5  7         0    0  5  7 5  7      8 7 |  5
Card 2952:  5  7  7 5  7      8 7 |  5
Card 2952:  5  7    0  5  7 5  7      8 7 |  5
Card 2952:  5  7         0    0  5  7 5  7      8 7 |  5
Card 2952:  5  7         0 5  7      8 7 |  5
Card 2952:  5  7  2 5  7 7 |  5
Card 2952:            5 7 |  5
Card 2952:  5 7 |  5
Card 2952:  5 7 |  5
Card 2952:  5 7 |  5
Card 2952:  5    7 0  7 |  5
Card 22:  5 7 |  5
Card 2952:  5 7 |  5
Card 2952:  5    7 0 |  0À