Card 25: 1 75  7         0 0  5  7 5  73  0            0     0   8   5 17 2 7            0  5  7 53  73  0   8   5 17 2    2 6 5     0 73  0  7 2    2 5  7    0     02 5  7    0 7 0 3   8 5  12  7    2 5  7    0     0        02 5  7    0 7 0 3   8    157 2    50  37 |  5
Card 2952: 5  37  0   8   5 17 2 7    5  0  5  7 5  73  0   8 8        1       1    7   0 5 5  73  0 7   0 5 5  73  0   8  37 |  5
Card 2952: 5  37  0   8   5 17 2 7         0  5  7 53  73  0   8   5 17 2    2 6 5     0 73  0  7 2    2 5  7    0     02 5  7    0 7 0 3   8    157 2    50  37 |  5
Card 2952: 5  37  0   8   5 17 2 7         0  5  7 53  73  0   8   6 17 2    2 6 5     0 73     8    157 2    50  37 |  5
Card 2952: 5  37  0   8   5 17 2 7         0  5  7 53  73  0   8   5 17 2    2 6 5     0 73  0  7 2    2 5     0  7   0 5 5  73  0 7   0 5 5  73  0   8  37 |  5
Card 2952: 5  37  0   8   5 17 2 7         0  5  7 53  73  0   8   5 17 2    2 6 5     0 73  0  7 2    2 5  7    0     02 5  7    0 7 0 3   8    157 2    50  37 |  5
Card 2952: 5  37  0   8   5 17 2 7    5  0  5  7 5  73  0   8 8        1       1    7   0 5 5  73  0 7   0 5 5  73  0   8  37 |  5
Card 2952: 5  37  0   8   5 17 2 7         0  5  7 53  73  0   8   5 17 2    2 6 5     0 73  0  7 2    2 5  7    0     02 5  7    0 7 0 3   8    157 2    50  37 |  5
Card 2952: 5  37  0   8   5 17 2 7         0  5  7 53  73  0   8   6 17 2    2 6 5     0 73     8    157 2    50  37 |  5
Card 2952: 5  37  0   8   5 17 2 7         0  5  7 53  73  0   8   5 17 2    2 6 5     0 73  0  7 2    2 5  7    0     02 5  7    0 7 0 3   8 5  12  7    2 5  7    0     0      0  7   0 5 5  73  0 7   0 5 5  73  0   8  37 |  5
Card 2952: 5  37  0   8   5 17 2 7         0  5  7 53  73  0   8   5 17 2    2 6 5     0 73  0  7 2    2 5  7    0     02 5  7    0 7 0 3   8    157 2    50  37 |  5
Card 2952: 5  37  0   8   5 17 2 7         0  5  7 53  73  0   8   6 17 2    2 6 5     0 73     8    1      0  5  7 53  73  0   8   6 17 2    2 6 5     0 73     8    157 2    50  37 |  5
Card 2952: 5  37  0   8   5 17 2 7         0  5  7 53  73  0   8   5 17 2    2 6 5     0 73  0  7 2    2 5  7        02 5  7    0 7 0 3   8 5  12  7    2 5  7    0     0      0 | 0 0À