Card 6: 1 6  215 1  7 0 3   8  158 2        157 2    50  37 |  5
Card 2952: 5  77   77 17 25  73 4 0   85 1  30 51  37 |  5
Card 2902: 5  37   77 0 3  50  37 |  5
Card 2902: 5  37 0 3 50  37 |  5
Card 2952: 37 2    50    50  37 |  5
Card 2952: 5  8    157 2  0 51  37 |  5
Card 2902: 5  37   77 0 3  50  37 |  5
Card 2902: 5  37  77 0 3   158 2        157 2    50  37 |  5
Card 2952: 5  77 0 3   37 |  5
Card 2952: 37 2    50    50  37 |  5
Card 2952: 5  8    157 2  0 51  37 |  5
Card 2902: 5  37   77 0 3  50  37 |  5
Card 9187: 5  37  77 0 3 50  37 |  5
Card 295: 74 7 5  73 4 17 25 |   07À