Card 2: 9 7 5 2 1 1 6 5 8 55 7 2    57  37 |  5
Card 292:  2 27 7 5  73 4 0   85 1 213 140 3 75  71 6   1  8 55 7 2    57  37 |  5
Card 292:  2 26 7 5   2 27 7 50   85 1  17 25 38 4 5 0 31 70 3   8 55 7 2    57  37 |  5
Card 292:  2 27 7 5  73 4 0   85 1 213 140 3  6 5 7 6 5 2 1 1 6 5 7 6 9 3 7 9    8 55 7 2    57  37 |  5
Card 292:  2 27 7 5  73 4 0   85 1 213 140 3 75  71 6   1  8 55 7 2    57  37 |  5
Card 292:  2 26 7 5   2 27 7 50   85 1  17 25 38 4 5 0 31 70 3   8 55 7 2    57  37 |  5
Card 292:  2 27 7 5  73 4 0   85 1 213 140 3 75  75 0 31 70 3   8 55 7 2    57  37 |  5
Card 292:  2 27 7 5  73 4 0   85 1 213 140 3 75  71 6   1  8 55 7    57  37 |  5
Card 292:  2 27 73  1  17 25 38 4 5 0 31 70 3   8 55 7 2    57  37 |  5
Card 292:  2 27 7 5  73 4 0   85 1 213 140 3 75  75 0 31 70 3   8 55 7 2    57  37 |  5
Card 292:  2 27 7 5  73 4 0   85 1 213 140 3 75  71 6   1  8 55 7 2    57  37 |  5
Card 292:  2 27 7 5   2 27 7 50   85 1  17 25 38 4 5 0 31 70 3 75  75 0 31 70 3   8 55 7 2     37 |  5
Card 292:  2 27 7 5  73 4 0   85 1 213 140 3 75  71 6   1  8 55 7 2    57  37 |  5
Card 292:  2 27 73 4 0   85 1 213 1  17 25 38 4 5 0 31 70 3   8 55 7 2    57  37 |  5
Card 292:  2 27 7 5  73 4 0   85 1 213 140 3 75  75 0 31 70 3      57  37 |  5
Card 292:  2 27 7 5  73 4 0   85 1 213 140 3 75  71 6   1  8 55 7 2    57  37 |  5
Card 292:  2 27 7 5   2 27 7 50   85 1  17 25 38 4 5 0 31 70 3   8 56 5 4 0 | 0