Card 6: 116 77 0  2 7 5  5 4 5 2 6 8 3 7  14 3 22 26 17 2 3 4 0 6 8 5 5 2  5 4 0 2 64 8 7 3 7 6 0 7 5 2 2 1 6 5 7 5 2 1  14 3 22 26 17 2 3 4 0 6 7 53 50 5    37 |  5
Card 0902: 56 7 5 2 1 1 6 5 7 5 2 1 1 6 5 9 59  6 5  76 9 33 7 9 0 6 5 4 0 0 7 5 2  5 4 0 2 64 8 8 3 7 6 0 7 5 2 1 1 6 5 7 5 2 1  14 3 22 26 17 2 3 4 0 6 7 53 5 53  37 |  5
Card 0902: 56 7 6 2 1 1 6 5 7 5 2 1 1 6 5 9 59  6 5  76 9 33 7 9 0 6 5 4 0 0 7 5 2  5 4 0 2 64 8 7 3 7 6 0 7 5 2 1 1 6 5 7 5 2 1  14 3 22 26 17 2 3 4 0 6 7 53 56 8 |  5
Card 0902: 56 7 5 2 1 1 6 5 7 5 2 1 1 6 5 9 59  6 5  76 9 33 7 9 0 6 5 4 0 0 7 5 2  5 4 0 2 64 8 7 3 7 6 0 7 5 2 1 1 6 5 7 5 2 1  14 3 22 26 17 2 3 4 0 6 7 53 5 53  37 |  5
Card 0902: 56 7 5 2 1 1 6 5 7 5 2 1 1 6 5 9 59 6 5  76 9 33 7 9 0 6 5 4 0 0 7 5 2  5 4 0 2 64 8 7 3 7 6 0 7 5 2 1 1 6 5 7 5 2 1  14 33 22 26 17 2 3 4 0 67  53 50 5   2  37 |  5
Card 0902: 56 7 5 2 1 1 6 5 7 5 2 1 1 6 5 95 5 9 6   76 9 33 7 9 0 6 5 4 0 0 7 5 2  5 4 0 2 64 8 7 3 7 6 0 7 5 2 1 1 6 5 7 5 2 1  14 3 22 26 17 2 3 4 0 6 7 53 50 5    37 |  5
Card 0902: 56 7 5 2 1 1 6 5 7 5 2 1 1 6 5 9 59  6 5  76 9 33 7 9 0 6 5 4 0 0 7 5 2  5 4 0 2 64 8 8 3 7 6 0 7 5 2 1 1 6 5 7 5 2 1  14 3 22 26 17 2 3 4 0 6 7 53 5 53  37 |  5
Card 902: 56 7 5 2 1 1 6 5 7 5 2 1 1 6 5 9 18  6 5  76 9 33 7 9 0 6 5 4 0 0 7 5 2  5 4 0 2 64 8 8 3 7 6 0 7 5 2 1 1 6 5 7 5 2 1  14 3 22 26 17 2 3 4 0 6 7 53 5 53  37 |  5
Card 0902: 56 7 5 2 1 1 6 5 7 5 2 1 1 6 5 9 59  6 5  76 9 33 7 9 0 6 5 4 0 0 7 5 2  5 4 0 2 64 8 7 3 7 6 0 7 5 2 1 1 6 5 7 5 2 1  14 3 22 26 17 2 3 4 0 6 7 53 50 5  37 |  5
Card 0902: 56  7 5 2 1 1 6 5 7 5 2 1 1 6 5 9 18  6 54 76 9 33 7 9 0 6 5 4 0 0 7 5 2  5 4 0 2 64 8 7 3 7 6 0 7 5 2 1 1 6 5 7 5 2 1  14 3 22 26 17 2 3 4 0 6 7 53 50 5    37 |  5
Card 0902: 56 7 5 2 1 1 6 5 7 5 2 1 1 6 5 9 59  6 5  76 9 33 7 9 0 6 5 4 0 0 7 5 2  5 4 0 2 64 8 8 3 7 6 0 7 5 2 1 1 6 5  7 5 2 1   14 3 22 26 7 2 3 4 0 6 7 53 50 7 |  0À