Card 1:  5  7 5  7      8 7 |  5
Card 2952:  5 |  5
Card 2957:  5  7    0  5  7 5  7        7 |  5
Card 2952:  5      8 7 |  5
Card 2952:  5  7   0   7 |  5
Card 2952:  5  7 8 7 |  5
Card 2952:  5  7             0    8 7 |  5
Card 2952:  5  7   0  7 |  5
Card 2952:   8 7 |  5
Card 2952:  5 |  5
Card 2957:  05  7    0  5  7 5  7        7 |  5
Card 2926:  5      8 7 |  5
Card 2952:  5  7   0   8 7 |  5
Card 2952:  5  7 8 7 |  5
Card 2952:  5  7             0    8 7 |  5
Card 2953:  5  7   0  7 |  5
Card 295:  5 |  5
Card 2957:  5  7    0  5  7 5  7        7 |  5
Card 292:  5      8 7 |  5
Card 2952:  5  7   0   7 |  5
Card 2952:  5  7 8 7 |  5
Card 2952:  5  7             0    8 7 |  5
Card 2952:  5  7   0  7 | 5
Card 2952:   8 7 |  5
Card 2952:  5 |  5
Card 2957:   5  7 5  7  7 |  5
Card 2952:  5 |  5
Card 2957:   5  7 5  7        7 |  5
Card 2926:  5      8 7 |  5
Card 2952:  5  7   0   8 7 |  5
Card 2952:  5  7 8 7 |  5
Card 2952:  5  7             0    8 7 |  5
Card 2953:  5  7   0  7 |  5
Card 2952:  5      7 7 |  5
Card 2952:  5  7  7  5 0 | 2