Card 21: 5  7 5  7      4 5  70      5    0  7 5  7       7  8 7 |  5
Card 22:  56 7              0 5  7  50 77 |  5
Card 2952:  56 7         0  0 0  7 7 5   7 3    7 5  7      8 7 |  5
Card 2952:  56 7         0 5  7  50 77 |  5
Card 2952:  56 7     5 5 5    0  0 0 0  0 7      7 8  7 37 |  5
Card 2952:  56 7         0    0     7 37 |  5
Card 2952: 72 5  7 37    77 |  5
Card 2952:  56 7       0  0 0  7 7 5   7 3    7 5  7      8 7 |  5
Card 2952:  56 7         0 5  7  50 77 |  5
Card 2952:  56 7   6    7 5  7  7 |  5
Card 2952:  56 7         0    050 7        7 37 |  5
Card 2952: 7        0    040 |     0 ¼0|   