Card 6: 116 77 0  2 7 5  5 4 0 2 6 8 3 7 1 6 5 7 66 5 7 5 2 1  14 3 22 26 17 2 3 4 0 6 8 5 1 7  6 8 7 3 1 6 0 7 5 2  5 4 0 2 64 8 7 3 7 6 0 7 5 2 11  6 5 7 5 2 1 6 81 6 5 7 6 8 7  2 1 6 81 6 5 7 6 8  7 2 9 53 50   37 |  5
Card 09002: 56 7 5 2 1 1 6 5 7 5 2 0 1 6 5 9 59  6 5  76 9 33 7 9 0 6 5 4 0 0 7 5 2  5 4 0 2 64 8 7 3 7 6 0 7 5 2 1 1 6 5 7 5 2 1  14 3 22 26 17 2 3 4 0 6 7 53 50   37 |  5
Card 0902: 56 7 5 5  5 4 0 2 6 8 3 7 1 6 5 7 2 8 7 3 2 6 5 7 6 8 1 1 6 5 6 9 3 7 1 5 4 0 2 64 7 3 71 3  7 25 2  5 3 7 6 0 7 2 11  6 5 6  77 7 3 2 9 53 50   37 |  5
Card 0902: 56 7 5 2 1 1 6 5 7 5 2 1 1 6 5 9 59  6 5  76 9 33 7 9 0 6 5 4 0 0 7 5 2  5 4 0 2 64 8 7 3 7 6 0 7 5 2 1 1 6 5 7 5 2 1  14 3 22 26 17 2 3 4 0 6 7 53 50   37 |  5
Card 0902: 56 7 5 5  5 4 0 2 6 8 3 7 1 6 5 7 2 8 7 3 2 6 5 7 9 33 7 9 0 6 5 4 0 0 7 5 2  5 4 0 2 64 8 7 3 7 6 0 7 5 2 1 1 6 5 7 5 2 1  14 3 22 26 17 2 3 4 0 6 7 53 50   37 |  5
Card 09022: 56 7 5 2 1 1 6 5 7 5 2 0 1 6 5 9 59  6 5  76 9 33 7 9 0 6 5 4 0 0 7 5 2  5 4 0 2 64 8 7 3 7 6 0 7 5 2 1 1 6 5 7 5 2 1  14 3 22 26 17 2 3 4 0 6 7 53 50   37 |  5
Card 0902: 56 7 5 5  5 4 0 2 6 8 3 7 1 6 5 7 2 8 7 3 2 6 5 7 6 8 1 1 6 5 6 9 3 7 1 5 4 0 2 64 7 3 71 3  7 25 2  5 3 7 6 0 7 5 2 11  6 5 6  77 7 3 2 98 7 3 77 7 2 9 53 50   37 |  5
Card 09002: 56 7 5 2 1 1 6 5 7 5 2 0 1 6 5 9 59  6 5  76 9 33 7 9 0 6 5 4 0 0 7 5 2  5 4 0 2 64 8 7 3 7 6 0 7 5 2 1 2 6 5 7 5 2 1  14 3 22 26 17 2 3 4 0 6 7 53 50   37 |  5
Card 0902: 56 7 5 5  5 4 0 2 6 8 3 7 1 6 5 7 2 8 7 3 2 6 5 7 6 8 1 1 6 5 6 9 3 7 1 5 4 0 2 64 7 3 71 3  7 25 2  5 3 7 6 0 7 5 2 11  6 5 67 3 2 9 53 50   37 |  5
Card 0902: 56 5 2 1 1 6 5 9 59 3 50   37 |  5
Card 0902: 56 7 5 2 1 1 6 5 7 5 2 1 1 6 5 9 59  6 5  76 9 33 7 9 0 6 5 4 0 0 7 5 2  5 4 0 2 64 8 7 3 7 6 0 7 5 2 1 1 6 5 7 5 2 1  14 3 22 26 17 2 3 4 0 6 7 53 50   37 |  5
Card 0902: 56 7 5 5  5 4 0 2 6 8 3 7 1 6 5 7 2 8 7 3 2 6 5 7 6 8 1 1 6 5 6 9 3 7 1 5 4 0 2 64 7 3 71 3  7 25 2  5 6 81 6 5 7 6 8 7 3 77 7 3 2 97 7 2 9 53 50   37 |  5
Card 0902: 56 7 5 2 1 1 6 5 7 5 2 0 1 6 5 9 59  6 5  76 9 33 7 9 0 6 5 4 0 0 7 5 2  5 4 0 2 64 8 7 3 7 6 0 7 5 2 1 1 6 5 7 5 2 1  14 3 22 26 17 2 3 4 0 6 7 53 50   37 |  5
Card 0902: 56 75 1 72 | 0À