Card 0: 7 7 7 7 7 7 7   7 7 7 7 7 7 1 71 7 3 1 78 7 0 | 5
Card 2: 7 7 7 7 7 7 7 7 7 7 7 7 61 8 7 7 6 6 8 7 0 | 5
Card 2: 7 7 7 7 7 7 7   7 7 7 7 7 7 1 71 7 3 1 78 7 0 | 5
Card 2: 7 7 7 7 7 7 7 7 7 7 7 7 61 8 7 7 6 6 8 7 0 | 5
Card 2: 7 7 7 7 7 7 7 7 7 7 7  7 7 2 1 8 5 7 8 7 0 | 5
Card 2: 7 7 7 7 7 7 7 7 7 7 7 7 2 7 8 7 9  8 78 7 0 | 5
Card 2: 7 7 7 7 7 7 7  7 7 7 7 7 7 7 2 1 8 5 7 8 7 0 | 5
Card 2: 7 7 7 7 7 7 7 7 7 7 7 7 7 2 7 8 7 9  8 7 0 | 5
Card 2: 7 7 7 7 7 7 7 7 7 7 7 7 7 2 7 8 7 7  8 7 0 | 5
Card 2: 7 7 7 7 7 7 7 7 7 7 7 7 7 2 1 8 5 7 8 0 0 | 5
Card 2: 7 7 7 7 7 7 7 7 7 7 7 7 7 7 2  2 7 8 7 7  8 7 0 | 5
Card 2: 7 7 7 7 7 7 7 7 7 7 7 7 7 2 1 8 5 7 8 0 0 | 5
Card 2: 7 7 7 7 7 7 7 7 7 7 7 7 7 7 2 1 8 3 1 8 0 0 | 5
Card 2: 1 7 7 7 7 7 7 7 7 7 7 7 7 7 2 8 5 7 8 0 0 | 5
Card 2: 7 7 7 7 7 7 7 7 7  7 7 7 7 2 1 8 3 1 78 7 0 | 5
Card 2: 7 7 7 7 7 7 7 7 7 7 7 7 61 8 7 7 6 6 8 7 0 | 5
Card 2: 7 7 7 7 7 7 7 7 7 7 7 7 7 2 1 8 5 7 8 7 0 | 5
Card 2: 7 7 7 7 7 7 7 7 7 7 7 7 7 7 2 1 85 7 8 7 0 | 5
Card 2: 7 7 7 7 7 7 7 7 7 7 7 7 7 2 1 8 5 7 8 7 0 | 5
Card 2: 7 7 7 7 7 7 7 7 7 7 7 7 7 2 7 8 7 9  8 7 0 | 5
Card 2: 7 7 7 7 7 7 7 7 7 7 7 7 7 1 7 8 7 7  8 7 0 | 5
Card 2: 7 7 7 7 7 7 7 7 7 7 7 7 7 2 1 8 5 7 8 0 0 | 5
Card 2: 7 7 7 7 7 7 7 7 7 7 7 7 7 7 2  2 7 8 7 7  8 7 0 | 5
Card 2: 7 7 7 7 7 7 7 7 7 7 7 7 7 2 1 8 5 7 8 0 0 | 5
Card 2: 7 7 7 7 7 7 7 7 7 7 7  7 7 2 1 8 3 1 8 0 0 | 5
Card 2: 1 7 7 7 7 7 7 7 7 7 7 7 7 7 7 2 8 5 7 8 0 0 | 5
Card 2: 7 7 7 7 7 7 7 7 7  7 7 7 7 2 1 8 5 7 8 0 0 | 5
Card 2: 7 7 7 7 7 7 7 7 7  7 7 7 7 2 1 8 3 1 78 7 0 | 5
Card 2: 7 7 7 7 7 7 7 7 7 7 7 7 61 8 7 7 6 6 8 7 0 | 5
Card 2: 7 7 7 7 7 7 7 7 7 7 7 7 7 2 1 8 5 7 8 7 0 | 5
Card 2: 7 7 7 7 7 7 7 7 7 7 7 7 7 7 2 1 85 7 8 7 0 | 5
Card 2: 7 7 7 7 7 7 7 7 7 7 7 7 7 2 1 8 5 7 8 7 0 | 5
Card 2: 7 7 7 7 7 7 7 7 7 7 7 7 7 2 7 8 7 9  8 7 0 | 5
Card 2: 7 7 7 7 7 7 7 7 7 7 7 7 7 1 7 8 7 7  8 7 0 | 5
Card 2: 7 7 7 7 7 7 7 7 7 7 7 7 7 2 1 8 5 7 8 0 0 | 5
Card 2: 7 7 7 7 7 7 7 7 7 7 7 7 7 7 2  2 7 8 7 7  8 7 0 | 5
Card 2: 7 7 7 7 7 7 7 7 7 7 7 7 7 2 1 8 5 7 8 0 0 | 5
Card 2: 7 7 7 7 7 7 7 7 7 7 7  7 7 2 1 8 3 1 8 0 0 | 5
Card 2: 1 7 7 7 7 7 7 7 7 7 7 7 7 7 7 2 8 5 7 8 0 0 | 5
Card 2: 7 7 7 7 7 7 7 7 7  7 7 7 7 2 1 8 3 1 78 7 0 | 5
Card 2: 7 7 7 7 7 7 7 7 7 7 7 7 61 8 7 7 6 6 8 7 0 | 5
Card 2: 7 7 7 7 7 7 7 7 7 7 7 7 7 2 1 8 5 7 8 7 0 | 5
Card 2: 7 7 7 7 7 7 7 7 7 7 7 7 7 7 2 1 85 7 8 7 0 | 5
Card 2: 7 7 7 7 7 7 7 7 7 7 7 7 7 2 1 8 5 7 8 7 0 | 5
Card 2: 7 7 7 7 7 7 7 7 7 7 7 7 7 2 7 8 7 9  8 7 0 | 5
Card 2: 7 7 7 7 7 7 7 7 7 7 7 7 7 1 7 8 7 7  8 7 0 | 5
Card 2: 7 7 7 7 7 7 7 7 7 7 7 7 7 2 1 8 5 7 8 0 0 | 5
Card 2: 7 7 7 7 7 7 7 7 7 7 7 7 7 7 7 7 7 2 7  3 1 78 7 0 | 5
Card 2: 7 7 7 7 7 7 7 7 7 7 7 7 61 8 7 7 6 6 8 7 0 | 5
Card 2: 7 7 7 7 7 7 7 7 7 7 7 7 7 2 1 8 5 7 8 7 0 | 5
Card 2: 7 7 7 7 7 7 7 7 7 7 7 7 7 7 2 1 85 7 8 7 0 | 5
Card 2: 7 7 7 7 7 7 7 7 7 7 7 7 7 2 1 8 5 7 8 7 0 | 5
Card 2: 7 7 7 7 7 7 7 7 7 7 7 7 7 2 7 8 7 9  8 7 0 | 5
Card 2: 7 7 7 7 7 7 7 7 7 7 7 7 7 1 7 8 7 7  8 7 0 | 5
Card 2: 7 7 7 7 7 7 7 7 7 7 7 7 7 2 1 8 5 7 8 0 0 | 5
Card 2: 7 7 7 7 7 7 7 7 7 7 7 7 7 7 2 7 8 7 7  8 7 0 | 5
Card 2: 7 7 7 7 7 7 7 7 7 7 7 7 7 2 1 8 5 7 8 0 0 | 5
Card 2: 7 7 7 7 7 7 7 7 7 7 7 7 7 7 7  7 3 2 1 8 5 7 | 5
Card 2: 7 7 7 7 7 7 7 7 7 7 7 7 2 7 8 7 9  8 78 7 0 | 5
Card 2: 7 7 7 7 7 7 7 7  7 7 7 7 7 2 1 8 5 7 8 7 0 | 5
Card 2: 7 7 7 7 7 7 7 7 7 7 7 7 7 2 7 8 7 9  8 7 0 | 5
Card 2: 7 7 7 7 7 7 7 7 7 7 7 7 7 7 2 7 8 7 7  7 0 | 5
Card 2: 7 7 7 7 7 7 7 7 7 7 7 7 7 2 1 8 5 7 8 0 0 | 5
Card 2: 7 7 7 7 7 7 7 7 7 7 7 7 7 2 7 8 7 7 7 7 7 | 5