Card 0: 7 7 7 7   7 7 7   7 7 7 7 7 7 7 7 7 7 7 7 8  0 | 5
Card 7: 7 7 7  7 7 7 7 7 7 7 7 7 7 7 7 7 7 7 8 8  0 | 5
Card 3: 7 7 7 7 7  7 7 7 7 7 7 7 7 7 7 7 7 7 7   7 0 | 5
Card 2: 7 7  7 7  7 7 7 7 7 7 7 7 7 7 7 7 7 7 7   47 0 | 5
Card 2: 7 7  7 7  7 7 7 7 7 7 7 7 7 7 7 7 7 7 7 8  0 | 5
Card 2: 7 7 7 7 7  7 7 7 7 7  7 7 7 7 7 7 7 7 7   7 0 | 5
Card 2: 7 7 7 7   7 7 7   7 7 7 7 7 7 7 7 7 7 7 7 8  0 | 5
Card 7: 7 7 7  7 7 7 7 7 7 7 7 7 7 7 7 7 7 7 7 8  0 | 5
Card 3: 7 7 7 7 7  7 7 7 7 7 7 7 7 7 7 7 7 7 7   7 0 | 5
Card 2: 7 7  7 7  7 7 7 7 7 7 7 7 7 7 7 7 7 7 7   47 0 | 5
Card 2: 7 7  7 7  7 7 7 7 7 7 7 7 7 7 7 7 7 7 7 8  0 | 5
Card 2: 7 7 7 7 7  7 7 7 7 7  7 7 7 7 7 7 7 7 7   7 0 | 5
Card 2: 7 7 7  7 7 7 7 7 7 7 7 7 7 7 7 7 7 7 7   7 0 | 5
Card 2: 7 7  7 7  7 7 7 7 7 7 7 7 7 7 7 7 7 7 7   47 0 | 5
Card 2: 7 7 7  7 7 7 7 7 7 7 7 7 7 7 7 7 7 7 7   7 0 | 5
Card 2: 7 7  7 7  7 7 7 7 7 7 7 7 7 7 7 7 7 7 77 7  8 | 5