Card 0: 7 7 7 7 7 7 7 1 6 55  7 37 |  5
Card 2902: 5 7 5 2 1 1 7 5 7 5 26 9 3 79 9 0 5 2 1 1 6 5 7 5 2 1 1 6 5 7 6 9 4 7 9 9 6 5 4 0  4 0 0 7 5 2 7 7 7  4 0 0 7 5 2 1 1 6 5 7 5 2 6 8 7 3 7 9 0 7 5 2 1 1 6 5 7 5 2 1 1 6 5 9 9 1 7 5 2 0 1 6 5 7 5 2 1 5 7 6 9 3 7 1 6 5 7 3 7 9 0 7 1 1 6 |   5
Card 2902: 5 7 5 2 1 1 7 5 7 5 26 9 3 79 9 0 5 2 1 1 6 5 7 5 2 1 1 6 5 7 6 9 4 7 9 9 6 5 4 0  4 0 0 7 5 2 7 7 7  4 0 0 7 5 2 1 1 6 5 7 5 2 6 8 7 3 7 9 0 7 5 3 1 1 6 5 7 5 2 1 1 6 5 9 9 1 7 5 2 0 1 6 5 7 5 2 1 5 7 6 9 3 7 1 6 5 7 3 9 6 7 37 |  5
Card 2902: 5 7 5 2 1 1 7 5 7 5 26 9 3 79 9 0 5 2 1 1 6 5 7 5 2 1 1 6 5 7 6 9 4 7 9 9 6 5 4 0  4 0 0 7 5 2 7 7 7  4 0 0 7 5 2 1 1 6 5 7 5 2 6 8 7 3 7 9 0 7 5 2 1 1 6 5 7 5 2 1 1 6 5 9 9 1 7 5 2 0 1 6 5 7 5 2 1 5 7 6 9 3 7 1 6 5 7 3 7 9 06 57 7 5  2 1 5  37 |  5
Card 2902: 5 7 5 2 1 1 7 5 7 5 26 9 3 9 9 0 5 2 1 1 6 5 7 5 2 1 1 6 5 7 6 9 4 7 9 9 6 5 4 0  4 0 0 7 5 2 7 7 7  4 0 0 7 5 2 1 1 6 5 7 5 2 6 8 7 3 7 9 0 7 2 1 1 6 5 7 5 2 1 1 6 5 9 9 1 7 2 0 1 6 5 7 5 2 1 5 7 6 9 3 7 1 1 6 55  2 6 8 7 74 7 37 |  5
Card 2902: 5 7 5 2 1 1 7 5 7 5 26 9 3 79 9 0 5 2 1 1 6 5 7 5 2 1 1 6 5 7 6 9 4 7 9 9 6 5 4 0  4 0 0 7 5 2 7 7 7  4 0 0 7 5 2 1 1 6 5 7 5 2 6 8 7 3 7 9 0 7 5 2 1 1 6 5 7 5 2 1 1 6 5 9 9 1 7 5 2 0 1 6 5 7 5 2 1 5 7 6 9 3 7 1 6 5 7 3 7 9 0 7  37 |  5
Card 2902: 5 7 5 7 5  25  37 |  5
Card 2902: 5 7 5 2 1 1 7 5 7 5 26 9 3 79 9 0 5 2 1 1 6 5 7 5 2 1 1 6 5 7 6 9 4 7 9 9 6 5 4 0  4 0 0 7 5 2 7 7 7  4 0 0 7 5 2 1 1 6 5 7 5 2 6 8 7 3 7 9 0 7 5 3 1 1 6 5 7 5 2 1 1 6 5 9 9 1 7 5 2 0 1 6 5 75 2 1 5 7 6 9 3 7 1 6 5 7 7 9 6  76 0   77 0 3 37 |  5
Card 2902: 5 7 5 2 1 1 7 5 7 5 26 9 3 79 9 0 5 2 1 1 6 5 7 5 2 1 1 6 5 7 6 9 4 7 9 9 6 5 4 0  4 0 0 7 5 2 7 7 7  4 0 00 7 5 2 1 1 6 5 7 5 2 6 8 7 3 7 9 0 7 5 3 1 1 6 5 7 5 2 1 1 6 5 9 9 1 7 5 2 0 1 6 5 7 5 7 6 9 3 7 1 1 1 6 55  2 6 8 7 74 7 37 |  5
Card 2902: 5 7 5 2 1 1 7 5 7 5 26 9 3 79 9 0 5 2 1 1 6 5 7 5 2 1 1 6 5 7 6 9 4 7 9 9 6 5 4 0  4 0 0 7 5 2 7 7 7  4 0 0 7 5 2 1 1 6 5 7 5 2 6 8 7 3 7 9 0 7 5 2 1 1 6 5 7 5 2 1 1 6 5 9 9 1 7 5 2 0 1 6 5 7 5 2 1 5 7 6 9 3 7 1 6 5 7 3 7 9 0 7 1 1 6 5 37   77 0 3 37 |   5
Card 2902: 5 7 5 2 1 1 7 5 7 5 26 9 3 79 9 0 5 2 1 1 6 5 7 5 2 1 1 6 5 7 6 9 4 7 9 9 6 5 4 0  4 0 0 7 5 2 7 7 7  4 0 0 7 5 2 1 1 6 5 7 5 2 6 8 7 3 7 9 0 7 5 3 1 1 6 5 7 5 2 1 1 6 5 9 9 1 7 5 2 0 1 6 5 7 5 2 1 5 7 6 9 3 7 1 6 5 7 3 9 6 7 37 |  5
Card 2902: 5 7 5 2 1 1 7 5 7 5 26 9 3 79 9 0 5 2 1 1 6 5 7 5 2 1 1 6 5 7 6 9 4 7 9 9 6 5 4 0  4 0 0 7 5 2 7 7 7  4 0 0 7 5 2 1 1 6 5 7 5 2 6 8 7 3 7 9 0 7 5 2 1 1 6 5 7 5 2 1 1 6 5 9 9 1 7 5 2 0 1 6 5 7 5 2 1 5 7 6 9 3 7 1 6 5 7 3 7 9 0 7 5 1 1 6 57 7 5  2 1 5  37 |  5
Card 2982: 5 7 5 2 1 1 7 5 7 5 26 9 3 79 9 0 5 2 1 1 6 5 7 5 2 1 1 6 5 7 6 9 4 7 9 9 6 5 4 0  4 0 0 7 5 2 7 7 7  4 0 0 7 5 2 1 1 6 5 7 5 2 6 8 7 3 7 9 0 7 5 2 1 1 6 5 7 5 2 1 1 6 5 9 9 1 7 5 2 0 1 6 5 71 5 7 6 9 3 7 1 1 1 6 55  2 6 8 7 74 7 37 |  5
Card 2902: 5 7 5 2 1 1 7 5 7 5 26 9 3 79 9 0 5 2 1 1 6 5 7 5 2 1 1 6 5 7 6 9 4 7 9 9 6 5 4 0  4 0 0 7 5 2 7 7 7  4 0 0 7 5 2 1 1 6 5 7 5 2 6 8 7 3 7 9 0 7 5 2 1 1 6 5 7 5 2 1 1 6 5 9 9 1 7 5 2 0 1 6 5 7 5 2 1 5 7 6 9 3 7 1 6 5 7 3 7 9 0 7  37 |  5
Card 292902: 5 7 5 2 1 1 7 5 7 5 26 9 3 79 9 0 5 2 1 1 6 5 7 5 2 1 1 6 5 7 6 9 4 7 9 9 6 5 4 0  4 0 0 7 5 2 7 7 7  4 0 0 7 5 2 1 1 6 5 7 5 2 6 8 6 3 7 9 0 7 5 3 1 1 6 5 7 5 2 1 1 6 5 9 9 1 7 5 2 0 1 6 5 7 5 2 1 5 7 7 7 7 7 7 3 7 7 4 1 8 6 0 | 0