Card 2: 9 8 7 3 7 9 0 7 5 2 1 0 7 7 7 8 0 7 5  7 9 6   0 7  7 7 7 83 7 9  7 7 8 0 7 5 2 1 0 |  1
Card 29: 5  5 2 1 1 6 5 7 8 9 3 7 1 0 0 7 5 2  9 6  8  9 3 7  3 7 9  7 7 8 0 7 5 2 1 0 |  5
Card 29: 5  5  0 7  0 7 7 7 7 8 0 7 5 0  6 5 6  8   7 9 6 5 4 8 9 3 7 9  7 7 8 0 7 5 2 1 0 |  5
Card 29: 5  5 2 1 1 6 5 7 8 9 3 7 1 0 0 7 5 2  9 6  8  9 0 7  3 7 9  7 7 8 0 7 5 2 1 0 |  5
Card 29: 5  5 2 1 1 6 5 7 8 9 35 4 8 9 3 7 9  7 7 8   7 9 6 5 4 8 9 3 7 9  7 7 8 1 7 5 2 1 0 |  5
Card 29: 5  6 2 1 1 6 5 7 8 0 3 7 9 6  2  8 3 7 8 6 5 4 8 9 9 6 5  2 1 1 6 5 7 5 79 6  5  0 7 |  5
Card 29: 35  5 2 1 1 6 5 7 4 9 3  1 6 8 9 3 7 9 6  82 1 1 6  8  9 0 7  3 7 9  7 7 8 0 7 5 2 1 0 |  5
Card 29: 5  5 2 1 1 6 5 7 8 9 35 4 8 9 3 7 9  7 7 8   7 9 6 5 4 8 9 3 7 9  7 7 8 1 7 5 2 1 0 |  5
Card 29: 5  5 2 1 1 6 5 7 8 0 3 7 9 6  2  8 3 7 8 6 5 4 8 9 9 6 5 2 1 1 6 5 7 5 79 6  5  0 7 |  5
Card 29: 35  5 26 5 7 4 9 3  1 6 5 7 8 9 3 7 9 6  8  9 3 7 9 6 5 4  9  7 7 8 0 7 5 2 1 0 |  5
Card 29: 5  5 2 1 1 6 5 7 8 9 35 4 8 9 3 7 9  7 7 8   7 9 6 5 4 8 9 3 7 9  7 7 81 7 5 2 1 0 |  5
Card 29: 5  5 2 1 1 6 5 7 8 0 3 7 90 6  8  8 3 7 8 6  7 8 6 5 4 8 9  2 1 0 6 5 7 5 4  6 5 4 0 | 5