Card 2: 7 7 7 7 7 7 7 7 7 7 7 7 7 7 7 1 7 7 7  7 8  7 0 | 5
Card 2: 7 7 7 7 7 7 7 7 7 7 7 7 7 7 1 77  7 7  7 8  7 0 | 5
Card 2: 7  0 | 5
Card 2: 7 7 7 7 7 7 7 7 7 7 7 7 7 7 7 1 7 7 7 7  8  7 0 | 5
Card 2: 3 7 7 7 7 7 7 7 7 7 7 7 7 7 7 1 7 7 7  7 8  7 0 | 5
Card 2: 7 7  7 7 7    7 0 | 5
Card 2: 7 7 7 7 7 7 7 7 7 7 7 7 7 8 7 1 7 7 7  7  7 0 | 5
Card 2: 7 7 7 7 7 7 7 7 7 7 7 7 7 7 7 1 7 7 7  7 8  7 0 | 5
Card 2: 7 7 7 7 7 7  7 7 7 7 7 7 7 7 7 1 7 7 7  7 8  7 0 | 5
Card 2: 7 7  7 7 7 7 7 7 7 7 7 7 7 7 1 7 7 7  7  77 7  0 | 5
Card 2: 7 7 7 7 7 7 7 7 7 7 7 7 7 7 7 1 7 7 76 7    8  7 0 | 5
Card 2: 3 7 7 7 7 7 7 7 7 7 7 7 7 7 7 1 7 7 7  7 8  7 0 | 5
Card 2: 7 7 7 7 7 7 7 7 7 7 7 7 7 7 8 75 1  7 7 7 7 8 0 | 5
Card 2:  0 | 5
Card 2: 7 7 7 7 7 7 7 7 7 7 7 7 7 7 7 1 7 7 7  7 8  7 0  7 7 7 7 7 1 7 17 0 7 6 7 8  7 0 | 5
Card 2: 7 7 7 7 7 7 7 7 7 7 7 7 7 7 7 1 7 7 7  7 8  7 0 | 5
Card 2: 7 7 7 7 7 7  7 7 7 7 7 7 7 7 7 1 7 7 7  7 8  7 0 | 5
Card 2: 7 7  7 7 7 7 7 7 7  7 7 7 7 1 7 7 7  7 8  7 0 | 5
Card 2: 7 7  7 7 7 7 7 7 7 7 7 7 7 7 9 77 8   7 7  8  7 0 | 5
Card 2: 7 7 7 7 7 7 7 7 7 7 7 7 7 7 7 1 7 7 76 7  8  7 0 | 5
Card 2: 3 7 7 7 7 7 7 7 7 7 7 7 7 7 7 1 7 7 7 7 7   7 0 | 5
Card 2: 7 7 7 7 7 7 7 7 7 7 7 7 7 8 75 1 7 7  7 7 8  7 0 | 5
Card 2: 7 7 7 7 7 7 7 7 7 7 7 7 7 7 7 17 7 7  7 8  7 0 | 55
Card 2: 7 7 7 7 7 7 7 7 7 7 7 7 7 7 7 1 7 7 7  7 8  7 0 | 5
Card 2: 7 7 7 7 7 7 7 7 7 7 7 7 7 7 7 1 7 2 7  7 8  7 0 | 5
Card 2: 7 7 7 7 7 07 7 7 7 7 7 7 7 7 7 1 7 7 7 7 6 7 8 | 5