Card 2: 9 8 7 3 7 9 0 7 5 2 1 0 7 7 7 7 8 0 7 5 2 1 0 |  5
Card 29: 5  5 2 1 7 3 7 9 0 7 051  2  7 7 7 7 8 0 7 5 2 1 0 |  5
Card 29: 5  5 2 1 1 6 5  7 2 1 0 7 7 7 7 8 0 7 5 2 1 0 |  5
Card 29: 5  5 2 1 8 9 3 7 9 6 5 4 8 9 3 7 8 0 7 5 2 9 3 7 9 6 5 4 9 9 3 72 1 0 7 7 7 7 8 0 7 5 2 1 0 |  5
Card 29: 5  5 2 1 1 6 5  7 2 1 0 7 7 7 7 8 0 7 5 2 1 0 |  5
Card 29: 5  5 2 8 7 3 7 9 0 7 5 2 1 0 7 7 7 7 8 0 7 5 2 1 0 |  5
Card 29: 5  5 2 1 7 3 7 9 0 7 051  2  7 7 7 7 8 0 7 5 2 1 0 |  5
Card 29: 5  5 2 1 1 6 5  7 2 1 0 7 7 7 7 8 0 7 5 2 1 0 |  5
Card 29: 5  5 2 1 8 9 3 7 9 6 5 4 8 9 3 7 8 0 7 5 2 9 3 7 9 6 59 3 7 9 0 7 5 2 1 0 7 7 7 7 8 0 7 5 2 1 0 |  5
Card 29: 5  5 2 1 8 9 3 7 9 6 5 4 8 9 3 7 8 0 7 5 2 1 0 |  5
Card 29: 5  5 2 1 8 9 3 7 9 6 5 2 47 7 7 7 8 0 7 5 2 1 0 |  5
Card 29: 5  5 2 1 1 6 5  7 2 1 09 9 3 7 9 6 59 8 0 7 5 2 1 0 |  5
Card 29: 5  5 2 8 7 3 7 9 0 7 5 2 1 0 7 7 7 7 8 0 7 5 2 1 0 |  5
Card 29: 5  5 2 1 7 3 7 9 0 7 051  2  7 7 7 7 8 0 7 5 2 1 0 |  5
Card 29: 5  5 2 1 1 6 5  7 2 1 0 7 7 7 7 8 0 7 5 2 1 0 |  5
Card 29: 5  5 2 1 8 9 3 7 9 6 5 4 8 9 3 7 8 0 7 5 2 9 3 7 9 6 5 4 9 9 3 7 9 0 7 5 2 1 0 7 7 7 7 8 0 7 5 2 0 0 |  5
Card 29: 5  5 2 1 8 9 3 7 9 6 5 4 8 9 3 7 8 0 7 5 2 1 0 |  5
Card 29:  5 2 1 8 9 3 7 9 6 5 2 47 7 7 7 8 0 7 5 2 1 0 |  5
Card 29: 5  5 2 1 1 6 5  7 2 3 7 9 6 5 4 8 9 3  9 68 0 7 5 2 1 0 |  5
Card 29: 5  5 2 1 7 3 7 9 0 7 5 2 1 0 7 7 7 7 8 0 7 5 2 1 0 |  5
Card 29: 5  5 2 1 1 6 5  7 2 1 0 7 7 7 7 8 0 7 5 2 1 0 |  5
Card 29: 5  5 2 1 8 9 3 7 9 6 5 4 8 9 3 7 88 0 7 5 2 1 0 |  5
Card 299: 5  5 2 1 8 9 3 7 9 6 5 4 8 9 3 7 8 0 7 5 2 1 0 |  5
Card 29: 5  5 2 1 8 9 3 7 9 6 5  72 1 0 7 7 7 7 8 0 7 5 2 1 0 |  5
Card 29: 5  5 2 1 1 6 5  7 2 1 0 7 7 7 7 8 0 7 5 2 1 0 |  5
Card 29: 5  5 2 1 8 9 3 7 9 6 5 4 8 9 3 7 8 0 7 5 2 1 0 |  5
Card 29: 5  5 2 1 8 9 3 7 9 6 5 4 7 7 7 7 8 0 7 5 2 1 0 |  5
Card 29: 5  5 2 1 1 6 5  7 2 1 09 9 3 7 9 6 51 8 9 3 7 9 6 5 4 8 9 3 7 8 0 7 5 2 1 0 |  5
Card 29: 5  5 2 1 8 9 3 7 9 6 5 4 7 7 7 7 8 0 7 5 2 1 0 |  5
Card 29: 5  5 2 1 1 6 5  7 2 1 09 9 3 7 9 6 59 3 7 9 6 5 4 8 9 3  9 6 7 9 6 5 4 8 9 3 7 9 6 5 4 0 | 5