Card 06: 7 7 7 7 7 7 7 7 7 7 7 4 6 7 7 7 77 7 7 7 7 7 7 7 7 7 7 4 6 7 7 7 7 7 4 7 5 7 7   7 47 7 7 7 7 7 4 6 7 7 7 7 7 4 7 5 9 6 5 7 7 8 7 7 7 7 7 7 7 7 7   7 4 7 5 9 6 5 7 7 6 9 3 7 1 6 5 7 6 8 7 3 78 7 3 7 9 0 7 5 2 15 1 1 6 5 37   77 0 3 50   37 |  5
Card 2902: 5 7 5 2 1 1 6 5 7 5 2 1 1 6 5 9 59 0 7 5 2 1 1 6 5 7 5 2 1 1 6 5 7 6 9 3 7 9 9 6 5 4 0 0 7 5 2 1 1 6 5 7 5 2 6 8 7 3 7 9 0 7 5 2 1 1 6 5 7 5 2 1 1 6 5 9 9 0 7 8 2 1 1 6 5 7 5 2 1 5 7 6 9 3 7 1 6 5 7 3 7 9 0 7 5 1 1 6 5 37   77 0 3 50   37 |  5
Card 2902: 5 7 5 2 1 1 6 5 7 5 2 1 1 6 5 6 5 9 59 0 7 5 2 1 1 6 5 7 5 2 1 1 6 5 7 6 9 3 7 9 9 6 5 4 0 0 7 5 2 1 1 6 5 7 5 2 6 8 7 3 7 9 0 7 5 2 1 1 6 5 7 5 2 1 16 5 9 9 0 7 5 2 1 1 6 5 7 5 2 1 5 7 6 9 3 7 1 6 5 7 3 7 9 0 7 5 1 1 6 5 37   77 0 3 50   37 |  5
Card 2902: 5 7 5 2 1 1 6 5 76 9 3 79 9 0 7 5 2 1 1 6 5 7 5 2 1 1 6 5 7 6 9 3 7 9 9 6 5 4 0 0 7 5 2  5 4 0 2 6 8 7 3 7 9 0 7 5 2 1 1 6 5 1 6 5 7 6 8 7 3 7 9 2 1 1 6 5 7 5 2 1 1 6 7 3 7 9 2 2 1 6 5 7 5 2 1 1 6 5 7 6 9 3 7 1 6 5 7 6 8 7 3 78 7 3 7 9 0 7 5 2 15 1 1 6 5 37   77 0 3 50   37 |  5
Card 2902: 5 7 5 2 1 1 6 5 7 5 2 1 1 6 5 9 59 0 7 5 2 1 1 6 5 7 5 2 1 1 6 5 7 6 9 3 7 9 9 6 5 0 0 7 5 2 1 1 6 5 7 5 2 6 8 7 3 7 9 0 7 5 2 1 1 6 5 7 5 2 1 1 6 5 7 5 2 1 1 6 5 7 5 2 1 5 7 6 9 3 7 1 6 5 7 3 7 9 0 7 5 1 1 6 5 37   77 0 3 50   37 |  5
Card 2902: 5 7 5 2 1 1 6 5 7 5 2 1 1 6 5 6 5 9 59 0 7 5 2 1 1 6 5 7 5 2 1 1 6 5 7 6 9 3 7 9 9 6 5 4 0 0 7 5 2 1 1 6 5 7 5 2 6 8 7 3 7 9 0 7 5 2 1 1 6 5 7 5 2 1 1 6 5 9 9 0 7 5 2 1 1 6 5 7 5 2 1 5 7 6 9 3 7 1 6 5 7 3 7 9 0 7 5 1 1 6 5 37   77 0 3 50   37 |  5
Card 2902: 5 7 5 2 1 1 6 5 7 5 2 1 1 6 5 9 9 0 7 5 2 9 3 7 9 9 6 5 4 0 0 7 5 2  5 4 0 2 6 8 7 3 7 9 0 7 5 2 1 1 6 5 7 5 2 1 1 6 5 9 9 0 7 5 2 1 1 6 5 7 5 2 1 1 6 5 7 6 9 3 7 9 9 6 5 4 0 0 6 5 7 6 86 5 7 6 9 3 7  1 6 5 7 5 2 1 1 6 5 7 6 9 3 7 1 6 5 7 6 86 5 7 6 9 3 7 1 6 5 7 6 8 7 3 7 9 2 1 1 6 5 7 5 2 1 1 6 7 3 7 9 2 2 1 6 5 7 5 2 1 1 6 5 7 6 9 3 7 1 6 5 7 6 8 7 3 78 7 3 7 9 0  78 7 3 7 9 0 7   37 |  5
Card 2902: 5 7 5 2 1 1 6 5 7 5 2 1 1 6 5 9 59 0 7 5 2 1 1 6 5 7 5 2 1 1 6 5 7 6 9 3 2 1 1 6 5 7 5 2 6 8 7 3 7 9 0 7 5 2 1 1 6 5 7 5 2 1 1 6 5 9 9 0 7 5 2 1 1 6 5 7 5 2 1 5 7 6 9 3 7 1 6 5 7 3 7 9 0 7 5 1 1 6 5 37   77 0 3 50   37 |  5
Card 2902: 5 7 5 2 1 1 6 5 7 5 2 1 1 6 5 6 5 9 59 0 7 5 2 1 1 6 5 7 5 2 1 1 6 5 7 6 9 3 7 9 9 6 5 4 0 0 7 5 2 1 1 6 5 7 5 2 6 8 7 3 7 9 0 7 5 2 1 1 6 5 7 5 2 1 1 6 5 9 9 0 7 5 2 1 1 6 5 7 5 2 1 5 7 6 9 3 7 1 6 5 7 3 7 9 0 7 5 1 1 6 5 37   77 0 3 50   37 |  5
Card 2902: 5 7 5 2 1 1 6 5 7 5 26 9 3 79 9 0 5 2 1 1 6 5 7 5 2 1 1 6 5 7 6 9 3 7 9 9 6 5 4 0 0 7 5 2 1 1 6 5 7 5 2 6 8 7 3 7 9 0 7 5 2 1 1 6 5 7 5 2 1 17   37 |  5
Card 2902: 5 7 5 2 1 1 6 5 7 5 2 1 1 6 5 9 59 0 7 5 2 1 1 6 5 7 5 2 1 1 6 5 7 6 9 3 2 1 1 6 5 7 5 2 6 8 7 3 7 9 0 7 5 2 1 1 6 5 7 5 2 1 1 6 5 9 9 0 7 5 2 1 1 6 5 7 5 2 1 5 7 6 9 3 7 1 6 5 7 3 7 9 0 7 5 1 1 6 5 37   77 0 3 50   37 |  5
Card 2902: 5 7 5 2 1 1 6 5 7 5 2 1 1 6 5 6 5 9 59 0 7 5 2 1  9 9 0 72 1 1 6 5 7 5 2 1 1 6 5 7 6 9 3 79 9 0 7 5 2 1 1 6 5 7 5 2 1 1 6 5 7 6 9 3 7 9 9 6 5 4 0 0 7 5 2  5 4 0 2 6 8 7 3 7 9 0 7 2 1 1 6 5 7 5 2 1 1 6 5 9 9 0 7 5 2 1 1 6 5 7 5 2 1 1 6 5 7 6 90 3 7 9 9 6 5 4 0 0 7 7 6 7 7 5 9 6 5 7 7 6 7 5 9 6 5 7  76 0 | 0