Card 2: 9 6 7 3 7 9 0 7 5 2 1 0 7 7 7 7 8 0 7 5 2 1 0 |  5
Card 29: 5  55 2 1  9 0 7 5 2 1 0 7 7 7 7 8 0 7 5 2 1 0 |  5
Card 29: 5  5 2 1 1 6 5  7 2 1 0 7 7 7 7 8 0 7 5 2 1 0 | 05
Card 29: 5  5 2 1 8 9 3 7 9 6 5 4 8 9 3 7 88 0 7 5 2 1 0 |  5
Card 300: 5  5 2 1 8 9 3 7 9 6 5 4 8 9 3 7 8 0 7 5 2 1 0 |  5
Card 29: 5  5 2 1 8  2 1 0 |  5
Card 29: 5  5 2 1 1 6 5  7 2 1 0 7 7 7 7 8 0 7 5 2 1 0 |  5
Card 29: 5  7 2 1 8 9 3 7 9 6 5 4 8 9 3 7 88 0 7 5 2 1 0 |  5
Card 299: 5  5 2 1 8 9 3 7 9 6 5 4 8 9 3 7 8 0 7 5 2 1 0 |  5
Card 29: 5  5 2 1 8 9 3 7 9 6 5 4 7 7 7 7 8 0 7 5 2 1 0 |  5
Card 29: 5 5 4  59 9 3 7 9 6 5 2 47 7 7 7 8 0 7 5 2 1 0 |  5
Card 29: 5  5 2 1  9 0 7 5 2 1 0 7 7 7 7 8 0 7 5 2 1 0 |  5
Card 29: 5  5 2 1 1 6 5  7 2 1 0 7 7 7 7 8 0 7 5 2 1 0 | 05
Card 29: 5 2 1 8 9 3 7 9 6 5 4 8 9 3 7 88 0 7 5 2 1 0 |  5
Card 300: 5  5 2 1 8 9 3 7 9 6 5 4 8 9 3 7 8 0 7 5 2 1 0 |  5
Card 29: 5  5 2 1 8 9 3 7 9 6 5 4 7 7 7 7 8 0 7 5 2 1 0 |  5
Card 29: 5 5 4  59 3 7   59 3 7 9 6 5 4 8 9 3 7 9 6 5 8 0 | 5