Card 2:  7 |  5
Card 22:  7 |  8   5 17 2    2 5  7    0       0  5  7 5  73  0   80 2 5  7    0      80 2 5  7    0     0   0  5  7  7    0       0  5  7 5  73  0   80 2 5  7    0     0   0  5  7 5  73  0   8   5 17 2    2 5  7    0 73  0   8   5 17 2    2 5  7    0     0        5
Card 29:  7 |  5
Card 22:  7 |  5
Card 2952:  1 |    0  5  7 5  73  0   8   5 17 2    2 5  7    0 73      0        5
Card 29:  7 |  5
Card 22:  7 |  5
Card 2952:  1 | 5  73  0   8   5 17 2    2 5  7    0 73  0   8   5 17 2    2 5  7    0     0        5
Card 29:  7 |  5
Card 22:  7 |  5
Card 2952:  1 |  5
Card 252:  1 |  5
Card 295: 0 |  5