Card 7:  7 7 7 7 7 7 7 7 7 7 7 7 7  7 1 7 7   7 8 7 0 | 5
Card 2: 7 7 7 7 7 7 7 7  7 7 7 7 7 7 7 7 1 7 7   7 8 6 0 | 5
Card 2: 7 7 7 7 7 7 7 7 7 7 7 7 7 7 1 7 7 7  7 8  7 | 5
Card 2: 7 7 7 7 7 7 7 7 7 7 7 7 7 7 1 7 7   7 8 7 0 | 5
Card 2: 7 7 7 7 7 7 7 7 7 7 7 7 7 7 1 7 7 7  7 8  7 | 5
Card 2: 7 7 7 7 7 7 7 7 7 7 7 7 7 7 1 7 7 7  7 8 7 | 5
Card 2: 7 7 7 7 7 7 7 7 7 7 7 7 7 7 1 7 7   7 8 7 0 | 5
Card 2: 7 7 7 7 7  7 7 7 7 7 7 7 7 7 7 1 7 7 7  7 8 7 | 5
Card 2: 7 7 7 7 7 7 7 7 7 7 7 7 7 7 1 7 7   7 8 7 0 | 5
Card 2: 7 7 7 7 7 7 7 7 7 7 7 7 7 7 1 7 7 7  7 8  7 | 5
Card 2: 7 7 7 7 7 7 7 7 7  7 7 7 7 7 7 7 1 7 7   7 8 7 0 | 5
Card 2: 7 7 7 7 7 7 7 7 7 7 7 7 7 7 1 7 7 7  7 8  7 | 5
Card 2: 7 7   7 7 7 7 7 7 7 7 7 7 7 7 7  2 1 7 7   7 8 0 | 5
Card 2: 7 7 7 7 7 7 7  7 7 7 7 7 7 7 7 1 7 7 7 8 6 0 | 5
Card 2: 7 7 7 7 7 7 7 7 7 7 7 7 7 7  7 77 7 7 6 7 8 | 5