Card 0: 7 7 7 7 7 7 7 7 7 7 7 7 7 7 8 7 7 7 8 7 81 6 5 9 59  6 5  76 9 3 7 9 9 6 5 4 0 0 0 2 3 7 6 0 7 5 2 1 1 6 5 7 5 2 1  146 17 2 3 4 0 6 8 50   37 |  5
Card 0902: 56 7 5 5   2 6 8 3 7 1 6 5 7 2 8 7 3 2 6 5  6 8 1 1 6 5 6 9 3 6 7 53 16 71 0  2 7 5  8 3 7 1 6  0 2 6 8 3 7 1 6 5 7 6  6 8 7 3 1 6 5 7 5 2 12   37 |  5
Card 0902: 56 7 5 2 1 1 6 5 7 5 2 1 1 6 5 9 59  6  3 7 9 9 6 5 4 0 0 7 5 2  5 4 0 2 64 8 7 3 7 6 0 7 5 2 1 1 6 5 7 5 2 1  14 3 22 26 17 2 3 4 0 6 7 53 50   37 |  5
Card 0902: 56 7 5 5  5 4 0 2 6 8 3 7 1 6 5 7 2 8 3 2 6 5 7 6 8 1 1 6 5 6 9 3 7 1 5 4 0 2 64 7 3 71 3  7 25 2  5 6 40 7 6 8 7 3 72 8 7 3 7  3 2 9 53 50   37 |  5
Card 0901: 56 7 5 2 1 1 6 5 7 5 2 1 1 6 5 9 59  6 5  76 9 3 76 5 4 0 0 7 5 2  5 4 0 2 64 8 7 3 7 6 0 7 5 2 1 0 6 5 7 5 2 1  14 3 22 26 17 23 4 0 6 7 53 50   37 |  5
Card 0902: 56 7 5 5  5 4 0 2 6 8 3 7 1 6 5 7 2 8 7 3 2 6 5 7 6 8 1 1 6 5 6 9 3 7 1 5 4 0 2 64 7 3 71 3  7 25 2  5 6 81 6 5 7 6 8 7 3 77 7 3 2 9 53 50   37 |  5
Card 0902: 56 7 5 2 1 1 6 5 7 5 2 1 1 6 5 9 59  6 5  76 9 3 7 4 0 0 7 5 2  5 4 0 2 64 8 7 3 7 6 0 7 5 2 1 1 6 5 7 5 2 1  4 0 2 64 8 7 3 7  3 2 9 53 50   37 |  5
Card 2: 56 7 5 2 1 1 6 5 7 5 2 1 1 6 5 9 59  65  76 9 3 7 9 9 6 5 4 0 0 7 5 2  5 4 0 2 64 8 7 3 7 6 0 7 5 2 1 1 7 5 2 1  14 3 22 26 17 2 3 40 6 7 53 50   37 |  5
Card 0902: 56 7 5 5  5 4 0 2 6 8 3 7 1 6 5 7 2 8 7 3 2 6 5 7 6 8 1 1 5 5 6 9 3 7 1 5 4 0 2 64 7 3 71 3  7 25 2  5 6 81 6 5 7 6 8 7 3 77 7 3 2 9 53 50   37 |  5
Card 0902: 56 7 5 2 1 1 6 5 7 5 2 1 1 6 5 9 59  6 5  76 9 3 7 9 9 6 5 4 0 0 7 5 2  5 4 0 2 64 8 7 7 6 0 7 5 2 1 1 6 5 7 5 2 1  14 3 22 26 17 2 3 4 0 6 8 50   37 |  5
Card 0902: 56 7 5 5  5 4 0 2 6 8 3 7 1 6 5 7 2 8 7 3 2 6 5 7 6 8 1 1 6 5 6 9 3 7 1 5 4 0 2 64 7 3 71 3  7 25 2  5 6 81 6 5 7 6 8 7 3 77 7 3 2 9 53 50   37 |  5
Card 0902: 2 1 1 6 5 7 5 2 1 1 6 5 9 59  6 5  9 59  6 5  76 9 3 7 9 9 6 5 4 0 0 7 5 2  5 4 0 2 64 8 7 3 7 6 0 7 5 2 1 1 6 5 7 5 2 1  14 3 22 26 17 2 3 4 0 6 7 53 50   37 |  5
Card 0902: 56 7 5 5  5 4 0 2 6 8 3 7 1 6 5 7 2 8 7 3 2 6 5 7 6 8 1 1 6 5 6 9 3 7 1 5 4 0 2 64 7 3 71 3  7 25 2  5 6 81 6 5 7 6 8 7 3 77 7 3 2 9 53 50   37 |  5
Card 0902: 56 7 5 2 1 1 6 5 7 5 2 1 1 6 5 9 59  6 5  6 9 3 7 9 9 6 5 4 0 0 7 5 2  5 4 0 2 64 8 7 3 7 6 0 7 5 2 1 1 6 5 7 5 2 1  14 3 22 26 17 2 3 4 0 6 8 50   37 |  5
Card 0902: 56 7 5 5  5 4 0 2 6 8 3 7 1 6 5 7 2 8 7 3 2 6 5 4 6 8 1 1 6 5 6 9 3 7 1 5 4 0 2 64 7 3 71 3  7 25 2  5 6 81 6 5 7 6 8 7 3 77 7 3 2 9 53 50   37 |  5
Card 0902: 56 7 5 2 1 1 6 5 7 5 2 1 1 6 5 9 59  6 5   7 9 9 6 5 4 0 0 7 5 2  5 4 0 2 64 8 7 3 7 6 0 7 5 2 1 1 6 5 7 5 2 1  14 3 26 17 2 3 4 0 6 8 5 1 7 | 5