Card 2: 9 7 5 2 1 1 6 5 7 6 8 7 3 7 9 0 7 5 2 1 1 6 5 7 5 2 9 7 5 2 11  6 5 7 6 8 7 3 8 9 0 7 5 2 1 1 6 5 7 5 2 1 1 6 5 6 9 3 7 1 6 5 7 6 8 7 32 1 1  7 5 2  6 4  02 6 8 3 7 1 6  02 6 8  5 7 6 80 7 5 2 15 1 1 6 5 37   77 0 3 50   37 |  5
Card 2903: 5 75  3 7 1 6 5 7 6 8 7 32 1 1   15 1 1 6 5  3 50   37 |  5
Card 2903: 5 7 5 2 1 1 6 5 71 5 2 9 7 5 2 1 1 6 5 7 6 8 7 3 7 9 0 7 5 2  1 6 5 7 5 2 1 1 6 5 6 9 3 7 1 6 5 7 6 1 1 6 5 7 5 2 1 1 6 5 9 59 0 7 5 2 1 1 6 5 7 5 2 2 1 6 5 7 2 1  6 9 3 7  90  57  2 1 1 6 5 7 5 2 9 7 5 2 1 1 6 5 7 6 8 7 3 37   77 0 3 50   37 |  5
Card 2902: 5 7 5 2 10 7 1 6 5 7 5 2 2 55 5 2 1 1 6 5 71 5 2 9 7 5 37 |  5
Card 2903: 5 7 5 2 1 1 6 5 71 5 2 9 7 5 2 1 1 6 5 7 6 8 7 3 7 9 0 7 5 2 1 1 6 5 7 5 2 1 1 6 5 6 9 3 7 1 6 5 7 6 1 1 6 5 7 5 2 1 1 6 5 9 59 0 7 5 2 1 1 6 5 7 5 2 2 1 6 5 7 2 1  6 9 3 7  90  57  2 1 1 6 5 7 5 2 9 7 5 2 1 1 6 5 7 6 8 7 3 37   77 0 3 50   37 |  5
Card 2902: 5 7 5 2 1 1 6 5 9 0 7 5 2 1 1 6 5 7 5 2 2 55 5 2 1 1 6 5 71 5 27 6 87 3 7 9 2 11  6 5  5 2 1 1 6 5 7 5 2 1 1 6 5 6 9 3 7 1 6 5 7 6 8 7 32 1 1  7 5 2  6 4  02 6 8 3 7 8 3 7  56 17  6 80 7 5 2 15 1 1 6 5 37   77 0 3 50   37 |  5
Card 2903: 5 75 2 1 1 6 5 6 9 3 7 1 6  15 1 1 6 5  3 50   37 |  5
Card 2903: 5 7 5 2 1 1 6 5 71 5 2 9 7 5 2 1 1 6 5 7 6 8 7 3 7 9 0 7 5 2 1 1 6 5 7 5 2 1 1 6 5 6 9 3 7 1 6 5 7 6 1 1 6 5 7 5 2 1 1 6 5 9 59 0 7 5 2 1 1 6 5 7 5 2 2 1 6 5 7 2 1  6 9 3 7  90  57  2 1 1 6 5 7 5 2 9 7 5 2 1 1 6 5 7 6 8 7 3 37   77 0 3 50   37 |  5
Card 2902: 5 7 5 2 1 1 6 5 9 0 7 5 2 1 1 6 5 7 5 2 2 55  71 5 2 9 7 5 2 1 1 6 5 7 6 8 7 3 7 9 02 5 7  1 1 6 5 7  1 1 6 5 7 5 2 1 1 6 5 6 9   5 1 1 6 5  3 50   37 |  5
Card 2903: 5 7 5 2 1 1 6 56 5 7 6 1 1 6 5 7 5 2 1 1 5 9 59 0 7 5 2 1 1 6 5  1 5 7 2 1  6 9 3 7  90 2 16 5 7 6 8 7 3 7 9 0 7 5 2 1 1 6 5 7 5 2 9 7 5 2 11  6 5 8 7 32 1 1  7 5 2  6 4  02 6 8 3 7 1 6  02 6 8 6 9 3 7 1 6 5 7 6 8 7 32    15 1 1 6 5  7 |  5
Card 2903: 5 7 5 2 1 0 6 5 71 5 2 9 7 5 2 1 1 6 5 7 6 8 7 3 7 9 0 7 5 2 1 1 6 5 7 5 2 1 1 6 5 6 9 3 7 1 6 5 7 6 1 1 6 5 7 5 2 1 1 6 5 9 59 0 7 5 2 1 1 6 5 7 5 2 2 1 6 5 7 2 1  6 9 3 7  90  57  2 1 1 6 5 7 5 2 9 7 5 2 1 1 6 5 7 6 8 7 3 37   77 3 50   37 |  5
Card 2902: 5 7 5 2 1 1 6 5 9 0  2 2 55 5 2 1 1 6 5 71 5 2 9 7 5 2 1 1 6 5 7 6 8 7 3 7 9 0 7 5 2  2 1 1 6 5 6 9 3 7 1 6 5 7 6 8 7 32 1 1   15 1 1 6 5  3 50   37 |  6
Card 2903: 5 7 5 2 1 1 6 5 71 5 2 9 7 5 2 1 1 6 5 7 6 8 7 3 7 9 0 7 5 2 1 1 6 5 7 5 2 1 1 6 5 6 9 3 7 1 6 5 7 6 1 1 6 5 7 5 2 1 1 6 5 9 59 0 7 5 2 1 1 6 5 7 5 2 2 1 6 5 7 2 1  6 9 3 7  90  57  2 1 1 6 5 7 5 2 9 7 5 2 1 1 6 5 7 6 8 7 3 37   77 0 3 50   37 |  5
Card 2902: 5 7 5 2 1 1 6 5 95 2 1 1 1   15 1 1 6  5 3 50   37 |  5
Card 2903: 5 7 5 2 1 1 6 5 71 5 2 9 7 5 2 1 1 6 5 7 6 8 7 3 7 9 0 7 5 2 1 1 6 5 7 5 2 1 1 6 5 6 9 3 7 1 6 5 7 6 1 1 6 5 7 5 2  6 5 9 59 0 7 5 2 1 1 6 5 7 5 2 2 1 6 5 7 2 1  6 9 3 7  90  57  2 1 1 6 5 7 5 2 9 7 5 2 1 1 6 5 7 6 8 7 3 37   77 0 3 50   37 |  5
Card 2902: 5 7 5 2 1 1 6 5 9 0 7 5 2 1 1 6 5 7 5 2 2 | 0