Card 0: 7 7 7 7 7 7 7  7 7 7  7 7 7 7 7 7 7 7 7 7 70 | 5
Card 2: 7  7 7 7 7 7 7  7 7 7 7 7 6 7 7  7 7 7 7 7 71 | 5
Card 2: 7  7 7 7 7  7  7 7  7 7 7 7 77 7 7  7 7 7 7 7 7 7 7 7 7 70 | 5
Card 2: 7  7 7 7 7 7   7    7  7 7  7 7 7  7 7 7 7 7 7 7 7 70 | 5
Card 2: 7  7 7 7 7   7 7 7 7 7 7 7  7 7 77 7  7 7 7 7   70 | 5
Card 2: 7  7 7 7 7  7  7 7  7 7 7 7 77 7 7  7 7 7 7 7 7 7 7 7 7 70 | 5
Card 1: 7  7 7 7 7 7   7  7 7 7  7 7 7 7   7  7 7 7 7 7 70 | 5
Card 2: 7  7 7 7 7 7   7  7 7 7  7 7 6 7 7  7 7 7 7 7 71 | 5
Card 2: 7  7 7 7 7  7  7 7  7 7 7 7 77 7 7  7 7 7 7 7 7 7 7 7 7 70 | 5
Card 2: 7  7 7 7 7 7 7  7 7  7 7 7  7 7 7 7 7 7 7 7 70 | 5
Card 2: 7  7 7 7 7   7 7 7 7   7 7 7  7 7 77 7  7 7 7 7   70 | 5
Card 2: 7  7 7 7 7   7  7 7  7 7 77  7 7 7 7 7 7 7 7 7 7 70 | 5
Card 1: 7 8 | 5