Card 0: 7 77 |  5
Card 2902: 5 7 5 2 1 1 7 5 7 5 26 9 3 79 9 0 5 2 1 1 6 5 7 0 2 1 1 6 5 7 6 9 4 7 9 9 6 5 4 0  4 0 0 7 5 2 7 7 7  4 0 0 7 5 2 1 1 6 5 7 5 2 6 8 7 3 7 9 0 7 5 2 12 15 7 5 2 1 1 6 5  2 6 8 7 3 7 9 0 7 5 2 7 92 1 6 7  0 0 7 5 2 7 7 7  4 0 0 7 5 2 1 1 6 5 7 5 2 6 8 7 3 7 9 0 7 5 2 12 15 7 5 2 1 1 6 5  2 6 8 7 3 7 9 0 7 5 2 7 92 1 6 7 5 9 7 74 7 37 |  5
Card 2902: 5 7 5 2 1 1 7 5 7 5 26 9 3 79 79 0 5 2 1 1 6 5 7 5 2 1 1 6 5 7 6 9 4 7 9 9 6 5 4 0  4 0 0 7 5 2 7 7 7  4 0 0 7 5 2 1 1 6 5 7 5 2 6 8 7 3 7 9 0 7 5 2 1 1 6 5 7 5 2 1 1 6 5 9 9 1 7 5 2 0 1 6 5 7 5 2 1 5 7 6 9 3 7 1 6 5 7 3 7 9 0 7 5 1 1 6 5  37 |  5
Card 2902: 5  5 25 7 5  37 |  5
Card 2902: 5 7 5 2 1 1 7 5 7 5 26 9 3 79 9 0 5 2 1 1 6 5 7 5 2 1 1 6 5 7 6 9 4 7 9 9 6 5 4 0  4 0 0 7 5 2 7 7 7  4 0 0 7 5 2 1 1 6 5 7 5 2 6 8 7 3 7 9 0 7 5 2 1 1 8 5 7 5 2 1 1 6 5 9 9 1 7 5 2 0 1 6 5 7 5 2 1 5 7 6 9 3 7 1 6 5 7 3 7 9 0 7 5 1 1 6 5  37 |  5
Card 2902: 5 7 5 2 1 1 7 5 7 5 26 9 3 79 9 0 5 2 1 1 6 5 7 5 2 1 1 6 5 7 6 9 4 7 9 9 6 5 4 0  4 0 0 7 5 2 7 7 7  4 0 0 7 5 2 1 1 6 5 7 5 2 6 8 7 3 7 9 0 7 5 2 1 1 6 5 7 5 2 1 0 6 5 9 9 1 7 5 2 0 1 6 5 7 5 2 1 5 7 6 9 3 7 1 6 5 7 3 7 9 0 7 5 1 1 6 5  37 |  5
Card 2902: 5  7 7 7 74 7 37 |  5
Card 2902: 5 7 5 2 1 1 7 5 7 5 26 9 3 79 9 0 5 2 1 1 6 5 7 5 2 1 1 6 5 7 6 9 4 7 9 9 6 5 4 0  4 0 0 7 5 2 7 7 7  4 0 0 7 5 2 1 1 6 5 7 5 2 6 8 7 3 7 9 0 7 5 2 1 1 6 5 7 5 2 1 1 6 5 9 9 1 7 5 2 0 1 6 5 7 5 2 1 0 7 6 9 3 7 1 6 5 7 3 7 9 0 7 5 15 1 1 6 5  37 |  5
Card 22: 5 7  7 7 7 74 7 37 |  2
Card 2902: 5 7 5 2 1 1 7 5 7 5 26 9 3 79 79 0 5 2 1 1 6 5 7 5 2 1 1 6 5 7 6 9 4 7 9 9 6 5 4 0  4 0 0 7 5 2 7 7 7  4 0 0 7 5 2 1 1 6 5 7 5 2 6 8 7 3 7 9 0 7 5 2 1 1 6 5 7 5 2 1 1 6 5 9 9 1 7 5 2 0 1 6 5 7 5 2 1 5 7 6 9 3 7 1 6 5 7 3 7 9  5 2 1 1 6 5 7 5  37 |  5
Card 2902: 5 7 5 2 1 1 7 5 7 5 26 9 3 79 9 0 5 2 1 1 6 5 7 5 2 1 1 6 5 7 6 9 4 97 9 9 6 5 4 0  4 0 0 7 5 2 7 7 7  4 0 0 7 5 2 1 1 6 5 7 5 2 6 8 7 3 7 9 0 7 5 2 1 1 8 5 7 5 2 1 1 6 5 9 9 1 7 5 2 0 1 6 5 7 5 2 1 5 7 6 9 3 7 1 6 5 7 3 7 9 0 7 6 5  7 7 74 7 37 |  5
Card 2902: 5 7 5 2 1 1 7 5 7 5 26 9 3 79 9 0 5 2 1 1 6 5 7 5 2 1 1 6 5 7 6 9 4 7 9 9 6 5 4 0  4 0 0 7 5 2 7 7 7  4 0 0 7 5 2 1 1 6 5 7 5 2 6 8 7 3 7 9 0 7 5 2 1 1 6 5 7 5 2 1 1 6 5 9 9 1 7 5 2 0 1 6 5 7 5 2 1 5 7 6 9 3 7 1 6 5 7 3 7 9 0 7 5 1 1 6 5  37 |  5
Card 2902: 57   7 7 7 74 7 37 |  5
Card 2902: 5 7 5 2 1 1 7 5 7 5 26 9 3 79 9 0 5 2 1 1 6 5 7 5 2 1 1 6 5 7 6 9 4 7 9 9 6 5 4 0  4 0 0 7 5 2 7 7 7  4 0 0 7 5 2 1 1 6 5 7 5 2 6 8 7 3 7 9 0 7 5 2 1 1 6 5 7 5 2 1 1 6 5 9 9 1 7 5 2 0 1 6 5 7 5 2 1 5 7 6 9 3 7 1 6 5 7 3 7 9 0 7 5 1 1 6 5  37 |  5
Card 2902: 5 5 1 1 6 5  37 |  5
Card 2902: 5 7  7 7 7 7 5 2 1 1 6 5 7 5 2 1 1 6 5 7 6 9 4 7 9 9 6 5 4 0  4 0 0 7 5 2 7 7 7  8 0 0 7 5 2 1 1 6   7 5 2 6 8 7 3 7 9 0 7 5 2 1 1 6 5 7 5 2 1 3 7 1 6 5 7 3 7  3 37 |  5
Card 2902: 5 7 5 2 1 1 7 5 7 5 26 9 3 79 9 0 5 2 1 1 6 5 7 5 2 1 1 6 5 7 6 9 4 7 9 9 6 5 4 0  4 0 0 7 5 2 7 7 7  4 0 0 7 5 2 1 1 6 5 7 5 2 6 8 7 3 7 9 0 7 5 2 1 1 6 5 7 5 2 1 1 6 5 9 9 1 7 5 2 0 1 6 5 7 5 2 1 5 7 6 9 3 7 1 6 5 7 3 7 9 0 7 5 1 1 6 5  37 |  5
Card 2902: 5 7  7 7 7 74 7 37 |  5
Card 2902: 5 7 5 2 1 1 7 5 7 5 26 9 3 79 9 0 5 2 1 1 6 5 7 5 2 1 1 6 5 7 6 9 4 7 9 9 6 5 4 0  4 0 0 7 5 2 7 7 7  4 0 0 7 5 2 1 1 6 5 7 5 2 6 8 7 3 7 9 0 7 5 2 1 1 6 5 7 5 2 1 1 6 5 9 9 1 7 5 2 0 1 6 5 7 5 2 1 5 7 6 9 3 7 1 6 5 7 3 7 9 0 7 5 1 1 6 5  37 |  5
Card 2902: 5 27 4 0 | 0