Card 6: 9 16 2 27 3 4 0 6 8 | 5
Card 2: 8 8 7 7 7 7 7 7 2 7 8 7 7 5 7 0 | 5
Card 2: 8 8 7 7 7 7 7 7 2 7 8 4 7 6 7 0 | 5
Card 2: 8 8 7 7 1 38 7 7  26 215 12 70 8 55  5  37 |  5
Card 9: 00 71 17 2 7 7 6 7 0 | 5
Card 2: 38 45  07 7 7 7 0 0 | 5
Card 2: 8 8 7 7 7 7 7 7 2 7 8 7 7 6 7 0 | 5
Card 2: 8 8 7 7 7 7 7 7 2 7 8 7 7 6 7 0 | 5
Card 2: 8 8 7 7 7 7 7 7 2 7 8 7 7 6 7 0 | 5
Card 29:  21 2 1 1 6 5 7 5 37 |  5
Card 292:  2 5  76 9 33  71  7 8 73 | 5
Card 3: 7 7 7 7 3 9 59  1 6  4 0 0 7 5 2 1 1 7 8  76 0 | 5 2 1 1 7 5 7 5 2 2 1 6 5 7 2 1 1 6 5 7 5 23 7 1 6 5 7 6 8 7 3 7 6 9 71 0 6 5 7 9 3 7 6 7 8 67 32 1 7 5 2 6 5 4  02  7 5 2 1 6 5 1 1 1 6 5 2 6 5
Card 002: 56 7 5 2 1 15 1 7 | 7