Card 6: 16 7 15 4 9 22 26 17 2 27 3 4 0 7 15 74 9 225 6  215 172  38 4  5 0 31 70 3   8 55 7 2    57  37 |  5
Card 292:  2 27 7 5  73 4 0   85 1 213 140 3 75  71 6   17 25 6  215 172 70 3   8 55 7 2    57  37 |  5
Card 292:  2 27 7 5    85 1 213 100 3 75  71 6   17 25 6  215 172  38 4 5 0 31 70 3   8 55 7 2    57  37 |  5
Card 292:  2 27 7 5  5 04 5 0 31 70 3   8 55 7 2    57  37 |  5
Card 292:  2 27 7 5  73 4 0   85 1 213 140 3 75  71 6   17 25 6  215 172  38 4 5 0 31 70 3   8 55 7 2    57  8 55 7 2    57  37 |  5
Card 292:  2 27 7 5   1 213 100 3 75  71 6   17 25 6  215 172  38 4  5 0 31 70 3   8 55 7 2    57  37 |  5
Card 292:  2 27 7 5  73 4 0   85 1 213 140 3 75  71 6   17 25 6  215 172 70 3   8 55 7 2    57  37 |  5
Card 292:  2 27 7 5    85 1 213 100 3 75  71 6   17 25 6  215 172  38 4 5 0 31 70 3   8 55 7 2    57  37 |  5
Card 292:  2 27 7 5  5 04 5 0 31 70 3   8 55 7 2    57  37 |  5
Card 292:  2 27 7 5  73 4 0   85 1 213 140 3 75  71 6   17 25 6  215 172  38 4 5 0 31 70 3   8 55 7 2    57  37 |  5
Card 292:  2 27 7 5    85 1 213 100 3 75  71 7 3   8 55 7 2    57  37 |  5
Card 292:    85 1 213 140 3 75  172  213 140 3 75  71 6   17 25 6  212    57  37 |  5
Card 292:  2 27 7 5  73 4 0   85 1 213 140 3 75  71 6   17 25 6  215 172 70 3   8 55 7 2    57  37 |  5
Card 292:  2 27 7 5    85 1 213 100 3 75  71 6   17 25 6  215 172  38 4 5 0 31 70 3   8 55 7 2    57  37 |  5
Card 292:  2 27 7 5  5 04 5 0 31 70 3   8 55 7 2    57  37 |  5
Card 292:  2 27 7 5  73 4 0   85 1 213 140 3 75    57  37 |  5
Card 292:  2 27 7 5  73 4 0   85 1 213 140 3 75  71 6   17 25 6  215 172 70 3   8 55 7 2    57  37 |  5
Card 292:  2 27 7 5    85 1 213 100 3 75  71 6   17 25 6  215 172  38 4 5 0 31 70 3   8 55 7 2    57  37 |  5
Card 292:  2 27 7 5  73 4 0   85 1 213 140 3 75  75 0 31 70 3   8 55 7 2    57  37 |  5
Card 292:  2 27 7 5  72 26 17 2 27 3 4 0  6 8 5 1 72   6 8 5 1 72 |  0À