Card 8: 7 | 7 7 7 7 7 7  7 7 7 7 7 7 7 7  7 7 75
Card 3:  7 | 7 76 7 7 7 7 7 7 7 9 7 7 7  7 07 7 7
Card 30:  7 |   8 7 7 7 7 7  7 7 7 7 7 7 7 7 7 5
Card 30:  7 |   7 7 7 7 7 7 7  7 7 7 7 7 77 7
Card 35: 7 |   7 7 7 7 7  7 7 7 8 7 7 7 77  7  17
Card 630:  7 |   7 7 7  7 7  7 7 7 7 7 7 17
Card 30:  7 |  7 7   7 7 7 7 7 7 7  7   77
Card 0:  7 |  7 7 7 7 7  7 7 7  7 78
Card 35: 7 |   7 7 7 7 7  7 7 7 7
Card 30:  7 |  7 7 7  7 7 7 7
Card 30:  7 |  7 7 7 77 7 7 7
Card 35:  7 |   7 7 7 7 8 8 7 17
Card 30:  7 | 7  7  7 4 7 17
Card 15:  7 |  7 07 7 75 7
Card 3:  7 |  7 7
Card 30:  7 | 7 7 