Card 2: 7 7 7 7 7 7 7 7 7 7 7 7 7 1 7 7 7  7 8 7 0 | 5
Card 2: 7 7 0 | 5
Card 2: 3 7 7 7 7 7 7 7  7 7 7 7 7 7 1 7 7 7  7 8  7 0 | 5
Card 2: 7  7 0 | 5
Card 2: 7 7 7 7 7 7 7 7 7 7 7 7 7 8 75 1 7 7 7  7 8  7 0 | 5
Card 2:  0  7 7 7 7 7 7 7 7  7 7 7 7 1 7 4 7  7 8  7 0 | 5
Card 2: 7 7 7 7 7 7 7 7 7 7 7 7 7 7 7 1 7 7 7  7 8  7 0 | 5
Card 2: 7 7 7 7 7 7 7 7 7 7 7 7 7 7 1 7 4 7  7 8  7 0 0 | 5
Card 2:  0  7 7 7 7 7 7 7 7  7 7 7 7 7 7 1 7 4 7  7 8  7 0 | 5
Card 2: 7 7 7 7 7 7 7 7 7 7 7 7 7 7 7 1 7 7 7  7 8  7 0 | 5
Card 2: 7 7 7 7 7 7 7 7 7 7 7 7 7 7 1 7 4 7  7 8  7 0 | 5
Card 2: 7 7 7 7 7 7 7 7 7 7 7 7 7 7 7 1 7 7 7  7 8  7 0 | 5
Card 2: 7 7 7 7 7 7 7 7 7 7   7 7 7 7 7 1 7 7 7  7 8  7 0 | 5
Card 2: 7 7 7 7 7  7 7 7 7 7 7 7 7 7 7 7 7 7 7 7 7 1 7 7 7  7 8  7 0 | 5
Card 2: 7 7 7 7 7 7 7 7 7 7 7 7 7 7 1 7 4 7  7 8  7 0 | 5
Card 2: 7 7 7 7 7 7 7 7 7 7 7 7 7 7 7 1 7 7 7  7 8  7 0 | 5
Card 2: 7 7 7 7 7 7 7 7 7 7   7 7 7 7 7 1 7 7 7  7 8  7 0 | 5
Card 2: 7 7 7 7 7  7 7 7 7 7 7 7 7 7 1 7 7 7  7 8  7 0 | 5
Card 2: 7  7  7 7 7 7 7 7 7 7 7 7 7 7 1 7 7 7  7 8  7 0 | 5
Card 2: 7 7 7 7  7 7 7 7 7 7 7 7 7 1 7 7 7  7 8  7 0 | 5
Card 2: 7 7 7 7 7 7  7 7 7 7 7 7 7 7 9 7  7 8   7 7  8  7 0 | 5
Card 2: 7 7 7 7 7 7 7 7 7 7 7 7 7 7 7 1 7 7 76 7    8  7 0 | 5
Card 2: 7 7 7 7 7 7 7 7 7 7 7 7 8 75 1 7 7 7  7 8  7 0 | 5
Card 2:  0  7 7 7 7 7 7 7 7 7 7 7 7 1 7 7 7  7 8  7 0 | 5
Card 2: 7 7 7 7  7 7 7 7 7 7 7 7 7 1 7 7 7  7 8  7 0 | 5
Card 2: 7 7 7 7 7 7  7 7 7 7 7 7 7 7 9 7  7 8   7 7  8  7 0 | 5
Card 2: 7 7 7 7 7 7 7 7 7 7 7 7 7 7 7 1 7 7 76 7    8  7 0 | 5
Card 2: 3 7 7 7 7 7 7 7 7 7 7 7 7 1 7 7 7  7 8  7 0 | 5
Card 2: 7  7 0 | 5
Card 2: 7 7 7 7 7 7 7 7 7 7 7 7 7 8 75 1 7 7 7  7 8  7 0 | 5
Card 2:  0  7 7 7 7 7 7 7 7  7 7 7 7 1 7 4 7  7 8  7 0 | 5
Card 2: 7 7 7 7 7 7 7 7 7 7 7 7 7 7 7 1 7 7 7  7 8  7 0 | 5
Card 2: 7 7 7 7 7 7 7 7 7 7 7 7 7 7 1 7 4 7  7 8  7 0 | 5
Card 2: 7 7 7 7 7 7 7 7 7 7 7 7 7 7 7 1 7 7 7  7 8  7 0 | 5
Card 2: 7 7 7 7 7 7 7 7 7 7 7 7 7 1 4 1 7 7 76 7 8 | 5