Card 2: 9 17 2 27 2    57  37 |  5
Card 292:  2 27 7 5  73 4 0   85 1 213 185 1 213 143 75  71 6   12 30  17  2 65 215 1 70 3 2    57  37 |  5
Card 292:  2 27 7 5    85 1 213 100 3 75  71 6   17 25 6  215 18 4 5 0 31 0 73   8 55 7 2    57  37 |  5
Card 292: 27 7 5  73 4 0  85 1 213 140 3 75  71 6  176 25 6  215 172 70 3   8 55 7 2    57  37 |  5
Card 292:  227 85 1 1 7 3  213 100 3 75  76   17 25 6  215 172  38 4  5 0 31 70 3   8 55 7 2    57  37 |  5
Card 292:  2 27 7 5  73 4 0   85 1 213 185 1 213 143 75  71 6   12 30  17  2 65 215 1 70 3 2    57  37 |  5
Card 292: 27 7 5    85 1 213 100 3 75  71 6   17 25 6  215 18 4 5 0 31 0 73   8 55 7 2    57  37 |  5
Card 292: 27 7 5  73 4 0  85 1 213 140 3 75  71 6  176 25 6  215 172 70 3   8 55 7 2    57  37 |  5
Card 292:  227 85 1 213 100 1 75  71 6    7 25 6  215 172 78 44 5 0 31 70 3   8 55 7 2    57  37 |  2
Card 292:  2 27 7 5  73   85 1 213 140 3 75    17 25 6  215 172  38 4  5 0 31 70 3   8 55 7 2  37 |  5
Card 292:  2 27 7 5  73 4 07 7 5  73 4 0   85 1 213 185 1 213 143 75  71 6   12 30  17  2 65 215 1 70 3 2    57  37 |  5
Card 292:  2 27 7 5    85 1 213 100 3 75  71 6   17 25 6  215 18 4 5 0 31 0 73   8 55 7 2    57  37 |  5
Card 292:  2 27 7 5  73 4 0  85 1 213 140 3 75  71 6  176 25 6  215 172 70 3   8 55 57  37 |  5
Card 292:  227 85 1 213 100 1 7 3  213 100 3 75  71 6   17 25 6  215 172  38 4  5 0 31 77 2 27 2    57  37 |  5
Card 2:  2 27 7 5  73 4 0   85 1 213 183 143 75  71 6   12 30  17  2 65 215 1 70 3 2    57  37 |  5
Card 292:  2 27 7 5    85 1 213 100 3 75  71 6   17 25 6 215 18 4 5 0 31 0 73   8 55 7 2    57  37 |  5
Card 92: 27 7 5  73 4 0  85 1 213 140 3 75  71 6  176 25 6  215 2  38 4 5 0 31 70 3   8 55 7 2    57  34 0 6 8 5 1 7 | 7