Card 2: 9 7 5 2 13 4   5 73 4 70 9 3 7 82 01 11 3 | 5
Card 9: 2 8 9 3 7 80 73 4 73 4 9 3 5 73 4 70 1 0 | 5
Card 8: 2 8 92 7 5 2 13  0  85 1 10 11 3 | 5
Card 9: 2 8 9 3 7 82  5 73 4 81 10 11 3 | 5
Card 9: 2 8 9 3 7 82  5 73 4 85 1 0 | 5
Card 9: 2 8 9 3 7 82 01 13 4 0  85 1 10 11 3 | 5
Card 9: 2 8 9 8 9 3 7 82  5 73 4 85 1 0 | 5
Card 9: 2 8 9 3 7 82 01 13 4 0  80 11 3 | 5
Card 9: 2 8 9 5 73 4 9 3 7 82 0 73 4 85 11 3 | 5
Card 9: 2 8 9 3 7 82  5 73 4 25 1 0 | 5
Card 9: 2 8 9 3 7 82 0 73 4 73 4 9 3 5 73 4 70 1 0 | 5
Card 8: 2 8 92 7 5 2 13  0  85 1 10 11 3 | 5
Card 9: 2 8 9 3 7 82  5 73 4 81 10 11 3 | 5
Card 9: 2 8 9 3 7 82  5 73 4 85 1 0 | 5
Card 9: 2 8 9 3 7 8 0  85 1 10 113 4 81 0 | 5
Card 9: 2 8 9 3 7 82 01 13 4 0  80 11 3 | 5
Card 9: 2 8 9 5 73 4 9 3 7 82 0 73 4 85 11 3 | 5
Card 9: 2 8 9 3 7 82  5 73 4 25 1 0 | 5
Card 9: 2 8 9 3 7 82 07 3 4 73 4 9 3 5 73 40 1 0 | 5
Card 8: 2 8 92 7 5 2 13  0  85 1 10 11 3 | 5
Card 9: 2 8 9 3 7 82  5 73 4 81 10 11 3 | 5
Card 9: 2 8 9 3 7 82  5 73 4 85 1 0 | 5
Card 9: 2 8 9 3 7 82 01   5 73 4 81 10 11 3 | 5
Card 9: 2 8 9 3 7 82  5 73 4 85 1 0 | 5
Card 9: 2 8 9 3 7 82 9 3 7 82  5 73 4 85 1 0 | 5
Card 9: 2 8 9 3 7 8 0  85 1 10 113 4 81 0 | 5
Card 9: 2 8 9 3 7 82 01 13 4 0  80 11 3 | 5
Card 9: 2 8 9 5 73 4 9 3 7 82 0 73 4 85 11 3 | 5
Card 9: 2 8 9 3 7 82  5 73 4 25 1 0 | 5
Card 9: 2 8 9 3 7 82 07 3 4 73 4 9 3 5 73 4 70 1 0 | 5
Card 8: 2 8 92 7 5 2 13  0  85 1 10 11 3 | 5
Card 9: 2 8 9 3 7 82  5 73 4 81 10 11 3 | 5
Card 9: 2 8 9 3 7 82  5 73 4 85 1 0 | 5
Card 9: 2 8 9 3 7 82 01   5 73 4 81 10 11 3 | 5
Card 9: 2 8 9 3 7 82  5 73 4 85 1 0 | 5
Card 9: 2 8 9 3 7 82 01 13 4 0  85 1 10 11 3 | 5
Card 9: 2 8 9 8 9 3 7 82  5 73 4 85 1 0 | 5
Card 9: 2 8 9 3 7 82 01 13 4 0  80 11 3 | 5
Card 9: 2 8 9 5 73 4 9 3 7 82 0 73 4 85 11 3 | 5
Card 9: 2 8 9 3 7 82  5 73 4 25 1 0 | 5
Card 9: 2 8 9 3 7 82 0 73 4 73 4 9 3 5 73 4 70 1 0 | 5
Card 8: 2 8 92 7 5 2 13  0  85 1 10 11 3 | 5
Card 9: 2 8 9 3 7 82  5 73 4 81 10 11 3 | 5
Card 9: 2 8 9 3 7 82  5 73 4 85 1 0 | 5
Card 9: 2 8 9 3 7 82 0  85 101 13 4 0  85 1 10 11 3 | 5
Card 9: 2 8 9 8 9 3 7 82  5 73 4 85 1 0 | 5
Card 9: 2 8 9 3 7 82 01 13 4 0  80 11 3 | 5
Card 9: 2 8 9 5 73 4 9 3 7 82 0 73 4 85 11 3 | 5
Card 9: 2 8 9 3 7 82  5 73 4 25 1 0 | 5
Card 9: 2 8 9 3 7 82 0 73 4 73 4 9 3 5 73 4 70 1 0 | 5
Card 8: 2 8 92 7 5 2 13  0  85 1 10 11 3 | 5
Card 9: 2 8 9 3 7 82  5 73 4 81 10 11 3 | 5
Card 9: 2 8 9 3 7 82  5 73 4 85 1 0 | 5
Card 9: 2 8 9 3 7 82 01 13 4 0  86 1 10 11 3 | 5
Card 9: 2 8 9 5 73 4 90 0  85 1 10 11 3 | 5
Card 9: 2 8 9 8 9 3 7 82  5 73 4 85 1 0 | 5
Card 9: 2 8 9 3 7 82 01 13 4 0  80 11 3 | 5
Card 9: 2 8 9 5 73 4 9 3 7 82 0 73 4 85 11 3 | 5
Card 9: 2 8 9 3 7 82  5 73 4 25 1 0 | 5
Card 9: 2 8 9 3 7 82 0 73 45 73 4 70 1 0 | 5
Card 8: 2 8 92 7 5 2 13  0  85 1 10 11 3 | 5
Card 9: 2 8 9 3 7 82  5 73 4 81 10 11 3 | 5
Card 9: 2 8 9 3 7 82  5 73 4 85 1 0 | 5
Card 9: 2 8 9 3 7 82 01 13 4 0  85 1 10 11 3 | 5
Card 9: 2 8 9 5 73 4 90 | 0