Card 06: 7 7 7 7 7 4 7 7 7 7 7 77 7 7 7 6 7 7 |  5
Card 2952: 55 7  6 7 7 7 7 7 77 7 7 7 6 7 7 7 5  7 |  5
Card 2952: 55 7 4 7 7 7 7 77 7 7 7 75 7 4 6 7 7 |  5
Card 2952: 55 7 4 6 7 7  7 9 6 5 4 8 9 3 7 88 0 7 5 2 1 0 |  5
Card 299: 5  5 2 1 8 9 36 5 4 8 9 3 7 8 0 7 5 2 1 0 |  5
Card 29: 5  5 2 1 8 9 3 7 9 7 5 4 7 7 7 7 8 0 7 5 2 1 0 |  5
Card 29: 5 5 4   9 3 7 9 6 5 2 47 7 7 7 8 0 7 5 2 1 0 |  5
Card 29: 5  5 2 1  9 0 7 5 2 1 0 7 7 7 7 8 0 7 5 2 1 0 |  5
Card 29: 5  5 2 1 1 6 5  7 2 1 0 7 7 7 7 8 0 7 5 2 1 0 | 05
Card 29: 5  5 2 1 9 6 5 4 8 9 3 7 88 0 7 5 2 1 0 |  5
Card 300: 5  1 2 1 8 9 3 7 9 6 5 4 8 9 3 7 8 05 2 1 0 |  5
Card 29: 5  5 2 1 8 9 3 7 9 6 5 4 7 7 7 7 8 0 7 5 2 1 0 |  5
Card 29: 5 5 4  59 3 77 7 7 77 7 7 7 6 7 7 7 7  7 |  5
Card 2952: 55 7 4 7 7 7 7 7 77 7 7 7 75 7 4 6 7 7 |  5
Card 2952: 55 7 4 6 7 7 7 7 7 7  65 9 6 5 7 7 6 0 | 6 7 7 7 7  7 4 7 5 96 5  6 5 7 7 6 0 | 0