Card 7:  7 7 7 7 7 7 7 7 7 7 7 7 7  7 1 7 7   7 8 7 0 | 5
Card 2: 7 7 7 7 7 7 7 7  7 7 7 7 7  77 7 1 7 7   8 6 0 | 5
Card 2: 7 7 7 7 7 7 7 7 7 7 7 7 7 7 1 7 7 7  7 8  7 | 5
Card 2: 7 7 7 7 7 7 7 7 7 7 7 7 7 7 1 7 7   7 8 7 0 | 5
Card 2: 7 7 7 7 7 7 7 7 7 7 7 7 7 7 1 7 7 7  7 8  7 | 5
Card 2: 7 7 7 7 7 7 7 7 7 7 7 7 7 7 1 7 7 7  7 8  7 | 5
Card 2: 7 7 7 7 7 7 7 7 7 7 7 7 7 7 1 7 7   7 8 7 0 | 5
Card 2: 7 7 7 7 7 7 7 7 7 7 7 7 7 7 1 7 7 7  7 8  7 | 5
Card 2: 7 7   7 7 7 7 7 7 7 7 7 7 7 7 7  7 1 7 7 7 8 7 0 | 5
Card 2: 7 7 7 7 7 7 7 7  7 7 7 7 7 7 7 7 4   7 8 6 0 | 5
Card 2: 7 7 7 7 7 7 7 7 7 7 7 7 7 7 1 7 7 7  7 8  7 | 5
Card 2: 7 7 7 7 7 7  7 7 7 7 7 7 7  7 1 7 7   7 8 7 0 | 5
Card 2: 7 7 7 7 7 7 7 7  7 7 7 7 7 7 7 7 1 7 7   7 8 6 0 | 5
Card 2: 7 7 7 7 7 7 7 7 7 7 7 7 7 7 1 7 7 7  7 8  7 | 5
Card 2: 7 7 7 7 7 7 7 7 7 7 7 7 7 7 1 7 7   7 8 7 0 | 5
Card 2: 7 7 7 7 7 7 7 7 7 7 7 7 7 7 1 7 7 7  7 8  7 | 5
Card 2: 7 7 7 7 7 7 7 7 7 7 7 7 7 7 7 7 7 7 7 7 7 1 7 7 7  7 8  7 | 5
Card 2: 7 7 7 7 7 7  7 7 7 7 7 7 7  7 1 7 7   7 8 7 0 | 5
Card 2: 7 7 7 7 7 7 7 7  7 7 7 7 7 7 7 7 1 7 7   7 8 6 0 | 5
Card 2: 7 7 7 7 7 7 7 7 7 7 7 7 7 7 1 7 7 7  7 8  7 | 5
Card 2: 7 7 7 7 7 7 7 7 7 7 7 7 7 7 1 7 7   7 8 7 0 | 5
Card 2: 7 7 7 7 7 7 7 7 7 7 7 7 7 7 1 7 7 7  7 8  7 | 5
Card 2: 7 7 7 7 7 7 7 7 7 7 7 7 7 7 1 7 7 7  7 8  7 | 5
Card 2: 7 7 7 7 7 7 7 7 7 7 7 7 7 7 1 7 7   7 8 7 0 | 5
Card 2: 7 7 7 7 7 7 7 7 7 7 7 7 7  7 1 7 7   7 8 7 0 | 5
Card 2: 7 7 7 7 7 7 7 7  7 7 7 7 7  7 1 77 7   7 8 6 0 | 5
Card 2: 7 7 7 7 7 7 7 7 7 7 7 7 7 7 1 7 7 7  7 8  7 | 5
Card 2: 7 7 7 7 7 7 7 7 7 7 7 7 7 7 1 7 7   7 8 7 0 | 5
Card 2: 7 7 7 7 7 7 7 7 7 7 7 7 7 7 1 7 7 7 7 8  7 | 5
Card 2: 7 7 7 7 7 7  7 7 7 7 7 7 7  7 1 7 7   7 8 7 0 | 5
Card 2: 7 7 7 7 7 7 7 7  7 7 7 7 7 7 7 7 1 7 7   7 8 6 0 | 5
Card 2: 7 7 7 7 7 7 7 7 7 7 7 7 7 7 1 7 7 7  7 8  7 | 5
Card 2: 7 7 7 7 7 7 7 7 7 7 7 7 7 7 1 7 7   7 8 7 0 | 5
Card 2: 7 7 7 7 7 7 7 7 7 7 7 7 7 7 1 7 7 7  7 8  7 | 5
Card 2: 7 7 7 7 7 7 7 7 7 7 7 7 7 7 7 1 7 7 7  7 8  7 | 5
Card 2: 7 7 7 7 7 7 7 7 7 7 7 7 7 7 1 7 7   7 8 7 0 | 5
Card 2: 7 7 7 7 7 7 7 7 7 7 7 7  7  71  1 7 7   7 8 7 0 | 5
Card 2: 7 7 7 7 7 7 7 7 7 7 7 7 7 7 1 7 7 7  7 8  7 | 5
Card 2: 7 7   7 7 7 7 7 7 7 7 7 7 7 7 7  7 1 7 7 7 0 | 5
Card 2: 7 7 7 7 7  7  7 7 7 7 7 7 7 7 1 7 7   7 8 6 0 | 5
Card 2: 7 7 7 7 7 7 7 7 7 7 7 7 7 7 1 7 7 7  7 8  7 | 5
Card 2: 7 7 7 7 7 7  7 7 7 7 7 7 7  7 1 7 7   7 8 7 0 | 5
Card 2: 7 7 7 7 7 7 7 7  7 7 7 7 7 7 7 7 1 7 7   7 8 6 0 | 5
Card 2: 7 7 7 7 7 7 7 7 7 7 7 7 7 7 1 7 7 7  7 8  7 | 5
Card 2: 7 7 7 7 7 7 7 7 7 7 7 7 7 7 1 7 7   7 8 7 0 | 5
Card 2: 7 7 7 7 7 7 7 7 7 7 7 7 7 7 1 7 7 7  7 8  7 | 5
Card 2: 7 7 7 7 7 7 7 7 7 7 7 7 7 7 1 7 7 7  7 8  7 | 5
Card 2: 7 7 7 7 7 7 7 7 7 7 7 7 7 7 1 7 7   7 8 7 0 | 5
Card 2: 7 7 7 7 7 7 7 7 7 7 7 7 7  7 1 7 7   7 8 7 0 | 5
Card 2: 7 7 7 7 7 7 7 7  7 7 7 7 7  7 1 77 7   7 8 6 0 | 5
Card 2: 7 7 7 7 7 7 7 7 7 7 7 7 7 7 1 7 7 7  7 8  7 | 5
Card 2: 7 7 7 7 7 7 7 7 7 7 7 7 7 7 1 7 7   7 8 7 0 | 5
Card 2: 7 7 7 7 7 7 7 7 7 7 7 7 7 7 1 7 7 7 7 8  7 | 5
Card 2: 7 7 7 7 7 7  7 7 7 7 7 7 7  7 1 7 7   7 8 7 0 | 5
Card 2: 7 7 7 7 7 7 7 7  7 7 7 7 7 7 7 7 1 7 7   7 8 6 0 | 5
Card 2: 7 7 7 7 7 7 7 7 7 7 7 7 7 7 1 7 7 7  7 8  7 | 5
Card 2: 7 7 7 7 7 7 7 7 7 7 7 7 7 7 1 7 7   7 8 7 0 | 5
Card 2: 7 7 7 7 7 7 7 7 7 7 7 7 7 7 1 7 7 7  7 8  7 | 5
Card 2: 7 7 7 7 7 7 7 7 7 7 7 7 7 7 1 7 7 7  7 8  7 | 5
Card 2: 7 7 7 7 7 7 7 7 7 7 7 7 7 7 1 7 7   7 8 7 0 | 5
Card 2: 7 7 7 7 7 7 7 7 7 7 7 7 7  7 1 7 7   7 8 7 0 | 5
Card 2: 7 7 7 7 7 7 7 7  7 7 7 7 7 7 7 7 1 7 7   7 8 6 0 | 5
Card 2: 7 7 7 7 7 7 7 7 7 7 7 7 7 7  7 77 77 7   7 8 6 0 | 5
Card 2: 7 7 7 7 7 7 7 7 7 7 7 7 7 7  7 77 7 7 6 7 8 | 5