Card 2: 7 7 7 7 7 7 7 7 7 7 7 7 7 7 7 1 7 7 7  7 8  7 0 | 5
Card 2: 7 7 7 7  7 7 7 7 7 7 7 7 7 8 5 1 7 7 7  7 8  7 0 | 5
Card 2:  0 | 5
Card 2:  7 7 7 7 7 7 7 7 7 7 7 7 7 7 1 7 7 7  7 8  7 0 | 5
Card 2: 7 8  7 0 | 5
Card 2: 7 7 7 7 7 7 7 7 7 7 7 7 7 7 7 1 7 7 7  7 8  7 0 | 5
Card 2: 7 7 7 7 7 7  7 7 7 7 7 7 7 7 7 1 7 7 7  7 8  7 0 | 5
Card 2: 7 7 7 7 7 7 7 7 7 77 7 7 7 1 7 7 7  7 8  7 0 | 5
Card 2: 7 7 7 7 7 7 7 7 7 7 7 1 7 17 0 7 6 7 8  7 0 | 5
Card 2: 7 7 7 7 7 7 7 7 7 7 7 7 7 7 7 1 7 7 7  7 8  7 0 | 5
Card 2: 7 7 7 7 7 7  7 7 7  7 7 7 7 7 1 7 7 7  7 8  7 0 | 5
Card 2: 7  7  7 7 7 7 7 7 7 7 7 7 7 7 1 7 7 7  7 8  7 0 | 5
Card 2: 7 7 7 7 7  7 7 7 7 7 7 7 7 7 1 7 7 7  7 8  7 0 | 5
Card 2: 7  7  7 7 7 7 7 7 7 7 7 7 7 7 1 7 7 7  7 8  7 0 | 5
Card 2: 7 7 7 7 7  7 7 7 7 7 7 7 7 7 1 7 7 7  7 8  7 0 | 5
Card 2: 7 7 7 7 7 7  7 7 7 7 7 7 7 7 9 7  7 8   7 7  8  7 0 | 5
Card 2: 7 7 7 7 7 7 7 7 7 7 7 7 7 7 7 1 7 7 76 7    8  7 0 | 5
Card 2: 3 7 7 7 7 7 7 7 7 7 7 7 7 7 7 1 7 7 7  7 8  7 0 | 5
Card 2: 7  7 0 | 5
Card 2: 7 7 7 7 7 7 7 7 7 7 7 7 7 8 75 1 7 7 7  7 8  7 0 | 5
Card 2:  0  7 7 7 7 7 7 7 7  7 7 7 7 7 7 1 7 4 7  7 8  7 0 | 5
Card 2: 7 7 7 7 7 7 7 7 7 7 7 7 7 7 7 1 7 7 7  7 8  7 0 | 5
Card 2: 7 7 7 7 7 7 7 7 7 7 7 7 7 7 1 7 4 7  7 8  7 0 | 5
Card 2: 7 7 7 7 7 7 7 7 7 7 7 7 7 7 7 1 7 7 7  7 8  7 0 | 5
Card 2: 7 7 7 7 7 7 7 7 7 7   7 7 7 7 7 1 7 7 7  7 8  7 0 | 5
Card 2: 7 7 7 7 7  7 7 7 7 7 7 7 7 7 1 7 7 7  7 8  7 0 | 5
Card 2: 7  7  7 7 7 7 7 7 7 7 7 7 7 7 1 7 7 7  7 8  7 0 | 5
Card 2: 7 7 7 7 7  7 7 7 7 7 7 7 7 7 1 7 7 7  7 8  7 0 | 5
Card 2: 7 7 7 7 7 7  7 7 7 7 7 7 7 7 9 7  7 8   7 7  8  7 0 | 5
Card 2: 7 7 7 7 7 7 7 7 7 7 7 7 7 7 7 1 7 7 76 7    8  7 0 | 5
Card 2: 3 7 7 7 7 7 7 7 7 7 7 7 7 7 7 1 7 7 7  7 8  7 0 | 5
Card 2: 7  7 0 | 5
Card 2: 7 7 7 7 7 7 7 7 7 7 7 7 7 8 75 1 7 7 7  7 8  7 0 | 5
Card 2:  0  7 7 7 7 7 7 7 7  7 7 7 7 7 7 1 7 4 7  7 8  7 0 | 5
Card 2: 7 7 7 7 7 7 7 7 7 7 7 7 7 7 7 1 7 7 7  7 8  7 0 | 5
Card 2: 7 7 7 7 7 7 7 7 7 7 7 7 7 7 1 7 4 7  7 8  7 0 | 5
Card 2: 7 7 7 7 7   7 0 | 5
Card 2: 7 7 7 7 7 7 7 7 7 7 7 7 7 7 1 8 1 7 7 76 7 8 | 5