Card 0: 7 7 7 7 7 7 7 7 7 7 7 7 7 7 2 1 8 5 7 8 7 0 | 5
Card 2: 7 7 7 7 7 7 7 7 7 7 7 7 7 7 2 1 8 7 8 7 0 | 5
Card 2: 7 7 7 7 7 7 7 7 7 7 7 7 7  2 1 8 5 7 8 7 0 | 5
Card 2: 7 7 7 7 7 7 7 7 7 7 7 7 7 7 2 1 8 7 8 7 0 | 5
Card 2: 7 7 7 7 7 7 7 7 7 7 7 7 7 2 7 7 9  8 78 7 0 | 5
Card 2: 7 7 7 7  7 7 7  7 7 7 7 7 7 7 2 8 5 7 8 7 0 | 5
Card 2: 7 7 7 7 7 7 7 7 7 7 7 7 61 8 7 7 6 6 8 7 0 | 5
Card 2: 7 7 7 7 7 7 7 7 7 7 7 7 7 2 1 8 5 7 8 7 0 | 5
Card 2: 7 7 7 7 7 7 7 7 7 7 7 7 7 7 2 1 8 7 8 7 0 | 5
Card 2: 7 7 7 7 7 7 7 7 7 7 7 7 7 2 1 8 5 7 8 7 0 | 5
Card 2: 7 7 7 7 7 7 7 7 7 7 7 7 7 7 2 1 8 7 8 7 0 | 5
Card 2: 7 7 7 7 7 7 7 7 7 7 7 7 7  2 1 8 5 7 8 7 0 | 5
Card 2: 7 7 7 7 7 7 7 7 7 7 7 7 7 7 2 1 8 7 8 7 0 | 5
Card 2: 7 7 7 7 7 7 7 7 7 7 7 7 7 2 7 7 9  8 78 7 0 | 5
Card 0: 7 7 7 7 7 7 7  7 7 7 7 7 7 2 1 8 5 7 8 0 0 | 5
Card 2: 7 7 7 7 7 7 7 7 7 7 7 7 7 2 7 8 7 7 6 7 8 | 5