Card 2: 9 7 5 0   85 1 213 140 3 75  71 61  8 55 7 2    57  37 |  5
Card 292:  2 26   85 17 25 38 4 5 0 31 70 63  08 55 7  57  37 |  5
Card 292:  2 27 7 5  73 4 0   85 1 213 140 3  6 5  6 5 2   8 55   57  37 |  5
Card 292:  2 27 7 5  73  85 1 213 140 3 75  71 6   1 8 55 7 2    57 37 |  5
Card 292:  2 27 7 50   85 1  17 25 38 4 5 70 3   8 55 7 2    57  37 |  5
Card 292:    73 4 0   85 1 213 140 3 75  75 0 31 70 3   8 55 7 2    57  37 |  5
Card 292:  2 27 7 5  73 4 0213 140 3 75  71 6   1  8 55 7    57  37 |  5
Card 292:  2 27 73  1  17 38 4 5 0 31 70 3 8 55 7 2   57  37 |  5
Card 292:  73 4 0  5 1 213 140 3 75  75 31 70  8 55 7 2    57  37 |  5
Card 292:  2 27 7 5  73 4 0 85 1 213 140 75  71 6   1  8 55 7 2  37 |  5
Card 292:  2 27 2 27 7 50  17 25 38 4 5 0 31 70 3 75  0  8 55 7 2     37 |  5
Card 292:  2 27 7 5  73 4 0 13 140 3  71 6   1  8 55 77  37 |  5
Card 292:  2 27   13 1  17 25 38 5 0 31 70 3   8 55 7 2    57  37 | 05
Card 292:  2 27 7 5  73 4 0   8 1 213 140 3 75  75 0 31 70 3     57  37 |  5
Card 292:  2 27 7 5  73 4 0 3 139 3 75  71 6  1  8 55 7 2    57  37 |  5
Card 210:  2 27 27 7 50   85 1  17 25 30 31 70 3   8 56 5 4 0 | 0