Card 25: 1 7  5   0  7 2    2 5  7    0     02 5  7    0 7 0 3   8    157 2    50  37 |  5
Card 2952: 5  37  0   8   5 17 2 7          2 6 5   37  0   8   5 17 2 7         0  5  7 53  73  0   8   5 17 2    2 6 5     0 73  0  7 2    2 5  7    0     02 5  7    0 7 0 3   8    157 2    50  37 |  5
Card 2952: 5  37  0   8   5 17 22 7    5  0  5  7 5  73  0   8 8        17 2 7         0  5  7 53  73  0   8   5 17 2    2 6 5     0 73  0  7 2    2 5  7    0     02 5  7    0 7 0 3   8    157   50  37 |  5
Card 2952: 5 0 7   0 5 5  73  0   8  37 |  5
Card 2952: 5  37  0   8   5 17 2 7         0  5 7  53  73  0   8   5 17 2    2 6 5      5  7 53  73  0   8   5 17 2    2 6 5     0 73  0  7 2    2 5  7    0    0 02 5  7    0 7 0 3   8    157 37  0  7  0   8   5 17 2 7         0  5  7 53  73  0   8   5 17 2    2 6 5      0 73  0  7 2    2  7    0     02 5  7    0 7 0 3   8    157   50  37 |  5
Card 2952: 5 0 7   0 5 5  73  0   8  73  0   8 8        17 2 7         0  5  7 53  73  0   8   5 17 2    2 6 5     0 73  0  7 2    2 5  7    0     02 5  7    0 7 0 3   8    157   50  37 |  5
Card 2952: 5 0 7     5 17 2    2 6 5     0 73  0  7 2    2 5  7    0     02 5  7    0 7 0 3   8    157 2    50  37 |  5
Card 2952: 5  37  0   8   5 17 2 7          2 6 5   37  0   8   5 17 2 7         0  5  7 53  73  0   8   5 17 2    2 6 5     0 73  0  7 2    2 5  7    0     02 5  7    0 7 0 3   8    157 2    50  37 |  5
Card 2952: 5  37  0   8   5 17 22 7    5  0  5  7 5  73  0   8 8        17 2 7         0  5  7 53  73  0   8   5 17 2    2 6 5     0 73  0  7 2    2 5  7    0     02 5  7    0 7 0 3   8    157   50  37 |  5
Card 2952: 5 0 7   6 5 5  73  0   8  37 |  5
Card 2952: 5  37  0   8   5 17 2 7         0  5  7 53  73  07 53  73  0   8   5 17 2    2 6 5     0 73  0  7 2    2 5  7    0     02 5  7    0 7 0 3   8    157 2    50  37 |  5
Card 2952: 5  37  0   8   5 17 22 7    5  0  5  7 5  73  0   8 8        17 2 7         0  5  7 53  73  0   8   5 17 2    2 6 5     0 73  0  7 2    2 5  7    0     02 5  7    0 7 0 3   8    157   50  37 |  5
Card 2952: 5 0 7   6 5 5  73  0   8  37 |  5
Card 2952: 5  37  5  7 53  73  0   87 2    2 5  7    0     02 5  7    0 7 0 3  0   8   5 17 2 7         0  5  7 53  73  0   8   5 17 2    2 6 5     0 73  0  7 2    2 5  7    0     02 5  7     0 73  0  7 2    2 5  7    0   7 6   0      0     5 |   0À