Card 21:  0  5  7 5  7      8 7 |  5
Card 2952:  5  7         0    8 7 |  5
Card 2952:  5  7   0        0  5  7 5  7      8 7 |  5
Card 2952:  5  7    0  5  7 5  7      8 7 |  5
Card 2952:  5  7         0    0  5  7 5  7      8 7 |  5
Card 2952:  5  7         0   5  7 5  7     6 7 5  70        0 |  5
Card 2952:  5  7         5  7 5  7      8 7 |  5
Card 2952:  5  7    0  5  7 5  7      8 7 |  5
Card 2952:  5  7         0    0  5  7 5  7      8 7 |  5
Card 2952:  5  7             0    8 7 |  5
Card 2952:  5  7   0        0  5  7 5  7      8 7 |  5
Card 2952:  5  7    0  5  7 5  7      8 7 |  5
Card 2952:  5  7         0    0  5  7 5  7      8 7 |  5
Card 2952:  5  7         0   5  7 5  7     6 7 5  70        0 |  5
Card 2952:  5  7         5  7 5  7      8 7 |  5
Card 2952:  5  7    0  5  7 5  7      8 7 |  5
Card 2952:  5  7         0    0  5  7 5  7      8 7 |  5
Card 2902:  5  7         0   5  7 5  7     6 7 5  70        0  5  7 5  7      8 7 |  5
Card 2952:  5  7    0  55  7         0    050 7      7 5  7  5  7 5  7      8 5  7     050 |     0 ¼ 5  7      8 5  7     0 00  50 | 0À