Card 25: 1 7  5 17 2    3 5  7         3 5    8   5 17 2 7       0    250 7      7 5  0  5  7 5  73  0   8 8        1       1    7   0 5 5  73  0 7   0 5 5  73   0   8  37 |  5
Card 2952: 5  37  0   8   5 17 2 7         0  5   5 5  73  0   7 |  5
Card 2952: 5  37  0   8   5 17 2 7         0  5  7 53  73  0   8   6 17 2    2 6 5     0 73     8    157 2    50  3 0 3   8 5  12  7    2 5  7    0     0      0  7   0 5 5  73  0 7   0 5 5  73  0   8  37 |  5
Card 2952: 5  37  0   8   5 15  72 5  7    0 7 0 3   8    157 2    50  37 |  5
Card 2952: 5  37  0   8   5 17 22 7    5  0  5  7 5  73  0   8 8        17 2 7         0  5  7 53  73  0   8   5 17 2    2 6 5     0 73  0  7 2    2 5  7    0     02 5  7    0 7 0 3   8    157 2    50  37 |  5
Card 2952: 5 0 7   0 5 5  73  0   8  37 |  5
Card 2952: 5  37  0   8   5 17 2 7         0  5  7 53  73  0   8   5 17 2    2 6 5      5  7 53  73  5 0 7   0 5 5  73  0   7 |  5
Card 2952: 5  37  0   8   5 17 2 7         0  5  7 53  73  0   8   6 17 2    2 6 5     0 73     8    157 2    50  3 0 3   8 5  12  7    2 5  7    0     0      0  7   0 5 5  73  0 7   0 5 5  73  0   8  37 |  5
Card 2952: 5      0 73  0  7 2    2 5  7    0     02 5  7    0 7 0 3   8    157 2    50  37 |  5
Card 2952: 5  37  0   8   5 17 2 7    5  0  5     1    0 50 7 0 3   8    157 2    50  37 |  5
Card 2952: 5  37  0  7  0   8   5 17 2 7         0  5  7 53  73  0   8   5 17 2    2 6 5     0 73  5  73  0   8  35 17 2    3 5  7         3 5    8   5 17 2 7       0    250  0 73  0  7 2    2 5  7    0     02 5  7    0 7     50  37 |  5
Card 2952: 5 0 7   0 5 5  73  0   7 |  5
Card 2952: 5  37  0   8   5 17 2 7         0  5  7 53  73  0   8   6 17 2    2 6 5     0 73     8    157 2    50  3 0 3   8 5  12  7    2 5  7    0     0      0  7   0 5 5  73  0 7   0 5 5  73  0   8  37 |  5
Card 2952: 5  37  0   8   5 17 2 7         0  5  7 53  73  0   8   5 17 2    2 6 5     0 73  0  7 2    2 5  7    0     02 5  7    0 7 0 3   8    157 2    50  37 |  5
Card 2952: 5  37  0   8   5 17 22 7    5  0  5  7 5  73  0   8 8        17 2 7         0  5  7 53  73  0   8   5 17 2    2 6 5     0 73  0  7 2    2 5  7    0     02 5  7    0 7 0 3   8    157 2    50  37 |  5
Card 2952: 5 0 7   0 5 5  73  0   8  37 |  5
Card 2952: 5  37  0   8   5 17 2 7         0  5  7 53  73  0   8   5 17 2    2 6 5      5  7 53  73  0   8   5 17 2    2 6 5     0 73  0  7 2    2 5  7    0     02 5  7    0 7 0 3   8    157 2    50  37 |  5
Card 2952: 5  37  0  7  0   8   5 17 2 7         0  5  7 53  73  0   8   5 17 2    2 6 5     0 73  0  7 2    2 5  7    0     02 5  7    0 7 0 3   8    157 2    50  37 |  5
Card 2952: 5  37  0   8   5 17 2 7          2 6 5   37  0   8   5 17 2 7         0  5  7 53  73  0   8   5 17 2    2 6 5     0 73  0  7 2    2 5  7    0     02 5  7    0 7 0 3   8    157 2    50  37 |  5
Card 2952: 5  37  0   8   5 17 22 7    5  0  5  7 5  73  0   8 8        17 2 7         0  5  7 53  73  0   8   5 17 2    2 6 5     0 73  0  7 2    2 5  7    0     02 5  7    0 7 0 3   8 57 2    50  37 |  5
Card 2952: 5 0 7   0 5 5  73  0   8  37 |  5
Card 2952: 5  37  0   8   5 17 2 7         0  5  7 53  73  0   8   5 17 2    2 6 5      5  7 53  73  0   8   5 17 2    2 6 5     0 73  0  7 2    2 5  7    0     02 5  7    0 7 0 3   8    157 2    50  37 |  5
Card 2952: 5  37  0  7  0   8   5 17 2 7         0  5  7 53  73  0   8   5 17 2    2 6 5     0 73  0  7 2    2 5  7    0     02 5  7    0 7 0 3   8    157 2    50  37 |  5
Card 2952: 5  37  0   8   5 17 2 7          2 6 5     0 73  0  7 2    2 5  7    0     02 5  7     0 73  0  7 2    2 5  7    07 |  5
Card 2952: 5  37  0   8   5 17 2 7         0  5  7 53  73  0   8   5 17 2    2 6 5     0 73  0  7 2    2 5  7    0     02 5  7    0 7 0 3  0   8   5 17 2 7         0  5  7 53  73  0   8   5 17 0 3   8 5   7 2  2 5  7     5 17 2    2 5   1   27 7 5  73 0 73  0  7 2    2 5  7    0   7 6   0      0     5 |   0À