Card 21: 5  7 5  7     73  0            0     0   8  6 17 2    2 6 5     0 73     8    157 2    50  37 |  5
Card 2952: 5  37  0   8   5 17 2 7         0  5  7 53  73  0   8   5 17 2    2 6 5     0 73  0  7 2    2 5  7    0      8 5  12  7    2 5  7    0     0      0  7   0 5 5  73  0 7   0 5 5  73  0   8  37 |  5
Card 2952: 5  37  0   8   5 17 2 7         0  5  7 53  73  0   8   5 17 2    2 6 5     0 73  0  7 2    2 5  7    0     02 5  7    0 7 0 3   8    157 2    50  37 |  5
Card 2952: 5 0 7   0 5 5  73  0   8  37 |  50
Card 2952: 5  37  0   8   5 17 2 7         0  5  7 53  73  0   8   5 17 2    2 6 5     0 73  0  7 2    2 5  7    0     02 5  7    0 7 0 3   8    157 2    50  37 |  5
Card 2952: 5  37  0   8   5 17 2 7         0  5  7 53  73  0   8 2    50  3 0 3   8 5  12  7    2 5  7    0     0      0  7   0 5 5  73  0 7   0 5 5  73  0   8  37 |  5
Card 2952: 5  37  0   8 7 2    2 5  7    0     02 5  7    0 7 0 3   8    157 2    50  37 |  5
Card 2952: 5  37  0   8   5 17 2 7    5  0  5  7 5  73  0   8 8        1  37 |  5
Card 2952: 5  37  0   8   5 17 2 7         0  5  7 53  72  0   8   5 17 2    2 6 5     0 73  0  7 2    2 5  7    0     02 5  7    0 7 0 3   8    157 6 17 2    2 6 5     0 73     8    157 2    50  37 |  5
Card 2952: 5  37  0   8   5 17 2 7         0  5  7 53  73  0   8   5 17 2    2 6 5     0 73  0  7 2    2 5  7    0     02 5  7     0 73  0  7 2    2 5  7    0     02 5  7    0 7 0 3   8    157 2    50  37 |  5
Card 2952: 5  37  7      70   8   5 17 2 7         7 25  3   50 |   0 ¼0À