Card 2: 9 7 5 2 13 4 0  85 1 107 5 73 4 70 1 0 | 5
Card 8: 2 8 92 7 5 2 13  0  85 1 10 15 3 | 5
Card 9: 2 8 9 3 7 82 5 73 4 85 1 0 | 5
Card 9: 2 8 9 3 7 82 017  0  85 1 10 11 3 | 5
Card 9: 2 8 9 3 7 92  5 73 4 85 1 0 | 5
Card 9: 2 8 9 3 7 82 01 13 4 0  80 11 3 | 5
Card 9: 2 8 9 5 73 4 9 37 82 0 73 4 85 11 3 | 5
Card 9: 2 8 9 3 7 82  5 73 4 25 1 0 | 5
Card 9: 2 8 9 3 7 82 0 73 3 53 4 70 1 0 | 5
Card 8: 2 8 92 7 5 2 13  0  85 1 10 11 3 | 5
Card 9: 2 8 9 3 7 82  5 73 4 81 10 11 3 | 5
Card 9: 2 8 9 3 7 82  5 73 4 85 1 0 | 5
Card 9: 2 8 9 3 7 82 01 13 4 0   1 10 11 3 | 5
Card 9: 2 8 9 5 73 4 7 82 0 73 4 85 11 3 | 5
Card 9: 2 8 9 3 7 82  5 73 4 25 1 0 | 5
Card 9: 2 8 9 3 7 82 0 73 4 85 1 10 | 0