Card 0: 7 7 7 7   7 7 7   7 7 7 7 7 7 7 7 7 7 7 7 8   7 0 | 5
Card 2: 7 7 7 7   7 7 7   7   7 7 7 7 7 7 7 7 7 7 7 7 8   7 0 | 5
Card 4: 7 7 7 7 7 7   7 7 7 7 7 7 7 7 7 7 7 7 7 7    78 7 0 | 5
Card 2: 7 7 7 7  7 7 7 7 7 7 7 7 7 7 7 7 7 7 8 7 7 5 | 5
Card 2: 7  7 7 7 7   7 7 7   7 7 7 7 7 7 7 7 7 7 7 7 8   7 0 | 5
Card 4: 7 7 7 7 7 7   7 7 7   7 7 7 7 7 7 7 7 7 7 77    8 7 0 | 5
Card 2: 7 7 7 7   7 7 7 7 7 7 7 7 7 7 7 7 7 7 7 8   7 0 | 5
Card 2: 7 7 7 07 7  7 7 7 7 7 7 7 7 7 7 7 7 7 7 7 7 7 0 | 5
Card 2: 7  7 7 7 7   7 7 7  7 7 7 7 7 7 7 7 7 7 7 7 8   7 0 | 5
Card 4: 7 7 7 7 7 7   7 7 7   7 7 7 7 7 7 7 7 7 7 77    8 7 0 | 5
Card 2: 7 7 7 7   7 7 7 7 7 7 7 7 7 7 7 7 7 7 7 8   7 0 | 5
Card 2: 7 7 7 7 7 7  7 7 7 7 7 7 7 7 7 7 7 7 8   7 0 | 5
Card 2: 7 7 7 7 7  7 7 7 7 7 7 7 7 7 7 7 7 7 7 7 7 7 0 | 5
Card 2: 7  7 7 7 7   7 7 7   7 7 7 7 7 7 7 7 7 7 7 7 8   7 0 | 5
Card 4: 7 7 7 7 7 78 | 5