Card 0: 7 7 7 7 2 3 4 016 7 154 0  6 8 5 1 7 74 9 22 26 17 2 27  37 |  5
Card 2952: 5  37  0   2  8 5  0   85 1  17    0 7 0 3   7 0 3   8    158 2    50  37 |  5
Card 2952: 5  37  0  81  5 2 27 7 5  73 4 0   85 1 2 7 2  8    157 2    50 37 |  5
Card 2952: 5  5 17 25  73 4 0   85 1  17    0 7 0 3   7 0 3   8    158 2    50  37 |  5
Card 2952: 5  37  0  81  5 2 39 7 5  73 4 0   85 1 2 7 2  8    157 2    50  37 |  5
Card 2952: 5 37      2  8 5  27 7 5  73 4 0   85 1 2 7 2 5    77 02    50  37 |  5
Card 2952: 5  37  0   2  8 5  0   85 1  17    0 7 0 3   7 0 3   8    158 2    50  37 |  5
Card 2952: 5  37  0  81  5 2 27 7 5  73 4 0   85 1 2 7 2  8    157 2    50 37 |  5
Card 2952: 5  5 17 25  73 4 0   85 1  17    0 7 0 3   7 0 3   8    158 2    50  37 |  5
Card 2952: 5  37  0  81  5 2 39 7 5  73 4 0   85 1 2 7 2  8    157 2    50  37 |  5
Card 2952: 5 37      2  8 5  27 7 5  73 4 0   85 1 2 7 2 5    77 0 3 50  37 |  5
Card 2952: 0   2  8 5  27 7 5  73 4 0   85 1 2 7 2 5  7  7 0 3 50  37 |  5
Card 2952: 5  7 2 5  7  7 0 3 50  37 |  5
Card 2952: 5  37  0   8   5 2 27 7  37  0   8   1   85 1 2 7 2  8    157 2    50  37 |  5
Card 2952: 5  37  0   2  8 5  0   85 1  17    0 7 0 3   7 0 3   8    158 2    50  37 |  5
Card 2952: 5  37  0  81  5 2 27 7 5  73 4 0   85 1 2 7 2  8    157 2    50 37 |  5
Card 2952: 5  5 17 25  73 4 0   85 1  17    0 7 0 3   7 0 3   8    158 2    50  37 |  5
Card 2952: 5  37  0  81  5 2 39 7 5  73 4 0   85 1 2 7 2  8    157 2    50  37 |  5
Card 2952: 5  37  0   2  8 5  27 7 5  7 2  8    157 2    50  37 |  5
Card 2952: 5  37  0   2  8 5  0   85 1  17    0 7 0 3   7 0 3   8    158 2    50  37 |  5
Card 2952: 5  37 7 7 7 7 7 7 7 4 1 8 7 4 1 8 6 0 | 7