Card 2: 9 8 7 |  5
Card 29: 7 8 5  8 7 3 2 1 0 |  5
Card 29: 7 8 32 1 8 7 3 7 9 0 7  28 2 1 0 |  5
Card 29: 5  3 7 9 6 5 49 3 7 9 |  5
Card 29: 7 8 3 9  7 7 8 0 7 5 2 1 0 |  5
Card 17:  2 1 1 6 5 7 8 9 3 7 9 1 0 | 5
Card 29: 7 8 3 9  7 7 8 0 7 5 2 10 |  5
Card 17:  2 1 1 6 5 7 8 9 3 7 9 1 0 |  5
Card 29: 5  5 2 1 8 7 3 7 9 0 7  28 2 1 0 |  5
Card 29: 5  3 7 9 6 5 2 1 0 |  5
Card 17:  2 1 1 6 5 7 8 9 3 7 9 1 0 |  5
Card 29: 5  5 2 1 8 7 3 7 9 0 7  28 2 1 0 |  5
Card 29: 5  3 7 9 6 5 49 3 7 9 |  5
Card 29: 7 8 3 9  7 7 8 0 7 5 2 1 0 |  5
Card 17:  2 1 1 6 5 7 8 9 3 7 9 1 0 |  5
Card 29: 5  5 2 1 8 7 3 7 9 0 7  28 2 1 0 |  5
Card 29: 5  3 7 9 6 5 4 6 5 4 0 | 5