Card 2: 9 8 7 |  5
Card 29: 7 8 5  8 7 3 2 1 0 |  5
Card 29: 7 8 32 1 8 7 3 4 9 0 7  28 2 1 0 |  5
Card 29: 5  3 7 9 6 5 49 3 7 9 |  5
Card 29: 7 8  7 7 8 0 7 5 2 1 0 |  5
Card 17:  2 1 1 6 5 7 8 9 3 7 9 1 0 | 5
Card 29: 7 8 3 7 7 8 0 7 5 2 10 |  5
Card 17:  2 1 1 6 5 7 8 9 3 7 9 1 0 |  5
Card 29: 5  5 2 1 8 7  28 2 1 0 |  5
Card 29: 5  3 7 9 6 5 2 1 0 |  5
Card 17:  2 1 1 6 5 7 8 9 3 7 9 1 0 |  5
Card 29: 5  5 2 1 8  2 1 0 |  5
Card 29: 5  3 7 9 6 5 49 3 7 9 |  5
Card 29: 7 8 3 9 7 5 2 1 0 |  5
Card 17:  2 1 1 6 5 7 83 7 9 1 0 |  5
Card 29: 5  5 2 1 8 7 3 7 9 0 7  28 2 1 0 |  5
Card 29: 5  3 7 9 6 5 49 3 7 9 |  5
Card 29: 7 8 3 9  7 7 8 5 49 3 7 9 |  5
Card 29: 7 8 3 9  7  5 2 1 0 |  5
Card 17:  2 1 1 6 5 7 8 9 3 7 9 1 0 |  5
Card 29: 5  5 2 1 8 2 1 0 |  5
Card 29: 5  3 7 95 49 3 7 9 |  5
Card 29: 7 8 3 9  7 7 8 0 7 5 2 1 0 |  5
Card 17:  2 1 1 6 5 7 8 9 3 7 9 1 0 |  4
Card 29: 5  5 27 3 7 9 9 8 7 |  5
Card 29: 7 8 5  8 7 3 2 1 0 |  5
Card 29: 7 9 0 7  28 2 1 0 |  5
Card 29: 5  3 7 9 6 5 49 3 7 9 |  5
Card 29: 7 8 3 9  78 0 7 5 2 1 0 |  5
Card 17:  2 1 1 9 3 7 9 1 0 |  5
Card 29: 5  5 2 1 8 0 7  28 2 1 0 |  5
Card 29: 5  3 7 9 6 5 2 1 0 |  5
Card 17:  2 1 1 6 5 7 8 9 3 7 9 1 0 |  5
Card 29: 5  5 2 1 8 7 3 7 9 0 7  28 2 1 0 |  5
Card 29: 5  3 7 9 6 5 49 3 7 9 |  5
Card 29: 7 8 3 9  7 7 8 0 7 5 2 1 0 |  5
Card 17:  2 1 1 6 5 7 8 9 3 7 9 1 0 |  5
Card 29: 5  5 2 1 3 7 9 0 7  28 2 1 0 |  5
Card 29: 5  3 7 9 6  7 9 1 0 |  5
Card 29: 5  5 2 1 8 2 1 0 |  5
Card 29: 5  3 7 95 49 3 7 9 |  5
Card 29: 7 8 3 9  7 7 8 0 7 5 2 1 0 |  5
Card 17:  2 1 1 6 5 7 8 9 3 7 9 1 0 |  5
Card 29: 5  5 2 1 8 7 3 7 9 9 8 7 |  5
Card 29: 7 8 5  8 7 3 2 1 0 |  5
Card 29: 7 9 0 7  28 2 1 0 |  5
Card 29: 5  3 7 9 6 5 49 3 7 9 |  5
Card 29: 7 8 3 9  78 0 7 5 1 0 |  5
Card 17:  2 1 1 9 3 7 9 1 0 |  5
Card 29: 5  52 1 8 7 3 7 9 0 7  28 2 1 0 |  5
Card 29: 5  3 7 9 6 5 2 1 0 |  5
Card 17:  2 1 1 6 5 7 8 9 3 7 9 1 0 |  5
Card 29: 5  5 2 1 8 7 3 7 2 1 0 |  5
Card 29: 5  3 7 9 6 5 49 3 7 9 |  5
Card 29: 7 8 3 9  7 7 8 0 7 5 2 1 0 |  5
Card 17:  2 1 1 6 5 7 8 90 |  5
Card 29: 5  9 0 7  28 2 1 0 |  5
Card 29: 5  3 7 9 6 5 49 3 7 9 |  5
Card 14: 7 8 3 9  7 7 8 0 7 5 2 1 0 |  5
Card 17:  2 1 1 6 5 7 8 9 3 7 9 1 0 |  5
Card 29: 5  5 2 0 7  28 2 1 0 |  5
Card 29: 5  2  4 60 7  28 2 1 0 |  5
Card 29: 5  3 7 9 6 5 4 6 5 |  5
Card 29: 5 5 2 1 8 7 3 7 9 0 7  28 21 0 |  5
Card 29: 5  3 7 9 67 7 8 0 7 5 2 1 9 14 0 | 5