Card 25: 1 7  5 17 2    3 5  7         3 5  7 6   0      0     5 |   0  5  7  7    0       0  5  7 5  73  0   80 2 5  7   5 17 2    2 5   0       0  5  7 5  7 0   80 2 5  7    8   5 17 2    2 5  7    0     0        5
Card 29:  7 |  5
Card 22:  7 |  5
Card 2952:  1 | 5  73  0   8   5 13  0   80 2 5  7    0     0   0  5  7 5  73  0   8   5 17 2    2 5  7    0 73  0   8   5 17 2    2 5  7    0     0        5
Card 29:  7 |  5
Card 22:  7 |  5
Card 2952:  1 | 5  73  0   8   5 1    2 5  7    0 73  0   8   5 17 2    2 5  7    0     0        5
Card 29:  7 |  5
Card 22:  7 |  5
Card 2952:  1 | 5  73  0   8   5 17 2    2 5  7    0     0     0        5
Card 29:  7 |  5
Card 22:  7 |  5
Card 2952:  1 | 5  73  0   8   5 13  0   80 2 5  7    0     0   0  5  7 5  73  0   8   5 17 2    2 5  7    0 73  0   8   5 17 2    2 5  7    0     0        5
Card 29:  7 |  5
Card 22:  7 |  5
Card 2952:  1 | 5  73  0   8   5 17 2    2 5   0     0   0  5  7 5  73  0   8   5 17   5 17 2    2 5  7    0     0        5
Card 29:  7 |  5
Card 22:  7 |  5
Card 2952:  1 | 5  73  0   8   5 17 2    2 5   0   7 5  73     0        5
Card 29:  7 |  5
Card 22:  7 |  5
Card 2952:  1 | 5  73  0   8   5 17 2    2 5   0   7 5  73  0   80 2 5  7    0     0   0  5  7  7    07    0     0        5
Card 29:  7 |  5
Card 22:  7 |  5
Card 2952:  1 | 5  73  0   8   5 17 2    2 5  7    0     0     0        5
Card 29:  7 |  5
Card 22:  7 |  5
Card 2952:  1 | 5  73  0   8   5 123  0   80 2 5  7    0     0   0  5  7 5  73  0   8   5 17 2    2 5  7    0 73  0   8   5 17 2    2 5  7    0     0        5
Card 29:  7 |  5
Card 22:  7 |  5
Card 2952:  1 | 5  7   2 5   0     0   0  5  7 5  73  0   8   5 17 2    2 5  7    0 73  0   8   5 17 2    2 5  7    0     0        5
Card 29:  7 |  5
Card 22:  7 |  5
Card 2952:  1 | 5  73  0   8   5 17 2    2 5  7    0 73  0   8   5 17 0À