Card 3: 8 0 7  3 7 8 6 5 4  6 5  2 1 1 6 5 7 5 79 6 0 |  5
Card 29: 5  5 2 1 1 6 5 7 8 9 3 7 9 6  8 9 6 5 4 8 9 3 7 9  7 7 8 0 7 5 2 1 0 |  5
Card 29: 5  5 2 1 1 6 5 7 8 9 3 7 9 6  8  8 3 7 8 6 5 4 8 9 3 7 9 6 5  2 1 1 6 5 7 5 79 6 0 |  5
Card 29: 5  1  21 5 6 5 7 8 9 3 7 97 7 7 8 0 7 5   7  0 7 7 7 7 8 0 7 5 0 7 5 2 1 0 |  5
Card 29: 5  0 7 5 2 1 0 7 77 7 8 0  5 2 1 0 7  9 6 1  0 7 5 2 1 0 7 7 7 5 2 1 0 |  5
Card 30: 2 1 1 6 5  7 8 9 3 7 9 6  8  9 3 7 9 6 5 4 8 9 3 7 9  7 7 8 0 7 5 2 1 0 |  5
Card 29: 5  5 2 1 1 6 5 7 8 9 3 7 9 6  8  8 3 7 8 6 5 4 8 9 3 7 79 6 5  2 1 6 0 |  5
Card 2: 5  5 2 1 1 6 5 7 8 9 3 7 9 3 7 9 6 5 4 8 9 3 7 9  7 7 8 0 7 5 2 1 0 |  5
Card 29: 5  5 2 1 1 6 5 7 8 9 3 7 9 6  8  8 3 7 8 6 5 0 7 5 2 1 0 |  5
Card 29: 5  0 7 5 2 1 0 7 77 7 8 0  5 2 1 0 7  9 6 1  0 7 5 2 1 0 7 7 7 75 2 1 0 |  5
Card 30: 2 1 1 6 5 7 8 9 3 7 9 6  8  9 3 7 9 6 5 4 8 9 3 7 9  7 7 8 0 7 5 2 1 0 |  5
Card 29: 5  5 2 1 1 6 5 7 8 9 3 7 9 6  8  8 3 7 8 6 5 4 8 9 3 7 9 6 5  2 1 6 0 |  5
Card 29: 5  5 2 1 1 6 5 7 8 9 3 7 9 1 7 9 6 5 4 8 9 3 7 9  7 7 8 0 7 5 2 1 0 |  5
Card 29: 5  5 2  7 8 9 3 7 9 6  8  8 3 7 8 6 5 4 8 9 3 7 9 6 5 2  1 1 6 5 7 5 6 0 |  5
Card 29: 5  5 2 1 1 6 5 7 8 9 3 7 9 6  8 9 6 5 4 8 9 3 7 9  7 7 8 0 7 5 2 1 0 |  5
Card 29: 5  5 2 1 1 6 5 7 8 9 3 7 9 6  8  8 3 7 8 6 5 4 8 3 7 9 6 5  7 5 2 1 0 |  5
Card 29: 5  5 2 1 1 6 5 7 4 9 3 7 9 6  8  9 3 7 8 6 5 4 8 9 3 7 9 6 7 5 2 1 0 |  5
Card 29: 5 8 9 7 7  8 0 7 77 7 8 0  2 1 0 7  9 6  5 2 1 0 7 7 0 |  5
Card 30: 2 1 1 6 5 7 8 9 3 7 9 6  8  9 3 7 9 6 5 4 8 9 3 7 9  7 7 8 0 7 5 2 1 0 |  5
Card 29: 5  5 2 1 1 6 5 7 8 9 3 7 9 6  8  8 3 7 8 6 5 4 8 9 3 7 9 6 5  2 1 6 0 |  5
Card 29: 5  5 2 1 1 6 5 7 8 9 3 7 9 1 7 9 6 5 4 8 9 3 7 9  7 7 8 0 7 5 2 1 0 |  5
Card 29: 5 0 7 | 0