Card 0: 7 75 7 7 7 7 7 7 7 7 7 7 7 7 7 7 7 77 7 |  0
Card 2952: 5  37  0    6 7  7 7 7  7  7 7 75 7 7 7 7 7 7  7 7 7 75 7 7 75 7 7 7 7 7 7  7 7 7 7 7 7 7 7 7 77 7 7 7 75 7 7 7 7 7 7  7 7 7 75 7 7 75 7 7 7 7 7 7  7 7 7 75 7 7 75 7 7 7 7 7 7  7 7 7 7 7 7 7 7 77 7 |  5
Card 29452: 5  37  0    7 7  7 75 7 7 7 7 7 7  7 7 7 7 7 7 7 7 77 7 |  5
Card 2909452: 5  37  0    7 7  7 75 7 7 7 7 7 7  7 7 7 7 7 7 7 7 77 7 |  5
Card 2952: 5  37 75 7 7 75 7 7 7 7 7 7  7 7 7 7 7 7 7 7 77 7 |  5
Card 29452: 5  37  0    7 7  7 75 7 7 7 7 7 7  7 7 7 7 7 7 7 7 77 7 |  5
Card 2909452: 5  37  0    7 7  7 75 7 7 7 7 7 7  7 7 7 7 7 7 7 7 77 7 |  5
Card 2952: 5    7  7 7 75 7 7 7 7 7 7 7 7 7 7 7 7 7 7 7 77 7 |  0
Card 2952: 5  37  0    6 7  7 7 7  7  7 7 75 7 7 7 7 7 7  7 7 7 75 7 7 75 7 7 7 7 7 7  7 7 7 7 7 7 7 7 7 77 7 7 7 75 7 7 7 7 7 7  7 7 7 75 7 7 75 7 7 7 7 7 7  7 7 7 75 7 7 75 7 7 7 7 7 7  7 7 7 7 7 7 7 7 77 7 |  5
Card 29452: 5  37  0    7 7  7 75 7 7 7 7 7 7  7 7 7 7 7 7 7 7 77 7 |  5
Card 2909452: 5  37  0    7 7  7 75 7 7 7 7 7 7  7 7 7 7 7 7 7 7 77 7 |  5
Card 2952: 5 | 0