Card 0: 7 7  7 7 7  7   7  7 7 7 7 7 7 7 7 7 7 7 7 7 7 70 | 5
Card 2: 7    7 7 7 7 7 7  7 7 7 7  7  7 7 7  7 7 7 7 7 70 | 5
Card 2: 7  7 7 7 7   7  7 7  7 7 7 7 7 7 7 7 7 7 7 7 70 | 5
Card 2: 7 7 7 7 7   7 7 7 7   7 7 7  7 7 7 7 7 7 7 7 7 70 | 5
Card 2: 7  7 7 7 7 7 7  7 7 7   7 7 7 7 7   7  7 7 7 7 7 70 | 5
Card 2: 7  7 7 7 7 7  7 7 7 7 7 7 7 7 7 7 7 7 7 7 7 7 | 5
Card 2: 7  7 7 7 7 7  7 7  7 7 7 7 7 7 7   7  7 7 7 7 7 70 | 5
Card 2: 7  7 7 7 7 7  7 7 7 7 7 7 7 7 7 7 7 7 7 7 77 70 | 5
Card 2: 7  7 7 7 7 7  7 7  7 7 7 7 7 7 7 7 7 7 7 7 7 70 | 5
Card 2: 7  7 7 7 7   7  7 7  7 7 7 7 7  7 7 7 7 7 7 7 7 7 70 | 5
Card 2: 7  7 7 7 7   7 7 7 7 7 7 7  7 7 7 7 7 7 7  7 8 | 5