Card 0: 7 7 7 7 7 7 7   7 7 7 7 7 7 1 71 7 7 1 78 7 0 | 5
Card 2: 7 7 7 7 7 7 7  7 7 7 7 7 7 7 7 2 1 8 5 7 8 7 0 | 2
Card 2: 7 7 7 7  7 7 7 7 7 7 7 7 61 8 7 7 6 6 8 7 0 | 5
Card 2: 7 7 7 7 7 7 7 7 7 7 7 7 7 2 1 8 5 7 8 7 0 | 5
Card 2: 7 7 7 7 7 7 7 7  7 7 7 7 7 7 7 2 1 8 5 7 8 7 0 | 5
Card 2: 7 7 7 7 7 7 7 7 7 7 7 7 7 2 7 8 7 1 78 7 0 | 5
Card 2: 7 7 7 7 7 7 7 7 7 7 7 7 61 8 7 7 6 6 8 7 0 | 5
Card 2: 7 7 7 7 7 7 7 7 7 7 7  7 7 2 1 8 5 7 8 7 0 | 5
Card 2: 7 7 7 7 7 7 7 7 7 7 7 7 61 8 7 7 6 6 8 7 0 | 5
Card 2: 7 7 7 7 7 7 7 7 7 7 7 7 7 2 1 8 5 7 8 7 0 | 5
Card 2: 7 7 7 7 7 7 7 7  7 7 7 7 7 7 7 2 1 8 5 7 8 7 0 | 5
Card 2: 7 7 7 7 7 7 7 7 7 7 | 2
Card 2: 7 7 7 7  7 7 7 7 7 7 7 7 61 8 7 7 6 6 8 7 0 | 5
Card 2: 7 7 7 7 7 7 7 7 7 7 7 7 7 2 1 8 5 7 8 7 0 | 5
Card 2: 7 7 7 7 7 7 7 7  7 7 7 7 7 7 7 2 1 8 5 7 8 7 0 | 5
Card 2: 7 7 7 7 7 7 7 7 7 7 7 7 7 2 7 8 7 1 78 7 0 | 5
Card 2: 7 7 7 7 7 7 7 7 7 7 7 7 61 8 7 7 6 6 8 7 0 | 5
Card 2: 7 7 7 7 7 7 7 7 7 7 7 7 7 2 7 8 7 9  88 7 0 | 5
Card 2: 7 7 7 7 7 7 7 7  7 7 7 7 7 7 7 2 1 8 5 7 8 7 0 | 5
Card 2: 7 7 7 7 7 7 7 7 7 7 7 7 7 2 1 8 3 1 78 7 0 | 5
Card 2: 7 7 7 7 7 7 7 7 7 7 7 7 61 8 7 7 6 6 8 7 0 | 5
Card 2: 7 7 7 7 7 7 7 7 7 7 7 7 7 2 1 8 5 7 8 7 0 | 5
Card 2: 7 7 7 7 7 7 7 7  7 7 7 7 7 7 7 2 1 8 5 7 8 7 0 | 5
Card 2: 7 7 7 7 7 7 7 7 7 7 7 7 7 2 7 8 7 9  8 78 7 0 | 5
Card 2: 7 7 7 7 7 7 7 7  7 7 7 7 7 7 7 2 1 8 5 7 8 7 0 | 5
Card 2: 7 7 7 7 7 7 7 7 7 7 7 7 7 7 7 7 7 7 7 7 7 2 1 8 5 7 8 7 0 | 5
Card 2: 7 7 7 7 7 7 7 7  7 7 7 7 7 7 7 2 1 8 5 7 8 7 0 | 5
Card 2: 7 7 7 7 7 7 7 7 7 7 7 7 2 7 8 7 9  8 78 7 0 | 5
Card 2: 7 7 7 7 7 7 7 7  7 7 7 7 7 7 7 2 1 8 5 7 8 7 0 | 2
Card 2: 7 7 7 7  7 7 7 7 7 7 7 7 61 8 7 7 6 6 8 7 0 | 5
Card 2: 7 7 7 7 7 7 7 7 7 7 7 7 7 2 1 8 5 7 8 7 0 | 5
Card 2: 7 7 7 7 7 7 7 7  7 7 7 7 7 7 7 2 1 8 5 7 8 7 0 | 5
Card 2: 7 7 7 7 7 7 7 7  7 7 7 7 7 7 7 2 1 8 5 7 8 7 0 | 5
Card 2: 7 7 7 7 7 7 7 7 7 7 7 7 7 2 7 8 7 9  8 78 7 0 | 5
Card 2: 7 7 7 7 7 7 7 7  7 7 7 7 7 7 7 2 1 8 5 7 8 7 0 | 5
Card 2: 7 7 7 7 7 7 7 7 7 7 7 7 7 2 7 8 7 9  8 7 0 | 5
Card 2: 7 7 7 7 7 7 7 7 7 7 7 7 7  2 7 8 7 7  8 7 0 | 5
Card 2: 7 7 7 7 7 7 7 7 7 7 7 2 1 8 5 7 8 0  8 7 0 | 5
Card 2: 7 7 7 7 7 7 7 7  7 7 7 7 7 7 7 2 1 8 5 7 78 7 0 | 5
Card 2: 7 7 7 7 7 7 7 7 7 7 7 7 61 8 7 7 6 6 8 7 0 | 5
Card 2: 7 7 7 7 7 7 7 7 7 7 7 7 7 2 1 8 5 7 8 7 0 | 5
Card 2: 7 7 7 7 7 7 7 7  7 7 7 7 7 7 7 2 1 8 5 7 8 7 0 | 5
Card 2: 7 7 7 7 7 7 7 7 7 7 7 7 7 7 7 7 7 7 7 2 7 8 7 7 6 7 8 | 5