Card 2:  7 |   0       0   73  07   8     7 7 7 7 7 7 7 7 77 77 77 7 7  7 7 7 7 7 7 7 75 17
Card 29:  7 |         0   8     7 7 7 7 7 7 7 7 77 77 77 7 7  7 7 7 7 7 7 7 75 17
Card 29:  7 |  5
Card 22:  7 |   5 27 7 5  73 7 0   80 2 5  7   5 17 2      7  0     0        5
Card 29:  6 |  05
Card 22:  7 | 5    73  0   8     7 7 7 7 7 7 7 7 7 77 77 7 7  7 7 7 7 7 7 7 75 17
Card 29:  7 |  5
Card 22:  7 | 5   27 7 5  73 7 0   80 2 5  7   5 17 2      7  80 2 5  7   5 1 0   0  5  7 7 7  7 7 7 7 7 75 17
Card 29:  7 |      0   0   0  5  7  7    0  7   0   73     7 7 7 7 7 7 7 7 77 77 77 7 7  7 7 7 7 7 7 7 75 17
Card 29:  7 |         0   8     7 7 7 7 7 7 7 7 77 77 77 7 7  7 7 7 7 7 7 7 75 17
Card 29:  7 |  5
Card 22:  7 |   5 27 7 5  73 7 0   80 2 5  7   5 17 2      7  0     0        5
Card 29:  6 |  5
Card 22:  7 | 5    73  0   8     7 7 7 7 7 7 7 7 7 77 77 7 7  7 77
Card 29:  7 |  5
Card 22:  7 | 5   27 7 5  73 7 0   80 2 5  7   5 17 2      7  80 2 5  7   5 1 0   0  5  7 7 7  7 7 7 7 7 75 17
Card 29:  7 |      0   0   0  5  7  7    0  7  7    0       0   73  0   8     7 7 7   7    0       0   73  0   8     7 7 7 7 7 7 7 7        0   8     7  7 7  5
Card 22:  7 | 5   27 7 5  73 7 0   80 2 5  7   5 17 2      7  0     0        5
Card 29:  6 |   77 77 77 7 7  7 7 7 7 7 7 7 75 175
Card 22: 7 | 7 7  7  5
Card 22: 7 | 7 7    0
Card 29:  7 |  7  7 7 7 7 7 7 75 17
Card 29:  7 |  5
Card 22:  7 | 5   27 7 5  73 7 0   80  7