Card 6: 4 7 99  8 4 7 7 7 7 7 9 7 7 5 2 6 8 77 8 9 7 7 5 7 7 97 8 8 9 7 7 57 9 7 77 8 8 57 7 5 7 7 9 7 7 8 8 7  9 8 8 8 8  9 7 9 9 7 77 9 0  1 6 5 6 5 2 1 5 7 6 9 3 7 1 6 5 7  74 7 37 7  74 7 37 |  5
Card 2902: 5 75 25 2 1 2 1 1 7 1 1 6 9 7 6 9 4 7 9 4 5 9 2 1 1 6 5 7 5 2 6 8 77 8 9 7 7 5 7 7 97 8 8 9 7 7 5 7 7 9 7 77 7 7 97 8 8 4 7 7 6 7 7 9 7 77 8 8 57 7 5 7 7 9 7 7 8 8 7  9 8 8 8 8  9 7 9 9 7 77 9 0  1 6 5 7 5 2 1 5 7 6 9 3 7 1 6 5 7  74 7 37 |  5
Card 2902: 5 75 25 2 1 2 1 1 7 1 1 6 9 7 6 9 4 7 9 4 5 9 2 1 1 6 5 7 5 2 6 8 77 8 9 7 7 5 7 7 97 8 8 9 7 7 5 7 7 9 7 77 8 8 57 7 5 7 7 9 7 7 8 8 7  9 8 8 8 8  9 7 9 9 7 77 9 0  1 6 5 6 5 2 1 5 7 6 9 3 7 1 6 5 7  74 7 37 7  74 7 37 |  5
Card 2902: 5 75 225 2 1 2 1 1 7 1 1 6 9 7 6 9 4 7 9 4 5 9 2 1 1 6 5 7 5 2 6 8 77 8 9 7 7 5 7 7 97 8 8 9 7 7 5 7 7 9 7 77 8 8 57 7 5 7 7 9 7 7 8 8 7  9 8 8 8 8  9 7 9 9 7 77 9 0  1 6 5 6 5 2 1 5 7 6 9 3 7 1 6 5 7  74 7 37 7  74 7 37 |  5
Card 2902: 5 75 25   8 4 7 7 7 7 7 9 7 7 5 2 6 8 77 8 9 7 7 5 7 7 97 8 8 9 7 7 5 7 7 9 7 77 8 8 57 7 5 7 7 9 7 7 8 8 7  9 8 8 8 8  9 7 9 9 7 77 5 7 6 9 3 7 1 6 5 7  74 7 37 7  74 7 37 |  5
Card 2902: 5 75 25 2 1 2 1 1 7 1 1 6 9 7 6 9 4 7 9 4 5 9 2 1 1 6 5 7 5 2 6 8 77 8 9 7 7 5 7 7 97 8 8 9 7 7 5 7 7 9 7 77 7 7 97 8 8 4 7 7 6 7 7 9 7 77 8 8 57 7 5 7 7 9 7 7 8 8 7  9 8 8 8 8  9 7 9 9 7 77 9 0  1 6 5 7 5 2 1 2 7 6 9 3 7 1 6 5 7  74 7 37 |  5
Card 2902: 5 75 25 2 1 2 1 1 7 1 1 6 9 7 6 9 4 7 9 4 5 9 2  4 7 9 9 6 7 5 7 5 92 6 3 79 9 07 3 7 9 0 7 5 2 1 1 6 5 4 5 2 1 1 6 45 9 9 1 75 7 5  70  97 5 1 1 7 8 7 9  8 7 0 | 7 7 7 7 7 7 7 7 7 7 7 7 7 7 7 7 7 7 7 7 7 7 7 7 4 7 7 7 7 7 7 7 7 7 7 7 7 8 7 7 7 4 7 7 7 7 7 7 7 7 7 7 7 7 7 7 7 7 7 7 7 7 7 7  5
Card  7: 77 5  37 |  5
Card 2902: 5 7 5  1 7 5 7 5 26 9 3 79 9 0 5 2 1 1 6 5 7 5 2 1 1 6 5 7 6 9 4 7 9 9 6 5 4 0  4 0 027 5 2 7 7 7  4 0 0 7 5 2 1 1 6 51 1 6 5 7 5 2 6 8 77 8 9 7 7 5 7 7 97 8 8 9 7 7 56 5 6 5 2 1 5 7 6 9 3 7 1 6 5 7  74 7 37 7  74 7 37 |  5
Card 2902: 5 75 25 2 1 2 1 1 7 1 1 6 9 7 6 9 4 7 9 4 5 9 2 1 1 6 5 7 5 2 6 8 77 8 9 7 7 5 7 7 97 8 8 9 7 7 5 7 7 9 7 77 8 8 57 7 5 7 7 9 7 7 8 8 7  9 8 8 8 8  9 7 9 9 7 77 9 0  1 6 5 6 5 2 1 5 7 6 9 3 7 1 6 5 7  74 7 37 7  74 7 37 |  5
Card 2902: 5 75 25 2 1 2 1 1 7 1 1 6 9 7 6 9 4 7 9 4 5 9 2 1 1 6 5 7 5 2 6 8 77 8 9 7 7 5 7 7 97 8 8 9 7 7 5 7 7 9 7 77 7 7 97 8 8 9 7 7 5 7 79  7 77 8 8 57 7 5 7 7 9 7 7 8 8 7  9 8 8 8 8  9 7 9 9 7 77 9 0  1 6 5 7 5 2 1 5 7 6 9 3 7 7 7 7 74 5 6 | 0