Card 0: 7 7 7   7 7 7   7 7 7 7 7 7 7 1 78 7 0 | 5
Card 2: 7 7 7 7 7 7 7 0 8 0 | 5
Card 1: 7 7 7 77 7 7 7 7 7 7 2 1 8 2 7 8 7 0 | 5
Card 2:  7 0 | 5
Card 2: 7 7 7 7 7 7 7 7 7 7 8 7 7 8 7 0 0 | 5
Card 2: 7 7 7 7 7 7 7 6 7 7 7 8 7 7  8 7 0 | 5
Card 2: 7 7 7 7 7 7 7 7 7 1 5 7 8 7 0 8  0 | 5
Card 2: 7 7 7 7 7 7 7 6 7 7 7 8 7 7  8 7 0 | 5
Card 2: 7 7 7 7 7 7 7 7 7 1 5 7 8 7 0 8 0 | 5
Card 1: 7 7 7 77 7 7 7 7 7 7 2 1 8 2 7 8 7 0 | 5
Card 2: 7 7 7 7 7  7 7 7 7 7 7 6 7 7 7 8 7 7  8 7 0 | 5
Card 2: 7 7 7 7 7 7 7 7 7 1 5 7 8 7 0 8 0 | 5
Card 1: 7 7 7 77 7 7 7 7  78 7 0 | 5
Card 2: 7 7 7 7 7 7 7 7 7 7 8 7 7 8 7 0 0 | 5
Card 2: 7 7 7 7 7 7 7 6 7 7 7 8 7 7  8 7  0 | 5
Card 2: 7 7 7 7 7 7 7 7 7 7 8 7 7 8 7 0 0 | 5
Card 2: 7 7 7 7 7 7 7 6 7 7 7 8 7 7  8 7 0 | 5
Card 2: 7 7 7 7 7 7 7 7 7 1 5 7 8 7 0 8 0 | 5
Card 1: 7 7 7 77 7 7 7 7 7 7 2 1 8 2 7 8 7 0 | 5
Card 2: 7 7 7 7 7  7 7 7 7 7 7 6 7 7 7 8 70 | 5
Card 2: 7 7 7 7 7 7 7 7 7 1 5 7 8 7 0 8 0 | 5
Card 1: 7 7 7 77 7 7 7 7 7 7 2 1 8 2 7 8 7 0 | 5
Card 2: 7 7 7 7 7  7 7 7 7 7 7 6 7 7 7 8 7 7  8 7 0 | 5
Card 2: 7 7 7 7 7 7 7 7 7 1 5 7 8 7 0 8 0 | 5
Card 1: 7 7 7 77 7 7 7 7 7 7 2 1 8 2 7 8 7 0 | 5
Card 2:  7 0 | 5
Card 2: 7 7 7 7 7 7 7 7 7 7 8 7 77 7 7 8 7 7  8 7 0 | 5
Card 2: 7 7 7 7 7 7 7 7 7 1 5 7 8 7 0 8 0 | 5
Card 1: 7 7 7 77 7 7 7 7 7 7 2 1 8 2 7 8 7 0 | 5
Card 2: 7 7 7 7 7  7 7 7 7 7 7 6 7 77  8 7 0 | 5
Card 2: 7 7 7 7 7 7 7 7 8 7 0 7 0 | 5
Card 2: 7 7 7 7 7 7 7 7 7 1 5 7 8 7 0 8  0 | 5
Card 2: 7 7 7 7 7 7 7 6 7 7 7 8 7 7  8 7 0 | 5
Card 2: 7 7 7 7 7 7 7 7 7 1 5 7 8 7 0 8 0 | 5
Card 1: 7 7 7 77 7 7 7 7 7 7 2 1 8 2 7 8 7 0 | 5
Card 2: 7 7 7 7 7  7 7 7 7 7 7 6 7 7 7 8 7 7 | 5
Card 2: 7 7 7 7 7 7 7 7 6 7 7 7 8 7 8 7 0 | 5
Card 2: 7 7 7 7 7 7 7 7 7 1 0 8 5 7 8 7 0 | 5
Card 2: 7 7 7 7 77  8 7 0 | 5
Card 2: 7 7 7 7 7 7 7 7 7 1 5 7 8 7 0 8 0 | 5
Card 1: 7 7 7 77 7 7 7 7 7 7 2 1 8 2 7 8 7 0 | 5
Card 2: 7 7 7 7 7 7 7 7 7 7 8 7 7 8 7 0 0 | 5
Card 2: 7 7 7 7 7 7 7 6 7 7 7 8 7 7  8 7 0 | 5
Card 2: 7 7 7  7 7 7 8 7 7  8 7 0 | 5
Card 2: 7 7 7 7 7 7 7 7 7 1 5 7 8 7 0 8 0 | 5
Card 1: 7 7 7 77 7 7 7 7 7 7 2 1 8 2 7 8 7 0 | 5
Card 2: 7 7 7 7 7 7 7 6 7 7 7 8 7 5  8 7 0 | 5
Card 2: 7 7 7 7 7 7 7 7 6 7 7 7 8 7 8 7 0 | 5
Card 2: 7 7 7 7 7 7 7 7 7 7 7 7 7 7 1 58 7 0 | 5
Card 2: 7 7 7 7 7 7 7 7 7 1 5 7 8 7 0 8 0 | 5
Card 1: 7 7 7 77 7 7 7 7 7 7 2 1 8 2 7 8 7 0 | 5
Card 2: 7 7 7 7 7 7 7 6 7 7 7 8 7 5  8 7 0 | 5
Card 2: 7 7 7 7 7 7 7 7 6 7 7 7 8 7 8 7 0 | 5
Card 2: 7 7 7 7 7 7 7 7 7 1 0 8 5 7 8 7 0 | 5
Card 2: 7 7 7 7 77  8 7 0 | 5
Card 2: 7 7 7 7 7 7 7 7 7 1 5 7 8 7 0 8 0 | 5
Card 1: 7 7 7 77 7 7 7 7 7 7 2 1 8 2 7 8 7 0 | 5
Card 2:  7 0 | 5
Card 2: 7 7 7 7 7 7 7 7 7 7 8 7 7 8 7 0 0 | 5
Card 2: 7 7 7 7 7 7 7 6 7 7 7 8 7 7  8 7 0 | 5
Card 2: 7 7 7 7 7 7 7 7 7 1 5 7 8 7 0 8 0 | 5
Card 1: 7 7 7 77 7 7 7 7 7 2 1 8 2 7 8 7 8 7 0 | 5
Card 2: 7 7 7 7 7 7 7 7 7 7 7 7 7 7 1 58 7 0 | 5
Card 2: 7 7 7 7 7 7 7 7 7 1 5 7 8 7 0 8 0 | 5
Card 1: 7 7 7 77 7 7 7 7 7 7 2 1 8 2 7 8 7 0 | 5
Card 2: 7 7 7 7 7 7 7 6 7 7 7 8 7 5  8 7 0 | 5
Card 2: 7 7 7 7 7 7 7 7 6 7 7 7 8 7 8 7 0 | 5
Card 2: 7 7 7 7 7 7 7 6 7 7 7 8 7 5  8 7 0 | 5
Card 2: 7 7 7 7 7 7 7 7 6 7 7 7 8 7 8 7 0 | 5
Card 2: 7 7 7 7 7 7 7 7 7 1 0 8 5 7 8 7 0 | 5
Card 2: 7 7 7 7 7 7  7 7 7 7 7 2 7 8 7 7 6





5