Card 06: 7 7 7 7 7 4 7 7 7 7 7 77 7 7 7 6 7 7 |  5
Card 2952: 55 7  7 7 7 7 7 4 7 7 7 7 7 77 7 7 7 6 7 7 |  5
Card 2952: 55 7  6 7 7 7 7 7 77 7 7 7 6 7 7 7 5  7 |  5
Card 2952: 55 7 4 7 7 7 7 77 7 7 7 75 7 77 7 7 7 6 7 7 |  5
Card 2952: 55 7  7 7 7 7 7 4 7 7 7 7 7 77 7 7 7 6 7 7 |  5
Card 2952: 55 7  6 7 7 7 7 7 77 7 7 7 6 7 7 7 5  7 |  5
Card 2952: 55 7 4 7 7 7 7 77 7 7 7 75 7 7 4 6 7 7 |  5
Card 2952: 55 7 4 6 7 7 7 7 7 77 7 7 7 6 7 7 7 7  7 |  5
Card 2952: 55 7 4 7 7 7 7 7 77 7 7 7 75 7 4 6 7 7 |  5
Card 2952: 55 7 4 6 7 7 7 7 7 7  65 9  7 4 6 7 7 |  5
Card 2952: 55 7 4 6 7 7 7 7 7 77 7 7 7 6 7 7 7 7  7 |  5
Card 2952: 55 7 4 7 7 7 7 7 77 7 7 7 75 7 4 6 7 7 |  5
Card 2952: 55 7 4 6 7 7 7 7 7 7  65 9 6 5 7 7 64 6 7 7 |  5
Card 2952: 55 7 4 6 7 7 7 7 7 77 7 7 7 6 7 7 7 7  7 |  5
Card 2952: 55 7 4 7 7 7 7 7 77 7 7 7 75 7 4 6 7 7 |  5
Card 2952: 55 7 4 6 7 7 7 7 7 7  65 9 6 5 7 7 6 0 |  0 | 6 7 7 7 7  7 4 7 5 96 5  6 5 7 7 6 0 | 0