Card 2: 9 8 7 3 7 7 5 2 1 0 7 7 7 8 0 7 5 2 1 0 |  5
Card 29: 5 2 1 1 6 5 7 8 9 3 7 9 6  8  9 3 7 9 6 5 4 8 9 3 7 9  8 9 3 7 9 6 7 5 2 1 0 |  5
Card 29:  0 7 7 7 7 8 0 72 1 8 0 7 5 2 1 0 |  5
Card 29: 5  5 2 1 1 6 5 7 8 9 3 7 9 6  8  9 3 7 9 6 5 4 8 9 3 7 9  8 9 35 2 1 0 |  5
Card 29: 5  5 2 1 1 6 5 7 8 9 1 7 9   0 72 1 0 7 7 7 7 8 0 7 5 2 1 0 |  5
Card 29: 5  5 2 4 1 6 5 7 8 9 3 7 9 6  8  9 3 7 9 6 5 4 8 9 3 70 7 5 2 1 0 |  5
Card 29: 5  5 2 1 1 6 5 79 6 0 |  5
Card 29: 5  5 2 1 1 6 5 7 8 9 3 7 9 6  8  9 3 7 9 6 5 4 8 9 3 3 9  7 7 8 0 7 5 2 1 0 |  5
Card 29: 5  5 2 1 1 6 5 7 8 9 3 7 9 6  8  9 3 7 8 6 5 4 8 9 3 7 9 6 5 1 0 |  5
Card 29: 5  5 2 1 1 6 5 7 8 9 3 7 9 6  8  9 3 7 9 6 5 4 8 9 3 70 7 5 2 1 0 |  5
Card 29: 5  5 2 1 1 6 5 79 61 7 8 9 3 7 9 6  8  9 3 7 9 6 5 4 8 9  7 5 2 1 0 |  5
Card 29: 5  5 2 1 1 6 5 7 8 9 3 7 9 6  8  9 3 7 98 6 5 4 8 9 3 7 9 6 5 4 0 | 5