Card 21: 5  7 5  7     73  0            0     0  4 8   5 17 2 7       0    250 7      7 5  0  5  7 5  73  0   8 8        1       1    7   0 5 5  73  0 7   0 5 5  73  0   7  37 |  5
Card 2952: 4  37  0   8   5 17 2 7         0  5  7 53  73  0   8 17 2    2 6 5     0 73  0  7 2    2 5  7    0     02 5  7    0 4 0 3   8    157 2    50  37 |  5
Card 2952: 5  37  0   8   5 17 2 7         0  5  7 53  73  0   8   6 17 2    2 6 5     0 73     8    157 2    50  37 |  5
Card 2952: 5  37  0   8   5 17 2 7         0  5  7 53  73  0   8   5 17 2    2 6 5     0 73  0  7 2    2 5  7    0     02 5  7    0 7 0 3   8 5  12  7    2 5  7    0     0      0  7   0 5 5  73  0 7   0 5 5  73  0   8  37 |  5
Card 2952: 5  37  0   8   5 17 2 7  5 17 2    2 6 5     0 73  0  7 2    2 5  7    0     02 5  7    0 7 0 3   8    157 2    50  37 |  5
Card 2952: 5  37  0   8   5 17 2 7         0  5  7 53  73  0   8   6 17 2    2 6 5     0 73     8    157 2    50  37 |  5
Card 2952: 5  37  0   8   5 17 2 7         0  5  7 53  73  0   8   5 17 2    2 6 5     0 73  0  7 2    2 5  7    0     02 5  7    0 7 0 3   8 5  12  7    2 5  7    0     0      0  5   0 5 5  73  0 7   0 5 5  73  0   8  37 |  5
Card 2952: 5  37  0   8   5 17 2 7         0  5  7 53  73  0   8   5 1  2 5  7    0     02 5  7    0 7 0 3   8    157 2    50  37 |  5
Card 2952: 5  37  0   8   5 17 2 7         0  5  7 53  73  0   8   6 17 2    2 6 5     0 73     8    157 2    50  37 |  5
Card 2952: 5  37  0   8   5 17 2 7         0  5  7 53  73  0   8   5 17 2    2 6 5     0 73  0  7 2    2 5  7    0     02 5  7    0 7 0 3        5  73  0 7   0 5 5  73  0   18  37 |  5
Card 2952: 5  37  0   8   5 17 2 7         0  5  7 53  73  0   8   5 17 2    2 6 5     0 73  0  7 2     2 5  7    0     02 5  7    0 7 0 3   8    157 2    50  37 |  5
Card 2952: 5  37  0   8   5 17 2 7         0  5  7 53  73  0   8   6 17 2    2 6 5     0 73     8    157 2    50  37 |  5
Card 2952: 5  37  0   8   5 17 2 7         0  5  7 53  73  0   8   5 17 2    2 6 5     0 73 7 2    2 6 5     0 73  0  7 2    2 5  7    0     02 5  7    0 7 0 3   8    157 2    50  37 |  5
Card 2952: 5  37  0   157 2    50 5  7 7 37 |  5
Card 2902: 5  37  0   8   5 17 2 7         0  5  7 53  73  0   8   6 17 2    2 6 5   2  0 73     8    157 2    50  37 |  5
Card 2952: 5  37  0   8   5 17 2 7         0  5  7 53  73  0   8   5 1    2 5  7    0     02 5  7    0 7 0 3  3  0   8  97 |  5
Card 2952: 5  37  0   8   5 17 2 7         0  5  7 53  73  0   8   5 17 2    2 6 5     0 73  0  7 2    2 5  7    0     02 5  7    0 7 0 3   8    157 2    50  37 |  5
Card 2952: 5  37  7      7 5  0  5  7 5  73  0   8 8        1       1    7   0 5 5  73  0 7   8   5 17 2 7         7 25  3   50 |   0 ¼0À