-7 4 41 121 272 539 997 1790 3238 6096 12113 25120 52964 110690 225447 443645 840883 1535008 2702137 4594155 7553340
4 6 15 32 56 97 215 608 1782 4848 12001 27235 57322 113013 210281 371191 623616 998482 1522475 2203130 3001892
1 14 30 60 127 259 482 812 1241 1708 2047 1924 854 -1364 -2779 6693 61773 262974 871468 2514024 6601925
6 11 22 52 122 270 570 1162 2299 4438 8451 16122 31239 61800 124158 250420 501360 989250 1920158 3677323 6993968
5 7 20 59 158 375 798 1567 2933 5377 9809 17858 32248 57231 99015 166082 269237 421163 635178 922797 1289594
0 -3 -6 -7 1 43 201 703 2093 5515 13138 28727 58310 110773 197987 333665 529470 785825 1073258 1297757 1240279
4 16 31 51 77 110 165 305 716 1872 4881 12159 28649 63886 135307 273317 528748 983488 1765211 3067307 5175293
28 42 56 70 84 98 112 126 140 154 168 182 196 210 224 238 252 266 280 294 308
14 30 55 105 221 486 1057 2232 4581 9179 17987 34432 64237 116546 205378 351432 584260 944840 1488635 2289343 3443761
11 22 37 68 148 338 743 1559 3190 6514 13460 28214 59658 126174 264919 549437 1122545 2256574 4461315 8672808 16575204
13 16 35 83 171 318 572 1047 1989 3900 7783 15648 31591 64129 131249 271201 565159 1183779 2480632 5175309 10704255
-7 -11 -2 41 146 354 734 1409 2595 4667 8313 14965 27979 55581 117567 259445 580783 1290395 2812622 5992175 12490570
8 7 5 17 83 276 712 1579 3222 6366 12646 25770 53931 114643 244277 516741 1079964 2226889 4532683 9117139 18139459
25 41 76 150 290 533 930 1551 2491 3877 5876 8704 12636 18017 25274 34929 47613 64081 85228 112106 145942
21 50 90 137 187 236 280 315 337 342 326 285 215 112 -28 -209 -435 -710 -1038 -1423 -1869
14 22 37 55 73 93 126 196 344 632 1147 2005 3355 5383 8316 12426 18034 25514 35297 47875 63805
9 11 21 58 153 364 817 1783 3810 7966 16336 33094 66812 135287 275234 560945 1138767 2288413 4528199 8789922 16701011
8 14 35 91 217 469 946 1850 3620 7208 14641 30168 62576 129773 267707 547650 1110014 2231708 4462709 8905935 17791177
8 19 38 65 93 119 179 422 1244 3509 8890 20369 42941 84573 157475 279746 477464 787295 1259702 1962841 2987237
10 29 55 97 174 315 559 955 1562 2449 3695 5389 7630 10527 14199 18775 24394 31205 39367 49049 60430
11 21 37 74 173 415 947 2045 4251 8633 17229 33748 64613 120443 218083 383303 654299 1086141 1756325 2771598 4276237
3 13 33 63 103 153 213 283 363 453 553 663 783 913 1053 1203 1363 1533 1713 1903 2103
7 9 17 31 51 77 109 147 191 241 297 359 427 501 581 667 759 857 961 1071 1187
-8 -2 22 78 200 459 982 1972 3727 6652 11253 18096 27698 40263 55025 68607 71081 37078 -92913 -449054 -1297721
8 0 -16 -37 -45 8 222 774 1952 4228 8438 16189 30679 58196 110656 209648 392576 721624 1296420 2271439 3879363
15 32 68 131 226 355 517 708 921 1146 1370 1577 1748 1861 1891 1810 1587 1188 576 -289 -1450
25 48 89 168 324 622 1160 2076 3555 5836 9219 14072 20838 30042 42298 58316 78909 105000 137629 177960 227288
6 6 14 56 182 492 1191 2686 5741 11717 22951 43393 79771 143892 257421 462023 840872 1563564 2977624 5789534 11411748
6 24 58 127 264 524 1003 1871 3422 6144 10812 18607 31264 51252 81989 128095 195686 292712 429342 618399 875848
2 15 35 78 172 354 662 1121 1734 2511 3615 5798 11471 27026 67417 164495 381118 833495 1724359 3389070 6355154
10 12 13 25 76 226 607 1493 3403 7237 14442 27202 48643 83041 136018 214708 327872 485938 700939 986319 1356574
12 23 47 90 151 215 256 260 283 567 1743 5149 13278 30341 62878 120271 214902 361551 575439 868084 1239849
10 15 30 57 98 155 230 325 442 583 750 945 1170 1427 1718 2045 2410 2815 3262 3753 4290
11 26 41 56 71 86 101 116 131 146 161 176 191 206 221 236 251 266 281 296 311
22 35 46 66 130 306 709 1536 3152 6272 12307 23995 46562 89916 172870 331321 634164 1214667 2333799 4511553 8805034
25 46 79 133 222 366 592 935 1439 2158 3157 4513 6316 8670 11694 15523 20309 26222 33451 42205 52714
17 20 21 20 17 12 5 -4 -15 -28 -43 -60 -79 -1 148456
-9 -7 10 57 168 408 882 1734 3136 5286 8465 10681 124721 187149 273628 391033 547612
24 37 60 109 210 404 760 1411 2641 5071 1003316862 21277 66503 32633 39765 48002
