5 2 775 2 22772 2275 2 22 775 2 77222 2275 2 22 775 2 77275
2 7 777222 2275 2 22 775 2 772 2225 2 77222 2275 2 22 775 2 77275
2 7 777222 2275 2 22 775 2 77275
2 7 772 225 2 775 2 77222 2275 2 22 775 2 77222 2 775 2 77275
2 772 222 2 2275 2 72 775 2 7 2275 2 2 4 42572 2223 22 775 2 77274
2 772 222 772 775 2 77275 2 772 2275 2 772 775 2 777275
2 772 222 2 77275 2 -72 72 2 2275 2 5 2 77222 2 775 2 77275
2 772 222 2 772 2275 2 772 2225 2 77202 2275 2 22 775 77275
2 7 77222 2275 2 22 775 2 77275
2 7 772 225 2 775 2 77222 2275 2 22 775 2 77222 2 775 2 77275
2 772 222 2 772 2275 2 772 2223 22 7175 2 2 2275 2 22 75
2 772 222 2 77275 2 -72 72 2275 2 772 222 22 22 222 2 22 7