4 4 02 7 1 0 5
4 0 2 4 02 7 1 0 5
2
2 2 7 1 0 5 0 5 02
2 2 7 1 0 5 0 3 5
2
2 1 3 1 0 5 0 2 5
4 4 4 6 2 1 0 5 2 5
4 4 4 5 0
25
2 2 7 1 0 5 0 2 5
2
2 1 788 207128 337977 534090 820477 1229244 180099 1562 2449 3695 5389 76
30 10527 1419925120 52964 106091 225447 443645 840883 1535008 2702137 4594155 7553340
4 6 15 32 56 97 24 0 2 4 7 24 0 2 4 02 7 1 0 5
4 0 2 4 02 7 1 0 5
2
2 2 7 1 0 5 0 5 02
2 2 7 1 0 5 0 2 5
2
1 1 3 1 0 5 0 2 5
8 4 4 6 2 1 0 5 2 5
4 4 4 5 0
2
2 2 7 1 0 5 0 2 5
2
2 1 7 1 0 5 0 2 5
4 8 4 6 2 +2
2 2 7 1 0 5 0 5 02
2 2 7 1 0 5 0 2 5
22 1 3 1 0 5 0 2 5
4 4 4 6 0 5 5 2 6 2 +0 124158 2 11253 18096 27698 40263 5504 0 2 4 02 7 1 8 5
4 0 2 4 02 7 1 0 5
2
2 2 7 1 04 4 4 6 2 1 0 5 2 5
4 4 4 5 0
2
2 2 7 1 0 5 0 2 2
2
2 1 7 1 0 2 5
4 402 7 1 0 5
4 0 2 4 02 7 1 0 5
2
2 2 7 1 0 5 0 5 02
2 2 7 1 0 5 0 2 5
2
1 1 3 1 0 5 0 2 5
4 4 4 6 2 1 0 5 2 5
4 4 4 5 0
2
2 2 7 1 0 5 0 2 5
2
2 1 7 1 0 5 0 2 5
4 8 4 6 2 +2
2 2 7 1 0 5 0 5 02
2 2 7 1 6 15 32 56 97 24 0 2 4 02 7 1 0 5
4 0 2 4 02 7 1 0 5
2
2 2 7 1 0 5 0 5 02
2 2 7 1 0 5 0 22 5
2
1 1 3 1 0 5 0 2 5
4 4 4 6 2 1 0 5 2 5
4 4 4 5 0
2
2 2 7 1 0 5 0 2 2
2
2 1 7 1 0 5 0 2 5
4 8 4 6 2 +2
2 2 7 1 0 5 0 5 02
2 2 7 1 0 5 0 2 5
22 1 3 1 0 5 0 2 5
40508 2702137 4594155 7553340
4 6 15 32 56 97 24 0 2 4 02 7 1 0 5
4 0 2 4 02 7 1 0 5
2
2 2 7 1 0 5 0 5 02
2 2 7 1 0 5 0 2 5
2
1 1 3 1 0 5 0 2 5
8 4 4 6 2 1 0 5 2 5
4 4 4 5 0
2
2 2 7 1 0 5 0 2 5
2
2 1 7 1 0 5 0 2 5
4 8 4 6 2 +2
2 2 7 1 0 5 0 5 02
2 2 7 1 0 5 0 2 5
22 1 3 1 0 5 0 2 5
4 4 4 6 0 5 5 2 6 2 +0 124158 2 11253 4 6 2 1 0 5 2 5
4 4 4 5 0
2
2 2 7 1 003 2825 4047 560 432 752 1228 1903 2825 4047 5627 7628  444 4 4เส 4 4 4 4 4 4 27 7628