4 4
4 4 4 2 22
2221
2
-2
0
2
2
2
2
2
2
-2
2
22
2
2
82
0
82
22
2
2
-5
-5
-2
2
822
2
-2
0
2
2
2
2
2
22
2
2
2
822
2
-2
0
2
2
2
2
2
2221
2
-2
0
2
2
22
2
-2
2
2
2
221
-5
-52
-2
0
2
2
22
22
2
2
82
520
2
2
2
2
822
2
-2
0
-2
20
-2
2
2
2
82
20
2
2
2
222
2
-2
0
2
2
2
2
2
2
-2
2
22
822
2
-2
0
-2
20
-2
2
2
2
82
20
2
2
2
2
2
822
2
-2
02
82
2
82
22
2
2
2
2
822
2
-2
0
2
2
2
2
2
2221
2
-2
0
2
2
22
2
-2
2
2
2
221
-5
-52
-2
0
2
2
22
22
2
2
82
520
2
2
2
2
822
2
-2
0
-2
20
-2
2
2
2
82
20
2
2
2
2
2
82
20
2
2
2
222
2
-2
0
2
2
2
2
2
2
-2
2
2
2
22
2
2
82
2
2
2
2
2
822
2
-8
-1
-2
-4
-1
-120
2
2
2
82
22
822
2
-2
0
2
2
2
2
2
2221
2
-2
0
2
2
2
2
2
2
-2
2
2
2
22
2
2
82
0
82
22
27
2
-5
-5
-2
2
822
2
-2
0
2
2
2
2
2
-2
22
2
2
2
822
2
-2
0
2
2
2
2
2
2221
2
-2
0
2
2
22
2
-2
2
2
2
221
-5
-52
-2
0
2
2
22
22
2
2
82
520
2
2
2
2
822
2
-2
0
-2
20
-2
2
2
2
82
20
2
22
2
-2
2
2
2
221
-5
-52
-2
0
2
2
22
22
2
2
82
520
2
2
822
2
-2
0
-2
20
-2
2
2
2
82
20
2
2
2
222
2
-2
0
2
2
2
2
2
2
-2
2
2
2
22
2
2
8
2
2
2
221
-5
-52
-2
0
2
2
2
2
82
520
2
2
2
2
822
2
-2
0
-2
20
-2
2
2
2
8221
-5
-52
-2
0
2
2
22
22
2
2
82
520
2
2
2
2
822
2
-2
0
-2
20
-2
2
82
22
2
2
2
2
822
2
-2
0
2
2
2
2
2
2221
2
-2
0
2
2
22
2
-2
2
2
2
221
-5
-52
-2
1
2
2
22
22
2
2
82
520
2
2
2
2
822
2
-2
0
-2
20
-2
2
2
2
82
20
2
2
2
222
2
-2
0
2
2
2
2
2
2
-2
2
2
2
22
2
2
82
2
2
2
2
2
822
2
-8
-1
-2
-4
-1
-120
92
2
2
82
22
822
2
-2
0
2
2
2
2
2
2221
2
-2
0
2
2
2
2
2
2
-2
2
2
2
22
2
2
82
0
82
22
2
2
-5
-5
-2
2
822
2
-2
0
2
2
2
2
2
-2
22
2
2
2
822
2
-2
0
2
2
2
2
2
2221
2
-2
0
2
2
22
2
-2
2
2
2
221
-5
-52
-2
0
2
2
22
22
2
2
82
520
2
2
2
2
822
2
-2
0
-2
20
-2
2
2
2
82
20
2
2
2
222
2
-2
0
2
2
2
2
2
2
-2
2
2
2
22
2
2
82
0
-2
2
2
2
222
2
-2
0
2
2
2
2
2
2
-2
2
2
2
22
2
2
82
0
-2
20
-2
2
2
2
82
20
2
2
2
2
2
822
2
-2
02
82
2
82
22
2
2
2
2
822
2
-2
0
2
2
2
2
2
2221
2
-2
0
2
2
22
2
-2
2
2
2
221
-5
-52
-2
0
2
2
22
22
2
2
82
520
2
2
2
2
822
2
-2
0
-2
20
-2
2
2
2
82
2
2
2
2
-2
2
2
2
22
2
 +