-8
-1
-2
-4
-1
-120
2
2
2
82
22
822
2
-2
0
2
2
2
2
2
2221
2
-2
0
2
2
2
2
2
2
-2
2
2
2
82
22
2
2
-5
-5
-2
2
822
2
-2
0
2
2
2
2
2
22
2
2
2
822
2
-2
0
2
2
221
2
-20
2
2
22
2
-2
2
2
2
221
-5
-52
-2
0
2
2
22
22
2
2
82
520
2
2
2
2
822
2
-2
0
-2
20
-2
2
2
2
82
20
2
2
2
222
2
-2
0
2
2
2
2
2
2
-2
2
2
2
22
2
2
2
2
2
822
2
-2
0
-2
20
-2
2
2
2
82
020
2
2
2
2
2
822
2
-2
02
82
2
82
22
2
2
2
2
822
2
-2
0
2
2
2
2
2
2221
2
-2
0
2
2
22
2
-2
2
2
2
221
-5
-52
-2
0
2
2
22
22
2
2
82
520
2
2
2
2
822
2
-2
0
-2
20
-2
2
2
2
82
20
2
2
2
2
822
2
-2
02
82
2
82
22
2
2
2
2
822
2
-2
0
2
2
2
2
2
2221
22
2
22
2
-2
2
2
2
221
-5
-52
-2
0
2
2
22
22
2
2
82
520
2
2
3
2
822
2
-2
0
-2
20
-2
2
2
2
82
20
2
2
2
222
2
-2
0
2
2
2
2
2
2
-2
2
21
-120
2
-2
0
-2
20
-2
2
2
2
840
-2
2
-2
0
2
82
22
2
25
2
2
822
2
-2
0
2
2
2
2
2
2221
2
-2
0
2
2
22
22
2
2

41
-0