3 24 1 4 02 7 1 0 5
2
2 2 7 1 0 5 0 5 02
2 2 7 1 0 5 0 3 5
2
2 1 3 1 0 5 0 2 5
4 0 5 2 5
4 3 1 0 5 0 1 0 5
4 0 2 4 02 7 1 0 5
2
2 2 7 1 0 5 0 5 02
2 2 7 1 0 5 0 2 5
2
1 1 3 1 0 5 0 2 5
8 4 4 6 2 1 0 5 2 5
4 4 4 5 80
2
2 2 7 1 0 5 0 2 5
2
2 1 7 1 0 5 0 2 5
4 8 4 6 2 +2
2 2 7 1 0 5 0 5 02
2 2 7 1 0 5 0 2 5
22 14 6 1 0 5 0 2 5
8 4 4 6 2 1 5 2 5
4 4 4 5 0
2 2 7 1 30 5 0 2 52
1 1 3 1 0 5 0 2 5
4 4 4 6 2 1 0 5 2 1 3 1 0 5 0 2 5
4 4 4 6 2 1 0 5 2 52
2 2 7 1 0 5 0 2 5
0
2 2 7 1 0 5 02
1 1 3 1 0 5 0 2 5
8 4 4 6 2 1 0 5 2 2 7 1 0 5 0 5 5
2
2 1 3 1 0 5 0 2 5
4 0 5 2 5
4 3 1 0 5 0 1 0 5
4 0 2 4 02 7 1 0 5
2
2 2 7 1 0 5 0 5 02
2 2 7 1 0 5 0 2 5
2
1 1 3 1 0 5 0 2 5
8 4 4 2 1 0 5 2 5
45
2
1 1 3 1 0 5 0 1 0 5
4 0 2 4 02 7 1 0 5
2
2 2 7 1 0 5 0 5 02
2 2 7 1 0 5 0 2 5
2
1 1 3 1 0 5 0 2 5
8 4 4 6 2 1 0 5 2 5
4 4 4 5 80
2
2 2 7 1 0 5 0 2 5
2
2 1 7 1 0 5 0 2 5
4 8 4 6 2 +2
2 2 7 1 0 5 0 5 02
2 2 7 1 0 5 0 2 5
22 14 6 1 0 5 0 2 5
8 4 4 6 2 1 5 2 5
4 4 4 5 0
2 2 7 1 30 5 0 2 52
1 1 3 1 0 5 0 2 5
4 4 4 6 2 1 0 5 2 1 3 1 0 5 0 2 5
4 4 4 6 2 1 0 5 2 52
2 2 7 1 0 5 0 2 5
0
2 2 7 1 0 5 0 5 02
2 2 7 1 0 5 0 2 5
1 1 3 1 0 5 0 2 5
8 4 4 6 2 1 0 5 2 5
4 4 4 5 0
2 2 7 1 30 5 0 2 52
1 1 31 0 2 2