2
1
2
2
2
2
1
2
2
0
2
2
2
2
2
222
2
2
2
82
2
-2
2
2
2
22
2
2
82
2
2
2
2
2
2
-3
0
2
2
22
220
2
2
2
2
2
2
2221
2
-2
0
2
2
2
2
2
2
3
2
82
0
22
2
-2
2
2
2
2
1
2
2
2
1
2
2
2
2
1
2
2
2
2
1
2
2
1
2
2
2
22
2
2
2
2
222
2
2
2
822
2
2
2
2
2
1
2
2
2
1
2
2
2
2
1
2
2
2
2
1
2
2
2
2
2
1
2
2
2
22
2
2
2
2
222
2
2
2
822
2
-2
2
2
2
20
2
2
2
2
2
2
1
2
2
2
22
2
2
82
2
2
2
2
822
2
-2
2
1
2
2
2
2
1
2
2
2
2
2
2
1
2
2
2
2
1
2
2
2
2
2
1
2
2
2
2
1
2
2
2
2
1
2
2
2
2
2
2
1
2
2
2
2
1
2
2
2
2
2
2
2
2
1
2
2
2
2
2
2
2
2
2
1
2
2
2
2
2
2
1
2
2
2
2
1
2
1
2
2
2
2
2
4
2
2
4
2
2
2
2
2
2
1
2
2
2
2
1
2
1
2
2
2
2
1
2
2
2
2
1
0
2
2
2
2
20
2
2
2
2
2
2
2
2
2
2
22
2
2
82
2
82
22
2
2
2
2
822
2
-2
2
1
2
2
2
2
1
2
2
2
2
2
2
1
2
2
2
2
1
2
2
2
2
2
1
2
2
2
2
1
2
2
2
2
1
2
2
2
2
2
2
1
2
2
2
2
1
2
2
2
2
2
2
2
2
1
2
2
2
2
2
2
2
2
2
1
2
2
2
2
2
2
1
2
2
2
2
1
2
1
2
2
2
2
2
4
2
2
4
2
2
2
2
2
2
1
2
2
2
2
1
2
1
2
2
2
2
1
2
2
2
2
1
0
2
2
2
2
2
2221
2
-2
0
2
2
3
2
22
2
2
2
2
22
1
2
2
2
2
2
2
2
1
2
2
2
2
2
2
2
2
1
22
2
1110
2
-2
0
2
2
3
2
22
2
2
2
2
22
1
2
2
2
2
2
2
2
1
2
2
2
2
2
2
2
2
1
2
2
2
2
1
2
2
2
2
2
1
2
2
2
2
1
2
2
2
2