0 20
00 2
0 04
020
00 2
0 04
00 2
0 02
0 0 2
0 2 44
00 2
0 02
0 04
0 02
0 04
0 2 3
4 02
0 2 2
0 04
00 2
0 02
0 04
0 2 2
0 2 3
4 02
0 2 2
0 2 2
0 2 3
4 02
0 2 2
0 04
00 2
0 02
0 04
0 02
0 04
0 2 3
4 02
0 2 2
0 04
00 2
0 02
0 04
0 2 2
0 2 3
4 02
0 2 2
0 04
00 2
0 02
0 04
0 020 2
0 02
0 0 2
0 2 44
00 2
0 02
0 04
0 02
0 04
0 2 3
4 02
0 2 2
0 04
00 2
0 02
0 04
0 2 2
0 2 3
4 02
0 2 2
0 2 2
0 2 3
4 02
0 2 2
0 04
00 2
0 02
0 04
0 02
0 04
0 2 3
4 02
0 2 2
0 04
00 2
0 02
0 04
0 2 2
0 2 3
4 02
0 2 2
0 04
00 2
0 02 04
0 02