0 4 2
0 0 2
0 20
0 04
2 02
0 20
0 4 2
0 0 2
0 20
0 04
2 02
0 20
0 1 2
0 0 2
2 20
0 04
2 02
0 20
0 1 2
0 0 2
0 20
0 04
2 02 2
0 04
0 02
0 2 1
4 04
0 04
0 2 2
0 2 2
0 04
0 02
0 2 1
4 04
0 04
0 2 2
0 2 3
4 02
0 2 250 04
00 2
0 02
0 04
0 2 2
0 2 3
4 02
0 2 2
0 04
00 2
0 0 2
0 02
0 2 2
0 04
0  02
0 2 1
4 04
0 04
0 2 2
0 2 2
0 04
0 02
0 2 1
4 04
0 04
0 2 2
0 2 3
4 02
0 2 2
0 04
00 2
0 02
0 00 20
1 3 8
0 20
0 22
0 20
0 210
0 21
4 20
0 20
020
5 21
0 20
0 22
0 20
0 21
2 2  8
0 20
0 20
0 21
2 8 0
0 20
00 2
0 02
0 2 2
0 02
0 02
0 2 2
0 04
0 02
0 2 1
4 04
0 04
0 2 2
0 2 3
4 002
0 2 2
0 04
00 2
0 02
0 04
0 02
0 02
0 2 2
0 04
0 02
0 04
0 04
0 02
0 04
0 02
0 02
0 2 2
0 04
0 02
0 04
0 04
0 2 2
0 2 3
4 02
0 2 2
0  04
0 02
0 02
0 2 2
0 04
0 02
0 04
0 04
0 2 2
0 2 3
4 02
0 2 2
0 04
00 2
0 2 2
0 04
00 2
0 02
0 04
0 02
0 02
0 2 2
0 04
0 02
0 04
0 04
0 02
0 04
0 02
0 02
0 2 2
0 04
0 02
0 04
0 04
0 2 2
0 2 3
4 02
0 2 2
0 04
00 2
0 02
0 04
0 2 2
0 2 2
0 04
0 02
0 2 1
4 04
0 04
0 2 2
0 2 3
4 02
00 2 2
0 2 3
4 02
0 2 2
0 04
00 2
0 02
0 00 20
1 3 8
0 20
0 22
0 20
0 210
0 21
4 20
0 20
020
5 21
0 20
0 22
0 20
0 21
2 2  8
0 20
0 20
0 21
2 8 0
0 20
00 2
0 02
0 2 2
0 02
0 02
0 2 2
0 04
0 02
0 2 1
4 04
0 04
0 2 2
0 2 3
4 002
0 2 2
0 04
00 2
0 02
0 04
0 02
0 02
0  04
00 2
0 02
0 04
0 02
0 02
0 2 2
0 04
0 02
0 04
0 04
0 02
0 04
0 02
0 02
0 2 2
0 04
0 02
0 04
0 04
0 2 2
0 2 3
4 02
0 2 2
0 04
00 2
0 02
0 04
0 2 1
4 04
0 04
0 2 2
0 2 2
0 04
0 02
0 2 1
4 04
0 04
0 2 2
0 2 3
4 02
0 2 2
0 04
00 2
0 02
0 04
0 2 2
0 2 3
4 02
0 2 2
0 04
0 02
0 2 1
4 04
0 04
0 2 2
0 2 3
4 02
0 2 2
0 04
00 2
0 02
0 00
1 3 8
0 20
8 22
0 20
0 210
0 21
4 20
0 20
020
5 21
0 20
0 22
0 20
0 21
2 2  8
0 20
0 20
0 21
32 8 0
2 2	0
0 21
4 20
0 20
020
5 21
0 2092
0 2 2
0 04
00 2
0 02
0 04
0 2 2
0 2 3
4 02
0 2 2
0 04
00 20 04
0 02
0 04
0 04
0 2 2
0 2 3
4 02
0 2 2
0 04
00 2
0 0 02
0 2 2
0 04
00 2
0 02
0 2 2
0 04
00 2
0 02
0 04
0 2 2
0 2 3
4 02
0 2 2
0 04
00 2
0 02
0 04
0 02
0 02
0 2 2
0 04
0 02
0 04
0 04
0 2 2
0 2 3
4 02
0 2 2
0 04
00 2
0 01
0 04
0 2 2
0 2 3
4 04
00 2
0 02
0 04
0 02 
4000 2
0 02
0 04
0 2 2
0 2 3
4 02
0 2 2
0 04
00 2
0 02
0 04
0 02
0 02
0 2 2
0 04
0 02
0 04
0 04
0 02
0 04
0 02
0 02
0 2 2
0 04
0 02
0 04
0 04
0 2 2
0 2 3
4 02
0 2 2
0 04
00 2
0 2 2
0 04
00 2
0 02
0 04
0 02
0 02
0 2 2
0 04
0 02
0 04
0 04
0 02
0 04
0 02
0 02
0 2 2
0 04
0 02
0 04
0 04
0 0 2
0 2 3
4 02
0 2 2
0 04
00 2
0 02
0 04
0 2 1
4 04
0 04
0 2 2
0 2 2
0 04
0 02
0 2 1
4 04
0 04
0 2 2
0 2 3
4 02
0 2 2
0 04
00 2
0 02
0 04
0 2 2
0 2 3
4 02
0 2 2
0 04
00 2
0 0 2
0 02
5 2 2
0 04
0  02
0 2 0 02
 202
0 2 2
0 04
00 2
0 02
0 04
0 2 2
0 2 3
4 02
0 2 2
0 04
00 2
0 02
0 04
0 02
0 02
0 2 2
0 04
0 02
0 04
0 04
0 2 2
0 2 3
4 02
0 2 2
0 04
00 2
0 0 02
0 2 21
0 04
00 2
0 02
0 0 1
4 04
0 04
0 2 2
0 2 3
4 02
0 2 2
0 04
00 2
0 02
0 04
0 2 2
0 2 3
4 02
0 2 2
0 04
00 2
0 02
0 04
0 02
0 02
0 2 2
0 04
0 02
0 04
0 04
0 2 2
0 2 3
4 02
0 2 2
0 04
00 2
0 02
0 04
0 2 2
0 2 3
4 04
00 2
0 02
0 04
0 02 04
00 2
0 02
0 04
0 2 2
0 2 3
4 02
0 2 2
0 04
00 2
0 02
0 04
0 02
0 02
0 2 2
0 04
0 02
0 04
0 04
0 02
0 04
0 02
0 02
0 2 2
0 04
0 02
0 04
0 04
0 2 2
0 2 3
4 02
0 2 2
0 04
00 2
0 2 2
0 04
00 2
0 02
0 04
0 02
0 02
0 2 2
0 0 04
0 2 2
0 2 3
4 02
0 2 2
0 06
00 2
0 02
0 04
0 2 1
4 04
0 04
0 2 2
0 2 2
0 04
0 04
00 2
0 0 2
0 20
0 04
2 02
0 20
0 4 2
0 0 2
0 20
0 04
2 02
0 20
0 1 2
0 0 2
2 20
0 04
2 022
0 1 2