0 20
00 2
0 02
0 2 2
0 04
0 02
0 2 1
4 04
0 04
0 2 2
0 2 2
0 04
0 02
0 2 1
4 04
0 04
0 2 2
0 2 3
4 02
0 2 2
0 04
00 2
0 02
0 04
0 2 2
0 2 3
4 02
0 2 2
0 04
00 2
0 0 4
0 02
0 22
0 2 1
4 04
0 04
0 2 2
0 2 2
0 04
0 02
0 2 1
4 04
0 04
0 2 2
0 2 3
4 02
0 2 2
0 04
00 2
0 02
0 04
0 2 2
0 2 3
4 02
0 2 2
0 04
00 2
0 02
0 04
0 02
0 02
0 2 2
0 04
0 02
0 04
0 04
0 02
0 04
0 02
0 02
0 2 2
0 04
0 02
0 04
0 04
0 2 2
0 2 3
4 02
0 2 2
0 04
00 2
0 2 2
0 04
00 2
0 02
0 04
0 02
0 02
0 2 2
0 04
0 02
0 04
0 04
0 02
0 04
0 02
0 02
0 2 2
0 04
0 02
0 04
6 04
0 2 2
0 2 3
4 02
0 2 2
0 04
00 2
0 02
0 04
0 2 2
0 2 3
4 02
0 2 2
0 04
00 2
0 02
0 04
0 0 22
0 04
0 02
0 04
0 2 2
0 2 3
4 02
0 04
0602