01 10
4 1	0
11	0
1 100
8 2	0
1 10
4 7	0
110
8 2	0
4 7	0
11100
8 2	0
1 10
4 7	0
110
8 2	0
4 1	0
110
1 10
8 20
8 2	0
1 10
4 1	0
11	0
1 10
4 1	0
11	0
1 100
8 2	0
1 10
4 7	0
210
8 2	0
1 10
3 10
8 20
8 2	0
1 10
4 1	0
17	0
1110
8 2	0
1 10
4 7	0
110
8 2	0
4 1	0
110
1 10
8 20
8 2	0
1 10
4 1	0
11	0
1 10
4 1	0
11	00
8 2	0
1 10
4 7	0
110
8 2	0
1 10
1 10
8 2	0
1 10
4 7	0
110
8 2	0
4 1	0
110
4 1	0
110
1 10
8 20
8 2	0
1 10
4 1	0
11	0
180
8 2	0
1 10
4 7	0
110
8 2	0
1 10
1 10
8 20
8 2	0
1  7	0
110
8 2	0
1 10
4 1	0
110
1 10
8 20
8 2	0
1 10
4 1	0
11	0
1 10
4 1	0
11	0
1 100
8 2	0
1 10
8 2	0
1 10
4 1	0
11	0
1 10
4 1	0
11	0
1 100
8 2	0
1 10
4 7	0
110
8 2	0
1 10
1 10
8 20
8 2	0
1 10
4 1	0
11	000
1 10