0 2 9
0 2 2
00 2
2+1 6
5 8 2
20 2
2 2 2
0 20+
00 2
0 20
2 20
00 2
0 202
0 2 2
00 2
2+1 6
5 81 2
20 4
2 2 2
0 20+
00 2
0 20
2 20
00 2
02 0
5 8 2
20 2
2 2 2
0 20
0 0 22
2+1 6
5 8 2
20 2
2 2 2
0 20+
00 2
0 20
2 20
00 2
0 20
6 8 0+
00 2
0 20
2 20
00 2
0 20
6 8 2
200 2
2 2 2
0 20+
00 2
0 20
2 20
00 2
0 202
0 2 2
00 2
2+1 6
5 85 2
20 4
2 2 2
0 20+
00 2
0 20
2 20
00 2
2+1 6
5 8 2
20 2
2 2 2
0 20+
00 2
0 20
2 20
00 2
0 20 0
5 8 2
20 2
2 2 2
0 20
00 0 2
2+1 6
5 8 2
20 2
2 2 2
0 20+
00 2
0 20 20
5 8 2
20 2
0 20
0 20
200 2
0 20
0 20
00 0