0 20
00 2
0 02
0 2 2
0 2 2 8
0 20
0 20
0 21
2 8 0
2 2	0
0 21
4 20
0 200
0 21
2 8 0
2 2	0
0 21
4 20
0 20
020
5 21
0 20
0 22
0 20
0 21
2 2 8
0 20
0 20
0 21
2 8 0
2 2	0
0 21
4 20
0 20
020
5 21
0 2 1	0
11	0
1 10
4 1	0
11	0
1 100
8 2	0
1 10
4 7	0
110
4 1	0
17	0
111080
8 2	0
1 2 3
4 02
0 2 2
0 04
00 2
0 02
0 04
0 2 2
0 2 3
4 02
0 2 2
0 04
00 2
0 02
0 04
0 04
00 2
0 02
0 04
0 2 2
0 2 3
4 02
0 2 2
0 04
001 2
0 02
0 04
 0 010
1 10
8 20
8 2	0
1 10
4 22
0 20
0 21
2 2 8
0 60
0 20
0 21
4 8 0
2 2	0
0 21
4 20
0 200
0 21
2 8 0
2 2	04
0 2 2
0 2 3
4 02
0 2 2
0 020
00 2
0 02
0 2 2
0 04
0 02
0 04
0 04
0 20
0 20
020
4 02
0 2 2
0 04
00 2
0 02
0 04
0 2 2
0 2 2
0 04
0 02
0 02
0 2 2
0 04
0 02
0 04
0 04
0 2 2
0 2 3
4 02
0 2 2
0 04
00 2
0 02
0 04
0 2 2
0 04
0 2 2
0 2 3
5 21
0 20
0 22
0 20
0 21
2 2 8
0 20
0 20
0 21
2 8 0
1 2	0
0 21
4 20
0 20#
020
5 21
0 2 1	0
11	0
1 10
4 1	0
11	0
1 100
8 2 2 2
0 2 3
4 02
0 2 2
0 04
00 2
0 02
0 04
0 04
00 2
0 02
0 04
0 2 2
0 2 3
4 02
0 2 2
0 04
00 2
0 02
0 04
 0 010
1 10
8 20
8 2	0
1 10
4 22
0 20
0 21
2 2 8
0 60
0 20
0 21
4 8 0
2 2	0
0 21
4 20
0 200
0 21
2 8 0
2 2	04
0 2 2
0 2 3
4 02
0 2 2
0 020
00 2
0 02
0 2 2
0 04
0 02
0 04
0 04
0 20
0 20
020
4 02
0 2 2
0 04
00 2
0 02
0 04
0 2 2
0 2 2
0 04
0 02
0 02
0 2 2
0 04
0 02
0 04
0 04
0 2 2
0 2 3
4 02
0 2 2
0 04
00 2
0 02
0 2 2
0 2 3
5 21
0 20
0 22
0 20
0 21
2 2 8
0 20
0 20
0 21
2 8 0
1 2	0
0 21
4 20
0 20#
020
5 21
0 2 1	0
11	0
1 10
4 1	0
11	0
1 100
8 2	0
1 10
4 7	10
8 2	0
1 10
4 1	0
110
1 10
8 20
8 2	0
1 10
4 1	0
11	0
1 10
4 2	0
1 10
4 1	0
11	000
1 104
0 02
0 02
0 2 2
0 04
0 02
0 04
0 04
0 02
0 04
0 02
0 02
0 2 2
0 04
0 02
0 04
0 04
0 2 2
0 2 3
4 02
0 2 2
0 04
00 2
0 02
0 04
0 2 2
0 2 3
4 02
0 2 2
0 04
00 2
0 02
0 04
0 0 2 3
4 02
0 2  02
0 04
0 2 2
0 2 2
0 04
0 02
0 02
0 2 2
0 04
0 02
0 04
0 04
0 2 2
0 2 3
4 02
0 2 2
0 04
00 2
0 02
0 04
0 2 2
0 04
0 2 2
0 04
 0 010
1 10
8 20
8 2	0
1 10
4 22
0 20
0 21
2 2 8
0 60
0 20
0 21
4 8 0
2 2	0
0 21
4 20
0 200
0 21
2 8 0
2 2	04
0 2 2
0 2 3
4 02
0 2 2
0 020
00 2
0 02
0 2 2
0 04
0 02
0 04
0 04
0 20
0 20
020
4 02
0 2 2
0 04
00 2
0 02
0 04
0  04
0 02
0 04
0 04
0 2 2
0 2 3
4 02
0 2 2
0 04
00 2
0 02
0 04
0 2 2
0 04
0 2 2
0 2 3
5 21
0 20
0 22
0 20
0 21
2 2 8
0 20
0 20
0 21
2 8 0
1 2	0
0 04
0 02