01 11 18 2	0
1 10
1 10
8 20
8 2	0
1 10
4 1	0
0 20
1 3 8
0 20
0 22
0 20
0 21
2 2 8
0 20
00 20
0 22
0 20
0 21
2 2 8
0 20
0 20
0 21
2 8 0
2 2	0
0 21
4 20
0 200
0 21
2 8 0
2 2	0
0 21
4 20
0 20
020
0 22
0 20
0 21
2 2 8
0 20 04
0 01+0
1 10
8 20
8 2	0
1 10
4 22
0 20
0 21
2 2 8
0 60
0 20
0 21
2 8 0
2 2	0
0 21
4 20
0 200
0 21
2 8 0
2 2	0
0 21
4 20
0 20
020
5 21
0 20
0 22
0 20
0 21
2 2 8
0 20
0 20
0 21
2 8 0
2 2	0 20
00 20
0 22
0 20
0 21
2 2 8
0 20
0 20
0 21
2 8 0
2 2	0
0 21
4 20
0 200
0 21
2 8 0
2 2	0
0 21
4 20
0 20
020
5 21
0 20
0 22
0 20
0 210 21
2 2 8
0 20
0 20
0 21
2 8 0
2 2	0
0 21
4 220
0 20
020
5 21
0 2 1	0
11	0
1 10
4  2	0
1 10
4 7	0
110
8 2	0
1 10
1 10
8 20
8 2	0
1 10
4 1	0
17	10
4 7	0
1120
8 2	0
4 1	0
110
1 10
8 20
8 2	0
1 10
4 22
0 20
0 21
2 2 8
0 20
0 20
0 21
2 8 0
2 2	0
0 21
4 20
0 200
0 21
2 8 0
2 2	0
0 21
4 20
0 20
020
5 21
0 20
0 22
0 20
0 21
2 2 8
0 20
0 20
0 21
2 8 0
2 2	0 20
00 20
0 22
0 20
0 21
2 2 8
0 20
0 21
4 20
0 20
020
5 21
0 20
0 22
0 20
0 21
2 2 8
0 20
0 20
0 21
2 8 0
2 2	0
0 21
4 20
0 20
020
5 21
0 2 1	0
11	0
1 10
4 1	0
110 20
0 20 20
0 22	0 20
00 20
0 22
0 20
0 21
2 2 8
0 20
0 20
0 21
2 8 0
2 2	0
0 21
4 20
0 200
0 21
2 8 0
2 2	0
0 21
4 20
0 20
020
5 21
0 20
0 22
0 20
0 21
2 2 8
0 20
0 20
0 21
2 8 0
2 2	0
0 21
4 220
0 20
020
5 21
0 2 1	0
11	0
1 10
4  2	0
1 10
4 7	0
110
8 2	0
1 10
1 10
8 20
8 2	0
1 10
4 1	0
17	10
4 7	0
1120
8 2	0
4 1	0
110
1 10
8 20
8 2	0
1 10
4 22
0 20
0 21
2 2 8
0 20
0 20
0 21
2 8 0
2 2	0
0 21
4 20
0 200
0 21
2 8 0
2 2	0
0 21
4 20
0 20
020
5 21
0 20
0 22
0 20
0 21
2 2 8
0 20
0 20
0 21
2 8 0
2 2	0 20
00 20
0 22
0 20
0 21
2 2 8
0 20
0 21
4 20
0 20
020
5 21
0 20
0 22
0 20
0 21
2 2 8
0 20
0 20
0 21
2 8 0
2 2	0
0 21
4 20
0 20
020
5 21
0 2 1	0
11	0
1 10
4 1	0
110 20
0 22
0 20
0 21
2 2 8
0 20
0 20
0 21
2 8 0
2 2	0
0 21
4 20
0 200
0 21
2 8 0
2 2	0
0 21
4 2	0
1 10
1 10
8 20
4 1	0
0 20
1 3 8
0 20
0 22
0 20
0 21
2 2 8
0 20
00 20
0 22
0 2070 21
2 2 8
0 20
0 20
0 21
2 8 0
2 2	0
0 21
4 20
0 20 20
00 2
0 02
0 2 2
0 04
0 02
0 04
0 04
0 2 2
0 2 3
4 02
0 2 2
0 020
00 2
0 02
0 2 2
0 04
0 02
0 04
0 04
0 20
0 20
020
5 21
0 20
0 22
0 20
0 21
2 2 8
0 20
0 20
0 21
2 8 0
1 2	0
0 21
4 20
0 20
020
5 21
0 2 1	0
11	0
1 10
4 1	0
11	0
1 100
8 2	0
1 10
4 7	0
1110
4 7		0
110
8 2	0
1 10
4 1	0
110
1 10
8 20
8 2	0
1 10
4 1	0
11	0
1 10
4 2	0
1 10
4 1	0
11	000
1 10