4 2 8
5 2 810
4 7	0
110
8 2	0
1 10
8 2	0
1 10
4 1	0
17	0
11100
1 10
4 7	0
110
8 2	0
4 1	0
110
1 10
8 20
8 1	0
11	0
1 10
4 1	0
11	0
1 100
8 2	0
1 10
4 7	0
110
8 2	0
1 10
1 10
8 20
8 2	0
8 2	0
1 10
4 7	0
110
8 01 11 1
1 10
4 7	0
11100
8 2	0
1 10
4 7	0
110
110
4 1	0
110
1 10
8 20
8 2	0
1 10
4 1	0
11	0
1 100
8 2	0
1 10
4 7	0
110
1 10
1 10
8 20
8 2	0
1  7	0
110
8 20
4 7	0
110
8 2	0
4 1	0
110
1 10
48 20
8 2	0
1 10
4 1	0
11	0
1 10
4 1	0
1 2	0
1 10
4 7	0
110
1 10
1 10
8 20
8 2	0
1  7	0
110
8 20
4 7	0
110
8 2	0
4 1	0
110
1 10
48 20
8 2	0
1 10
4 1	0
11	0
1 10
4 1	0
11	0
1 100
8 2	0
1 10
4 7	0
110
8 2	0
1 10
1 10
8 20
8 2	0
1 10
4 1	0
17	0
11100
8 2	0
1 10
4 7	0
110
8 2	0
4 4	0
110
1 10
8 2 1	0
11	0
1 10
4 1	0
11	0
1 100
8 2	0
1 10
4 7	0
110
8 2	0
1 10
1 10
8 28 2	0
18 2	0
1 10
4 7	0
110
8 01 11 10
8 2	0
1 10
4 7	0
11100
8 2	0
1 10
4 7	0
110 10
110
4 1	0
110
1 10
8 200
1 10
4 1	0
11	0
1 100
8 2	0
1 10
4 7	0
110
8 2	0
1 10
1 10
8 202	0
1  7	0
110
110
1 10
8 20
8 2	0
1 10
4 1	0
11	0
1 10
4 1	0
11	0
1 100
8 2	0
1 10
4 7	0
110
8 2	0
1 10
1 10
8 21000
1 2 180