0 2 0
0 10
00 2
0 20
0 0 4
0 02
0 25
00 2
0 02
0 20
0 04 
00 10
20 20
0 04
2 02
0 720
0 4 2
0 0 2
0 20
0 04
2 02
0 20
0 1 2
0 0 2
0 20
0 0 2
0 0 1
0 20
0 04
2 02
0 20
0 1 2
0 0 2
0 20
0 00 4 2
0 0 2
0 20
0 04
2 02
0 20
005 00
2 02
0 2100
0 1 2
0 0 2
0 20
0 04
2 02
0 20
0 1 2
0 0 2
0 20
0 004
2 02
0 20
0 1 2
0 0 2
0 20
0 0 2
0 0 2
0 20
0 04
2 02
0 20
0 1 2
0 0 2
0 20
0 00 4 2
0 0 2
0 20
0 04
2 02
0 20
0 0 04
2 02
0 20
0 1 2
0 0 2
0 20
0 04
2 02
0 20
0 1 2
0 0 2
0 20
0 04
2 02
0 20
0 1 24
2 0202
0 20
0 1 24
2 02
0020 24
2 0 0
0 1 2