0 20
00 2
0 04
00 2
0 02
0 04
0 224
0 2 2
0 2 3
4 02
0 2 2
0 04
00 2
0 02
0 04
0 02
0 04
0 2 3
4 02
0 2 2
0 02
0 02
0 04
0 02
0 04
0 2 3
4 02
0 2 2
0 04
00 2
0 02
0 04
0 14
00 2
0 02
0 03
0 02
0 04
0 2 3
4 02
0 2 2
0 04
00 2
0 02
0 04
0 2 2
0 2 3
4 02
0 2 3
0 3 2
00 0
0 2 2
0 2 2
0 2 2
0 4 8
0 2 2
00 0
0 2 2
0 2 2
0 2 2
0 2 2
00 0
0 2 2
0 2 2
0 2 2
0 4 2
0 2 2
0 2 2
00 0
0 2 2
0 2 2
0 2 2
0 4 2
0 2 2
0 2 2
00 0
0 2 2
0 2 2
0 2 2
0 2 2
0 2 23
4 02
0 2 2
0 04
00 2
0 02
0 04
0 2 2
0 2 3
4 02
0 2 2
0 04
00 2
0 02
0 04
0 02