0 2 22
0 20
0 21
2 2 8
0 20
00 20
0 22
0 20
0 21
2 2 8
0 00
0 20
0 21
2 8 0
2 2	0
0 21
4 20
0 200
0 21
2 8 0
2 2	0
0 21
4 20
0 20
2 22
0 20
0 21
2 22
0 20
0 21
2 2 8
0 20
00 10
0 22
0 20
0 21
2 2 8
0 00
0 20
0 21
2 8 0
2 2	0
0 21
4 20
0 200
0 21
2 8 0
2 2	0
0 21
4 20
0 20
2 22
0 20
0 21
2 2 8
0 20
0 20
0 11
2 8 0
2 2	0
0 21
+4 20
0 20
00 22
0 20
0 21
2 2 8
0 20
0 20
0 21
2 8 0
2 2	0
0 210
0 20
02 0
1 2 22 2 8
0 20
0 20
0 11
2 8 0
2 2	0
0 21
+4 20
0 20
00 22
0 20
0 21
2 2 8
0 20
0 20
0 21
2 8 0
2 2	0
0 210
02 0
1 2 2