0 20
00 2
0 0 0
0 2 2
0 2 23
4 02
0 2 2
0 04
00 2
0 02
0 04
0 2 2
0 2 3
0 04
0 2 3
4 02
0 2 2
0 04
00 2
0 02
0 04
0 2 2
0 2 3
4 02
0 2 3
0 3 2
00 0
0 2 2
0 2 2
0 2  20
0 21
32 8 0
2 2	0
0 21
4 20
0 20
020
5 21
0 202
0 2 2
0 04
00 2
0 02
0 04
0 2 2
0 2 3
4 02
0 2 2
0 04
00 2
0 02
0 04
0 02
0 02
0 2 2
0 04
0 02
0 04
0 04
0 2 2
0 2 3
4 02
0 2 2
0 04
00 2
0 0 02
0 2 2
0 04
00 2
0 02
0 04
0 04
0 02
0 2 1
4 04
0 04
0 2 2
0 2  04
00 2
0 02
0 04
0 2 2
0 2 3
4 02
0 2 2
0 04
00 2
0 02
0 04
0 02
0 02
0 2 2
0 04
0 02
0 04
0 04
0 2 2
0 2 3
4 02
0 2 2
0 04
00 2
0 02
0 04
0 2 2
0 2 3
4 04
00 2
0 02
0 04
0 02 04
00 2
0 02
0 04
0 2 2
0 2 3
4 02
0 2 2
0 04
00 2
0 02
0 04
0 02
0 02
0 2 2
0 04
0 02
0 04
0 04
0 02
0 04
0 02
0 02
0 2 2
0 04
0 02
0 04
0 04
0 2 2
0 2 3
4 02
0 2 2
0 04
00 2
0 2 2
0 04
00 2
0 02
0 04
0 02
0 02
0 2 2
0 04
0 02
0 04
0 04
0 02
0 04
0 02
0 02
0 2 2
0 04
0 02
0 04
0 04
0 2 2
0 2 3
4 02
0 2 2
0 04
00 2
0 02
0 04
0 2 1
4 04
0 04
0 2 2
0 2 2
0 04
0 02
0 2 1
4 04
0 04
0 2 2
0 2 3
4 02
00 2 2
0 2 3
4 02
0 2 2
0 04
00 2
0 02
0 00 20
1 3 8
0 20
0 22
0 20
0 210
0 21
4 20
0 20
020
5 21
0 20
0 22
0 20
0 21
2 2  8
0 20
0 20
0 21
2 8 0
0 20
00 2
0 02
0 2 2
0 02
0 02
0 2 2
0 04
0 02
0 2 1
4 04
0 04
0 2 2
0 2 3
4 002
0 2 2
0 04
00 2
0 02
0 04
0 02
0 02
0  04
00 1
0 02
0 04
0 02
0 02
0 2 2
0 04
0 02
0 04
0 04
0 02
0 04
0 02
0 02
0 2 2
0 04
0 02
0 04
0 04
0 2 2
0 2 3
4 02
0 2 2
0 04
00 2
0 02
0 04
0 2 1
4 04
0 04
0 2 2
0 2 2
0 04
0 02
0 2 1
4 04
0 04
0 2 2
0 2 3
4 02
0 2 2
0 04
00 2
0 02
0 04
0 2 2
0 2 3
4 02
0 2 2
0 04
00 2
0 0 2
0 02
0 2 2
0 04
0  02
0 2 1
4 04
0 04
0 2 2
0 2 2
0 04
0 02
0 2 1
4 04
0 04
0 2 2
0 2 3
4 02
0 2 2
0 04
00 2
0 02
0 00 2
00 0
0 2 2
0 2 2
0 2 2
0 4 2
0 2 2
0 2 2
00 0
0 2 2
0 2 2
0 2 2
0 2 2
0 2 23
4 02
0 2 2
0 04
00 2
0 02
0 04
00 2
0 02
0 04
0 2 2
0 2 3
4 02
0 2 3
0 3 2
000 0
0 2 2
0 2 2
0 2 2
0 4 8
0 2 2
00 0
0 2 2
0 2 2
0 2 2
0 2 2
00 0
0 2 2
0 2 2
0 2 2
0 4 2
0 2 2
0 2 2
00 02
0 4 8
0 2 2
00 0
0 2 2
0 2 2
0 2 2
0 2 2
00 0
0 2 2
0 2 2
0 2 2
0 4 2
0 2 2
0 2 2
00 0
0 2 2
0 2 2
0 2 2
0 4 2
0 2 2
0 2 2
00 0
0 2 2
0 2 2
0 2 2
0 2 2
0 2 23
4 02
0 2 2
0 04
00 4
0 2 2
0 2 3
4 02
0 2 2
0 04
00 2
0 02
0 04
0 02