

 122
00  0 2
0 20
0 04
2 02
0 20
0 4 2
0 0 2
0 20
0 04
2 02
0 20
0 1 2
0 0 2
0 20
0 04
2 02
0 20
0 1 2
0 0 2
0 20
0 04
2 02
0 20
 1 0 04
2 02
0 720
0 4 2
0 0 2
0 20
0 04
2 02
0 20
0 12
0 7202
0 20
0 1 2
0 0 2
0 20
0 0 2
0 0 2
0 20
0 04
2 02
0 20
0 1 2
0 0 2
0 20
0 00 44
2 02
0 20
0 4 2
0 0 2
0 20
0 1 2
0 0 2
0 20
0 04
2 02
0 20
0 1 2
0 0 2
0 20
0 4 2
0 0 2
0 20
0 04
2 02
0 20
5 4 2
0 0 2
0 20
0 04
2 02
0 20
0 1 2
0 0 2
0 20
0 04
2 02
0 20
0 1 2
0 0 2
0 20
0 04
2 02
0 20
0 1 24
2 0202
0 20
0 1 24
2 02
0 20
0 1 2 14
2 02
0 20

