+3
+15
-1
-18
+3
-10
+3
+10
-8
-20
+13
+11
-215
+15
+19
+16
-3
-14
+13
+16
+1
+10
+9
+7
-11
-19
+2
-3
+10
-2
+13
-19
-7
+3
+18
+1
+9
+2
+12
-13
-9
-7
-15
-18
-6
-1
-8
-12
+19
-1
-14
-6
-16
-4
+1
+4
-22
-19
-2
+4
+18
-8
-19
-16
+6
+16
-7
+4
+8
-20
-11
-11
+20
+15
+19
+30
+19
+19
-11
-18
+4
+1
+21
-9
-9
20
+53
+19
+16
+14
+14
+6
-8
+14
-17
-5
+3
+14
-3
-15
-10
-19
+17
+3
+17
+5
+14
-7
+2
-7
+18
-8
-1
-8
+3
+17
+12
+18
+2
-8
+3
+40
+3
+21
+5
-1
+15
+2
+16
-50
+1512
-16
+13
+1
+15
+1
-31
+11
-53
-11
-9
-16
-11
+7
+6
+13
+6
-12
-3
+16
+2
-5
+7
-16
+17
-13
-9
+15
-3
+13
+8
+5
-8
-1
-5
-21
+25
+23
+12
+1
-2
+7
-25
-51
-5
+4
+14
-8
+4
+11
-5
-21
-74
+9
+8
-13
+4
+80915
