+3
+15
-1
-18
+3
-10
+3
+10
-8
-20
+13
+11
-21
-10
-16
-2
-6
+19
-8
+12
-13
+4
-9
-20
+12
+15
-17
-18
+11
-17
-9
-12
-9
+3
+9
-6
+18
+16
+9
-11
-1
+8
-20
+17
-3
-16
-7
+10
+6
+3
+15
+3
-2
+9
-8
-6
+11
+5
+24
+10
+4
-8
+2
+13
-16
+13
-16
+11
+7
-9
-13
-12
+17
-4
-5
-1
+16
+22
+8
+12
+9
+2
-3
-5
+12
+4
+4
+8
+18
+9
-14
-11
-5
-11
+15
-18
-7
-12
+1
+5
-18
+14
-13
-10
+17
+8
+11
-12
+20
-16
+22
+5
+1
-9
+16
+13
+6
+5
+7
-4
-4
-7
+16
+4
-1
-15
-11
+19
+9
+17
-15
+21
-7
+4
-16
-3
-9
+4
+11
+12
+11
+7
+12
+14
-6
-1
-18
-3
-13
+4
+10
-15
-10
-8
+15
+15
+19
+16
-3
-14
+13
+16
+1
+10
+9
+7
-11
-19
+2
-3
+10
-2
+13
-19
-7
+3
+18
+1
+9
+2
+12
-13
-9
-7
-15
-18
-6
-1
-8
-12
+19
-1
-14
-6
-16
-4
+1
+4
-22
-19
-2
+4
+18
-8
-19
-16
+6
+16
-7
+4
+8
-20
-11
-11
+20
+15
+19
+30
+19
+19
-11
-18
+4
+1
+21
-9
-9
+12
+18
-1
-6
+12
+16
+12
+3
+1
-9
-15
-15
-1
-1
-18
-32
-11
-17
-20
+4
+14
-1
+16
+20
+53
+19
+16
+14
+14
+6
-8
+14
-17
3
-16
+13
-16
+11
+7
-9
-13
-12
+17
-4
-5
-1
+16
+22
+8
+12
+9
+2
-3
-5
+12
+4
+4
+8
+18
+9
-14
-11
-5
-11
+15
-18
-7
-12
+1
+5
-18
+14
-13
-10
+17
+8
+11
-12
+20
-16
+22
+5
+1
-9
+16
+13
+6
+5
+7
-4
-4
-7
+16
+4
-1
-15
-11
+19
+9
+17
-15
+21
-7
+4
-16
-3
-9
+4
+11
+12
+11
+7
+12
+14
-6
-1
-18
-3
-13
+4
+10
-15
-10
-8
+15
+15
+19
+16
-3
-14
+13
+16
+1
+10
+9
+7
-11
-19
+2
-3
+10
-2
+13
-19
-7
+3
+18
+1
+9
+2
+12
-13
-9
-7
-15
-18
-6
-1
-8
-12
+19
-1
-14
-6
-16
-4
+1
+4
-22
-19
-2
+4
+18
-8
-19
-16
+6
+16
-7
+4
+8
-20
-11
-11
+20
+15
+19
+30
+19
+19
-11
-18
+4
+1
+21
-9
-9
+12
+18
-1
-6
+12
+16
+12
+3
+1
-9
-15
-15
-1
-1
-18
-32
-11
-17
-20
+4
+14
-1
+16
+20
+53
+19
+16
+14
+14
+6
-8
+14
-17
-5
+3
+14
-3
-15
-10
-19
+17
+3
+17
+5
+14
-7
+5
+14
+18
-2
-19
+8
+10
+15
-6
+13
-11
+19
+10
-15
-15
+2
-4
-3
+11
+2
+18
+3
+17
+9
-16
-8
+6
+15
-11
-3
+20
-1
+12
+1
+8
+11
-8
+6
+7
+17
-12
+13
-8
+16
+15
-8
-12
+7
-12
-18
+5
+5
+7
-8
+6
-4
-15
+17
-15
-10
-1
+17
+18
-21
-19
-9
+19
+16
+18
-5
-15
+19
-11
+10
+9
-1
+12
-1
-27
-21
-19
-21
+15
-24
-7
-11
-17
-15
-11
-11
+8
-9
-9
-4
-6
+15
-10
-3
+19
+9
+8
+6
+11
-4
-14
-1
+3
-15
+17
+18
-10
-22
-15
+14
+6
-12
+7
-25
-51
-5
+4
+14
-8
+4
+11
-5
-21
-74
+9
+8
-13
+4
+80915
