+3
+15
-1
-15
+3
-10
+3
+10
-8
-20
+13
+114
-21
-10
-16
-2
-6
+19
-8
+12
-13
+4
-9
-20
+12
+15
-17
-18
+11
-17
-9
-12
-9
+3
+9
-6
+18
+16
+9
-11
-1
+8
-20
+17
-3
-16
-7
+10
+6
+3
+15
+3
-2
+9
-8
-6
+11
+5
+24
+10
+4
-8
+2
+13
-16
+13
-16
+11
+7
-9
-13
-12
+17
-4
-5
-1
+16
+22
+8
+12
+9
+2
-3
-5
+12
+4
+4
+7
-9
-5
+1
-8
-13
+7
+17
-12
-14
-18
+10
+16
-3
-19
+7
+14
+14
+11
-1
+18
-16
-4
+10
-14
+9
-17
-1
+4
-14
-16
+1
-14
-7
+1
+7
-11
-4
-14
+19
-11
+8
+14
+8
-15
-18
+2
-17
-19
+13
+3
+6
+4
-10
+7
-3
-9
+8
+12
-4
+15
+7
+10
+11
-10
-20
-16
+11
-1
-21
-13
-19
-15
-15
-7
+10
+19
-17
-6
-10
-13
+12
-18
+16
+10
-13
+12
-1
+12
+12
+10
+166
-19
-11
+8
+14
+8
-15
-18
+2
-17
-19
+13
+3
+6
+4
-10
+7
-3
-9
+8
+12
-4
+15
+7
+10
+11
-10
-20
-16
+11
-1
-21
-13
-19
-15
-15
-7
+10
+19
-17
-6
-10
-13
+12
-18
+16
+10
-13
+12
-1
+12
+12
+10
+166
-4
+1
+4
-22
-19
-2
+4
+18
-8
-19
-16
+6
+16
-7
+4
+8
-20
-11
-11
+20
+15
+19
+30
+19
+19
-11
-18
+4
+1
+21
-9
-9
+12
+18
-1
-64
+12
+15
-6
-11
-9
-15
+9
-19
-15
+4
+7
14
+11
-1
+18
-16
-4
+10
-14
+9
-17
-1
+4
-14
-16
+1
-14
-7
+1
+7
-11
-4
-14
+19
-11
+8
+14
+8
-15
-18
+2
-17
-19
+13
+3
+6
+4
-10
+7
-3
-9
+8
+12
-4
+15
+7
+10
+11
-10
-20
-16
+11
-1
-21
-13
-19
-15
-15
-7
+10
+19
-17
-6
-10
-13
+1
+9
-19
-15
+4
+7
+7
-16
+15
-4
-69
-8
-11
-18
-14
-18
-11
-18
+4
+1
+21
-9
-9
+12
+18
-1
-64
+12
+15
-6
-11
-9
-15
+9
-19
-15
+4
+7
+7
-16
+15
-4
-19
-8
-11
-18
-14
-18
-16
+5
+5
+12
-9
-16
+2
-6
-2
+20
-13
-9
-16
+4
-1
+2
-3
-17
-2
-11
+1
+6
+17
-4
-15
-3
-19
+6
-16
-18
-6
+2
+12
-9
+6
+7
-6
+7
-9
-18
-3
+10
-17
+11
+16
+16
+6
+13
-17
+2
+3
+17
-10
+8
-1
-9
-15
+11
+2
-14
+20
-16
-13
+15
+9
+1
-11
-16
+13
+1
+15
+1
-31
+11
-53
-11
-9
-16
-11
+7
+6
+13
+6
-12
-3
+16
+2
-5
+7
-16
+17
-13
-9
+15
-3
+13
+8
+5
-8
-1
-5
-21
+25
+23
+12
+1
-2
+7
-25
-51
-5
+4
+14
-8
+4
+11
-5
-21
-74
+9
+8
-13
+4
+80915
