+3
+15
-1
-15
+3
-10
+3
+10
-2
-80
+13
+114
-21
-10
-16
-2
-6
+19
-8
+12
-13
+4
-9
-20
+12
+15
-17
-18
+11
-17
-9
-12
-9
+3
+9
-6
+18
+16
+9
-22
-1
+8
-20
+17
-3
-16
-7
+10
+6
+3
+15
+3
-2
+9
-8
-6
+11
+5
+24
+10
+4
-8
+2
+13
-16
+13
-16
+11
+7
-9
-13
-12
+17
-4
-5
-1
+16
+22
+8
+12
+9
+2
-3
-5
+12
+4
+4
+7
-9
-5
+1
-8
-13
+7
+17
-12
-14
-18
+10
+16
-3
-19
+7
+14
+14
+11
-1
+18
-16
-4
+10
-14
+9
-17
-1
+4
-14
-16
+1
-14
-7
+1
+7
-11
-4
-14
+19
-11
+8
+14
+8
-15
-18
+2
-17
-19
+13
+3
+6
+4
-10
+7
-3
-9
+8
+12
-4
+15
+7
+10
+11
-10
-20
-16
+11
-1
-21
-13
-19
-15
-15
-7
+10
+19
-17
-6
-10
-13
+12
-18
+16
+10
-13
+12
-1
+12
+12
+10
+16
-18
-5
-10
-13
-7
+19
+14
+15
+4
+14
-8
+4
+11
-5
-21
-74
+9
+8
-13
+4
+80915
