+3
+15
-1
-18
+3
-10
+3
+10
-8
-20
+13
+11
-21
-10
-16
-2
-6
+19
-8
+12
-13
+4
-9
-20
+12
+15
-17
-18
+11
-17
-9
-12
-9
+3
+9
-6
+18
+16
+9
-11
-1
+8
-20
+17
-3
-16
-7
+10
+6
+3
+15
+3
-2
+9
-8
-6
+11
+5
+24
+10
+4
-8
+2
+13
-16
+13
-16
+11
+7
-9
-13
-12
+17
-4
-5
-1
+16
+22
+8
+12
+9
+2
-3
-5
+12
+4
+4
+8
+18
+9
-14
-11
-5
-11
+15
-18
-7
-12
+1
+5
-18
+14
-13
-10
+17
+8
+11
-12
+20
-16
+22
+5
+1
-9
+16
+13
+6
+5
+7
-4
-4
-7
+16
+4
-1
-15
-11
+19
+9
+17
-15
+21
-7
+4
-16
-3
-9
+4
+11
+12
+11
+7
+12
+14
-6
-1
-18
-3
-13
+4
+10
-15
-10
-8
+15
+15
+19
+16
-3
-14
+13
+16
+1
+10
+9
+7
-11
-19
+2
-3
+10
-2
+13
-19
-7
+3
+18
+1
+9
+2
+12
-13
-9
-7
-15
-18
-6
-1
-8
-12
+19
-1
-14
-6
-16
-4
+1
+4
-22
-19
-2
+4
+18
-8
-19
-16
+6
+16
-7
+4
+8
-20
-11
-11
+20
+15
+19
+30
+19
+19
-11
-18
+4
+1
+21
-9
-9
+12
+18
-1
-6
+12
+16
+12
+3
+1
-9
-15
-15
-1
-1
-18
-32
-11
-17
-20
+4
+14
-1
+16
+20
+53
+19
+16
+14
+14
+6
-8
+14
-17
-5
+3
+14
-3
-15
-10
-19
+17
+3
+17
+5
+14
-7
+5
+14
+18
-2
-19
+8
+10
+15
-6
+13
-11
+19
+10
-15
-15
+2
-4
-3
+11
+2
+18
+3
+17
+9
-16
-8
+6
+15
-11
-3
+20
-1
+12
+1
+8
+11
-8
+6
+7
+17
-12
+13
-8
+16
+15
-8
-12
+7
-12
-18
+5
+5
+7
-8
+6
-4
-15
+17
-15
-10
-1
+17
+18
-21
-19
-9
+19
+16
+18
-5
-15
+19
-11
+10
+9
-1
+4
+4
+9
-5
+20
+4
-18
+17
+12
-18
+14
-21
-15
-5
-18
-17
-19
+11
+12
-20
-19
+12
-9
+8
-1
-22
+4
+15
+14
+9
-10
-26
-22
-10
+7
+9
-1
-16
-21
-18
+8
+6
+18
+1
+5
+11
+18
+6
+20
-7
-10
-5
+
3-321
-8
-13
-5
+7
+1
-7
-39
-14
-12
+16
-14
-15
+4
+2
+12
-11
+16
+8
+15
-1
+21
-5
+13
-18
-6
+2
-15
+19
+8
+26
-24
+37
+59
+21
-19
+18
+6
-11
+15
-2
+5
-2
+20
+8
+2
-7
+18
-8
-1
-8
+3
+17
+12
+18
+2
-8
+3
+40
+3
+21
+5
-1
+15
+2
+16
-50
+15
+5
+21
-31
-17
-15
-10
-9
-2
-18
-14
+7
-14
+6
-20
-8
+13
-27
+8
+2
-16
+3
-7
-6
+23
+31
+52
-6
-1
+2
-54
-42
-6
+18
+2
+1
-29
+36
-42
+7
-146
-2
-14
-13
+19
-8
+19
-15
-18
-4
-18
-1
+2
-3
+11
-16
+3
+15
-1
-18
+3
-10
+3
+1-20
-8
-20
+13
+11
-21
-10
-16
-2
-6
+19
-8
+12
-13
+4
-9
-20
+12
+15
-17
-18
+1(
-17
-9
-12
-9
+3
+9
-6
+18
+16
+9
-11
-1
+8
-20
+17
-3
-16
-7
+10
+6
+3
+15
+3
-2
+9
-8
-6
+11
+5
+24
+10
+4
-8
+2
+13
-16
+13
-16
+113
-9
-30
-31
+58
+18
-19
+45
+11
+14
-16
+19
-10
+17
+12
-2
-8
+19
-50
+8
-114
-40
-62
-153
-60
+12

-8
-1
+13
-15
+16
+15
+19
-128
-4
-16
-4
+13
-10
+20
-16
-13
+15
+9
+1
-11
-16
+13
+1
+15
+
+7
-9
-13
-12
+17
-4
-5
-1
+16
+22
+8
1
-31
+11
-5+123