+3
+15
-1
-18
+3
-10
+3
+10
-8
-20
+13
+11
-21
-10
-16
-2
-6
+19
-8
+12
-13
+4
-9
-20
+12
+158
-17
-18
+11
-17
-9
-12
-9
+3
+9
-6
+18
+16
+9
-11
-1
+8
-20
+17
-3
-16
-7
+10
+6
+3
+15
+3
-2
+9
-8
-6
+11
+5
+24
+10
+4
-8
+2
+13
-16
+13
-16
+11
+7
-9
-13
-12
+17
-4
-5
-1
+16
+22
+8
+12
+9
+2
-3
-5
+12
+4
+4
+8
+18
+9
-14
-11
-5
-11
+15
-18
-7
-12
+1
+5
-18
+14
-13
-10
+17
+8
+11
-12
+20
-16
+22
+5
+1
-9
+16
+13
+6
+5
+7
-4
-4
-7
+16
+4
-1
-15
-11
+19
+9
+17
-15
+21
-7
+4
-16
-3
-9
+4
+11
+12
+11
+7
+12
+14
-6
-1
-18
-3
-13
+4
+10
-15
-10
-8
+15
+15
+19
+16
-3
-14
+13
+16
+1
+10
+9
+7
-11
-19
+2
-3
+10
-2
+13
-19
-7
+3
+18
+1
+9
+2
+12
-13
-9
-7
-15
-18
-6
-1
-8
-12
+19
-1
-14
-6
-16
-4
+1
+4
-22
-19
-2
+4
+18
-8
-19
-16
+6
+16
-7
+4
+8
-20
-11
-11
+20
+15
+19
+30
+19
+19
-11
-18
+4
+1
+21
-9
-9
+12
+18
-1
-64
+12
11
+16
+9
+16
+7
+2
-5
+1
+19
+16
+14
+9
+12
+14
-8
-28
+13
+11
+13
-17
-21
+15
-37
-11
+19
+1
+8
+12
-1
-27
-121
-19
-21
+15
-24
-7
-11
-17
-15
-11
-11
+8
-9
-9
-4
-6
+15
-10
-3
+19
+9
+8
+6
+11
-8
-20
+25
-17
-15
-8
-1
+13
-15
+16
+15
+19
-128
-4
-16
-4
+13
-10
+20
-16
-13
+15
+9
+1
-11
-16
+13
+1
+15
+1
-31
+11
-53
-11
-9
-16
-11
+7
+6
+13
+6
-12
-3
+16
+2
-5
+7
-16
+17
-13
-9
+15
-3
+13
+8
+5
-8
-1
-5
-21
+25
+23
+12
+1
-2
+7
-25
-51
-5
+4
+14
-8
+4
+11
-5
-21
-74
+9
+8
-13
+4
+80915
