+3
+15
-1
-18
19
+10
-15
-15
+2
-4
-3
+11
+2
+18
+3
+17
+9
-16
-8
+6
+15
-11
-3
+20
-1
+12
+1
+8
+11
-8
+6
+7
+17
-12
+13
-8
+16
+15
-8
-12
+7
-12
-18
+5
+5
+7
-8
+6
-4
-15
+17
-15
-10
-1
+17
+18
-21
-19
-9
+19
+16
+18
-5
-15
+19
-11
+10
+9
-1
+4
+4
+9
-5
+20
+4
-18
+17
+12
-18
+14
-21
-15
-5
-18
-17
-19
+11
+12
-20
-19
+12
-9
+8
-1
-22
+4
+15
+14
+9
-10
-26
-22
-10
+7
+9
-7
-79652
-12
+1
-9
-5
-12
-14
+9
-3
-2
+8
-15
-18
+19
-6
+4
-14
-2
-18
-19
-8
+2
+11
-19
-11
+5
-3
+4
+1
-3
+9
+7
+15
-9
-2
-6
+3
+2
+10
+9
+3
-5
-4
+12
+15
-6
-11
-9
-15
+9
-19
-15
+4
+7
+7
-16
+15
-4
-19
-8
-11
-18
-14
-18
-16
+5
+5
+12
-9
-16
+2
-6
-2
+20
-13
-9
-16
+4
-1
+2
-3
-17
-2
-11
+1
+6
+17
-4
-15
-3
-19
+6
-16
-18
-21
+15
-37
-11
+19
+1
+8
+12
-1
-27
-21
-19
-21
+15
+9
+8
-13
+4
+80915
