+3
+15
-1
-18
+3
-10
+3
+10
-8
-20
+13
+11
-21
-10
-16
-2
-6
+19
-8
+12
-13
+4
-9
-20
+12
+15
-17
-18
+11
-17
-9
-12
-9
+3
+9
-6
+18
+16
+9
-11
-1
+8
-20
+17
-3
-16
-7
+10
+6
+3
+15
+3
-2
+9
-8
-6
+11
+5
+24
+10
+4
-8
+2
+13
-16
+13
-16
+11
+7
-9
-13
-12
+17
-4
-5
-1
+16
+22
+8
+12
+9
+2
-3
-5
+12
+4
+4
+8
+18
+9
-14
-11
-5
-11
+15
-18
-7
-12
+1
+5
-18
+14
-13
-10
+17
+8
+11
-12
+20
-16
+22
+5
+1
-9
+16
+13
+6
+5
+7
-4
-4
-7
+16
+4
-1
-15
-11
+19
+9
+17
-15
+21
-7
+4
-16
-3
-9
+4
+11
+12
+11
+7
+12
+14
-6
-1
-18
-3
-13
+4
+10
-15
-10
-8
+15
+15
+19
+16
-3
-14
+13
+16
+1
+10
+9
-114
-40
-62
-153
-60
+12
-23
-40
-87
+377
-79652
-12
+1
-9
-5
-12
-14
+9
-3
-2
+8
-15
-18
+19
-6
+4
-14
-2
-18
-19
-8
+2
+11
-19
-11
+5
-3
+4
+1
-3
+9
+7
+15
-9
-2
-6
+3
+2
+10
+9
+3
-5
-4
+12
+15
-6
-11
-9
-15
+9
-19
-15
+4
+7
+7
-16
+15
-4
-19
-8
-11
-18
-14
-18
-16
+5
+5
+12
-9
-16
+2
-6
-2
+20
-13
-9
-16
+4
-1
+2
-3
-17
-2
-11
+1
+6
+17
-4
-15
-3
-19
+6
-16
-18
-6
+2
+12
-9
+6
+7
-6
+7
-9
-18
-3
+10
-17
+11
+16
+16
+6
+13
-17
+2
+3
+17
-10
+8
-1
-9
-15
+11
+2
-14
+7
-12
-19
-3
-7
-7
-15
-17
+5
+3
+14
+6
-5
+17
-9
-5
+1
-8
-13
+7
+17
-12
-14
-18
+10
+16
-3
-19
+7
+14
+14
+11
-1
+18
-16
-4
+10
-14
+9
-17
-1
+4
-14
-16
+1
-14
-7
+1
+7
-117
-11
+19
+1
+8
+12
-1
-27
-21
-19
-21
+15
-24
-7
-11
-17
-15
-11
-11
+8
-9
-9
-4
-6
+15
-10
-3
+19
+9
+8
+6
+11
-4
-14
-1
+3
-15
+17
+18
-10
-22
-15
+14
+6
-14
-11
+4
-18
+5
-16
-9
-13
+14
+3
+9
+17
-9
+22
-12
-8
-5
-1
-6
-6
-19
+17
+9
+28
+20
+14
+11
+6
+7
-2
+17
+17
-12
+7
+21
-2
-4
+10
+2
+12
-19
-22
-8
-20
+25
-17
-15
-8
-1
+13
-15
+16
+15
+19
-128
-4
-16
-4
+13
-10
+20
-16
-13
+15
+9
+1
-11
-16
+13
+1
+15
+1
-31
+11
-53
-11
-9
-16
-11
+7
+6
+13
+6
-12
-3
+16
+2
-5
+7
-16
+17
-13
-9
+15
-3
+13
+8
+5
-8
-1
-5
-21
+25
+23
+12
+1
-2
+7
-25
-51
-5
+4
+14
-8
+4
+11
-5
-21
-74
+9
+8
-13
+4
+80915
