+3
+15
-1
-18
+3
-10
+3
+10
-8
-20
+13
+11
-21
-10
-16
-2
-6
+19
-8
+12
-13
+4
-9
-20
+12
+15
-17
-18
+11
-17
-9
-12
-9
+3
+9
-6
+18
+16
+9
-11
-1
+8
-20
+17
-3
-16
-7
+10
+6
+3
+15
+3
-2
+9
-8
-6
+11
+5
+24
+10
+4
-8
+2
+13
-16
+13
-16
+11
+7
-9
-13
-12
+17
-4
-5
-1
+16
+22
+8
+12
+9
+2
-3
-5
+12
+4
+4
+8
+18
+9
-14
-11
-5
-11
+15
-18
-7
-12
+1
+5
-18
+14
-13
-10
+17
+8
+11
-12
+20
-16
+22
+5
+1
-9
+16
+13
+6
+5
+7
-4
-4
-7
+16
+4
-1
-15
-11
+1
+9
+8
+6
+11
-4
-14
-1
+3
-15
+17
+18
-10
-22
-15
+14
+6
-14
-11
+4
-18
+5
-16
-9
-13
+14
+3
+9
+17
-9
+22
-12
-8
-5
-1
-6
-6
-19
+17
+9
+28
+20
+14
+11
+6
+7
-2
+17
+17
-12
+7
+21
-2
-4
+10
+2
+12
-19
-22
-8
-20
+25
-17
-15
-8
-1
+13
-15
+16
+15
+19
-128
-4
-16
-4
+13
-10
+20
-16
-13
+15
+9
+1
-11
-16
+13
+1
+15
+1
-31
+11
-53
-11
-9
-16
-11
+7
+6
+13
+6
-121
-6
+12
+16
+12
+3
+1
-9
-15
-15
-1
-1
-18
-32
-11
-17
-20
+4
+14
-1
+16
+20
+53
+19
+16
+14
+14
+6
-8
+14
-17
-5+3
+14
-3
-15
-10
-19
+17
+3
+17
+5
+14
-7
+5
+14
+17
-2
-19
+8
+10
+15
-6
+13
-11
+19
+10
-15
-15
+2
-4
-3
+11
+2
+18
+3
+17
+9
-16
-8
+6
+15
-11
-3
+20
-1
+12
+1
+8
+11
-8
+6
+7
+17
-12
+13
-8
+16
+15
-8
-12
+7
-12
-18
+5
+5
+7
-8
+6
-4
-15
+17
-15
-10
-1
+17
+18
-21
-19
-9
+19
+16
+18
-5
-15
+19
-11
+10
+3
+11
+13
-17
-21
+15
-37
-11
+19
+1
+8
+12
-1
-27
-21
-19
-21
+15
-24
-7
-11
-17
-15
-11
-11
+8
-9
-9
-4
-6
+15
-10
-3
+19
+9
+8
+6
+11
-4
-14
-1
+3
-15
+17
+18
-10
-22
-15
+14
+6
-14
-11
+4
-18
+5
-16
-9
-13
+14
+3
+9
+17
-9
+22
-12
-8
-5
-1
-6
-6
-19
+17
+9
+28
+20
+14
+11
+6
+7
-2
+17
+17
-12
+7
+21
-2
-4
+10
+2
+12
-19
-22
-8
-20
+25
-17
-15
-8
-1
+13
-15
+16
+15
+19
-128
-4
-16
-4
+13
-10
+20
-16
-13
+15
+9
+1
-11
-16
+13
+1
+15
+1
-31
+11
-53
-11
-9
-16
-11
+7
+6
+13
+6
-12
-3
+16
+2
-5
+7
-16
+1
7-13
-9
+15
-3
+13
+8
+5
-8
-1
-5
-21
+25
+23
+12
+1
-2
+7
-25
-51
-5
+4
+14
-8
+4
+11
-5
-21
-74
+9
+8
-13
+4
+80915
