+3
+15
-1
-18
+3
-10
+3
+10
-8
-20
+13
+11
-21
-10
-16
-2
-6
+19
-8
+12
-13
+4
-9
-20
+12
+15
-17
-18
+11
-17
-9
-12
-9
+3
+9
-6
+18
+16
+9
-11
-1
+8
-20
+17
-3
-16
-7
+10
+65
+21
-7
+4
-16
-3
-9
+4
+11
+12
+11
+7
+12
+14
-6
-1
-18
-3
-13
+4
+10
-15
-10
-8
+15
+15
+19
+16
-3
-14
+13
+16
+1
+10
+9
+7
-11
-19
+2
-3
+116
+6
+16
-7
+4
+8
-20
-11
-11
+20
+15
+19
+30
+19
+19
-11
-18
+4
+1
+21
-9
-9
+12
+18
-1
-6
+12
+16
+12
+3
+1
-9
-15
-15
-1
-1
-18
-32
-11
-17
-20
+4
+14
-1
+16
+20
+53
+19
+16
+14
+14
+6
-8
+14
-17
-5
+3
+14
-3
-15
-10
-19
+17
+3
+17
+5
+14
-7
+2
-7
+18
-8
-1
-8
+3
+17
+12
+18
+2
-8
+3
+40
+3
+21
+5
-1
+15
+2
+16
-50
+1511
-16
+13
+1
+15
+1
-31
+11
-53
-11
-9
-16
-11
+7
+6
+13
+6
-12
-3
+16
+2
-5
+7
-16
+17
-13
-9
+15
-3
+13
+8
+5
-8
-1
-5
-21
+25
+23
+12
+1
-2
+7
-25
-51
-5
+4
+14
-8
+4
+11
-5
-21
-74
+9
+8
-13
+4
+80915
