+3
+15
-1
-18
+3
-10
+3
+10
-8
-20
+13
+114
-21
-10
-16
-2
-6
+19
-8
+12
-13
+4
-9
-20
+12
+15
-17
-18
+11
-17
-9
-12
-9
+3
+9
-6
+18
+16
+9
-11
-1
+8
-20
+18
-16
-4
+10
-14
+9
-17
-1
+4
-14
-16
+1
-14
-10
-13
-7
+19
+14
+18
-2
-4
-13
+14
+18
-7
+11
-13
-21
-12
+14
+16
+7
-19
+16
+7
+2
-5
+1
+19
+16
+14
+9
+12
+14
-8
-28
+13
+11
+13
-17
-21
+15
-37
-11
+19
+1
+8
+12
-1
-27
-21
-19
-21
+15
-24
-7
-11
-17
-15
-11
-11
+8
-9
-9
-4
-6
+15
-10
-3
+19
+9
+8
+6
+6
+13
+1
+15
+1
-31
+11
-53
-11
-9
-16
-11
+7
+6
+13
+6
-12
-3
+16
+2
-5
+7
-16
+17
-13
-9
+15
-3
+13
+8
+5
-8
-1
-5
-21
+25
+23
+12
+1
-2
+7
-25
-51
-5
+4
+14
-8
+4
+11
-5
-21
-74
+9
+8
-13
+4
+80915
