+3
+15
-1
-18
+3
-10
+3
+10
-8
-20
+13
+11
-21
-10
-16
-2
-6
+19
-8
+12
-13
+4
-9
-20
+12
+15
-17
-18
+11
-17
-9
-12
-9
+3
+9
-6
+18
+13
+16
+1
+10
+9
-114
-40
-62
-153
-60
+12
-23
-40
-87
+377
-79652
-12
+1
-9
-5
-12
-14
+9
-3
-2
+8
-15
-18
+19
-6
+4
-14
-2
-18
-19
-8
+2
+11
-19
-11
+5
-3
+4
+1
-3
+9
+7
+15
-9
-2
-6
+3
+2
+10
+9
+3
-5
-4
+12
+15
-6
-11
-9
-15
+9
-19
-15
+4
+7
+7
-16
+15
-4
-19
-8
-11
-18
-14
-18
-16
+5
+5
+12
-9
-16
+2
-6
-2
+20
-13
-9
-16
+4
-1
+2
-3
-17
-2
-11
+1
+6
+17
11
-1
-21
-13
-19
-15
-15
-7
+10
+19
-17
-6
-10
-13
+12
-18
+16
+10
-13
+12
-1
+12
+12
+10
+16
-18
-5
-10
-13
-7
+19
+14
+18
-2
-4
-13
+14
+18
-7
+11
-13
-21
-12
+14
+16
+7
-19
+16
+7
+2
-5
+1
+19
+16
+14
+9
+12
+14
-8
-28
+13
+11
+13
-17
-21
+15
-37
-11
+19
+1
+8
+12
-1
-27
-21
-19
-212
-4
+10
+2
+12
-19
-22
-8
-20
+25
-17
-15
-8
-1
+13
-15
+16
+15
+19
-128
-4
-16
-4
+13
-10
+20
-16
-13
+15
+9
+1
-11
-16
+13
+1
+15
+1
-31
+11
-53
-11
-9
-16
-11
+7
+6
+13
+6
-12
-3
+16
+2
-5
+7
-16
+17
-13
-9
+15
-3
+13
+8
+5
-8
-1
-5
-21
+25
+23
+12
+1
-2
+7
-25
-51
-5
+4
+14
-8
+4
+11
-5
-21
-74
+9
+8
-13
+4
+80915
