+3
+1
-1
-18
+3
-10
+3
+33
-8
-20
+13
+11
-21
-10
-16
-2
-6
+19
-8
+12
-13+4
-9
-20
+12
+15
-17
-18
+11
-71
-9
-12
-9
+3
+9
-6
+18
+16
+9
-11
-1
+8
-20
+17
-3
-16
-7
+5
-15
+2
-4
-3
+11
+2
+18
+3
+17
+9
-16
-8
+6
+15
-11
-3
+20
-1
+12
+1
+8
+11
-8
+6
+7
+17
-12
+13
-8
+16
+15
-8
-12
+7
-12
-18
+5
+5
+7
-8
+6
-4
-15
+17
-15
-10
-1
+17
+18
-21
-19
-9
+19
+16
+18
-5
-15
+19
-11
+10
+9
-1
+4
+4
+9
-5
+20
+4
-18
+17
+12
-18
+14
-211
-12
+20
-18
-4
-16
-4
+13
-10
+20
-16
-13
+19
+9
+1
-11
-16
+13
+1
+15
+1
-31
+11
-53
-11
-9
-16
-11
+7
+6
+13
+6
-12
-3
+16
+2
-5
+7
-16
+17
-13
-9
+15
-3
+13
+8
+5

-8
-1
-5
-21
+25
+23
+12
+1
-2
+7
-25
-51
-5
+4
+14
-8
+4
+11
-5
-21
-14
+9
+8
-13
+4
+80915
