153
32222222222222222222222222222045
8
0
0955
9
1
9
10
0
1
1
9
10
0
1
41
24242922222222242
2
42
242
9
10
0
1
41
24242942
955
85
9
1
9
18
0
1
41
2424294290
9
95
05
031
249
2
955
85
9
1
9
0
1
41
242429222222242
2
0955
9
1
9
10
0
1
1
9
10
0
1
41
24242922222222242
2
42
242
9
10
0
1
41
2424294290
59
2
955
2424294290
59
2
955
85
9
1
9
18
0
1
41
242424290
9
95
05
031
249
2
955
85
9
1
9
0
1
41
242429222222242
2
42
242
9
10
0
1
41
2424294290
59
2
955
85
9
1
9
4290
9
95
05
85
9
1
9
18
0
1
41
2424294290
9
95
05
031
249
2
955
85
9
1
9
0
1
41
242429222222242
2
42
242
9
10
0
1
41
2424294290
59
2
955
85
9
1
9
4290
9
95
05
031
242
4141
52
4141
5
52
5
621
12
041
2494190
59
9
10
0
1
41
2424294290
59
2
955
85
9
1
9
4290
9
95
05
85
9
1
9
18
0
1
41
2424294290
9
95
05
031
249
2
955
8424294290
59
2
955
2424294290
59
2
955
85
9
1
9
18
0
1
41
2424294290
9
95
05
031
249
2
955
85
9
1
9
0
1
41
242429222222242
2
42
242
22222222222222045
8
0
0955
9
1
9
10
0
1
1
9
10
0
1
41
24242922222222242
2
42
242
9
10
0
1
41
2424294290
59
2
955
2424294290
59
2
955
85
9
1
9
18
0
1
41
2424294290
9
95
05
031
249
2
955
85
9
1
9
0
1
41
242429222222242
2
42
242
9
10
0
1
41
2424294290
59
2
955
85
9
1
9
4290
9
95
05
85
9
1
9
18
0
1
41
2424294290
9
95
05
031
249
2
955
85
9
1
9
0
1
41
242429222222242
2
42
242
9
10
0
1
41
2424294290
59
2
955
85
9
1
9
4290
9
95
05
031
242
4141
52
4141
5
52
5
621
12
041
2494190
59
9
10
0
1
41
2424294290
59
2
955
85
9
1
9
4290
9
95
05
85
9
1
9
18
0
1
41
2424294290
9
95
05
031
249
2
955
85
9
1
9
0
1
41
242429222222242
2
42
242
95
9
1
9
0
1
41
242429222222242
2
42
242
9
10
0
1
41
2424294290
59
2
955
85
9
1
9
4290
9
95
05
031
242
4141
52
4141
5
52
5
621
12
041
2494190
59
2
572
85
918
0
1
41
2424294290
9
95
05
031
242
4141
5
52
5
621
12
0490
59
955
85
9
1
9
18
0
1
41
2424294290
9
95
05
031
242
41741
5
52
5
21
12
W41
