3
+07
+7
40
3
+0
014
+07
+3
4
+0
1
07
+009
17
+04
3
4
43
10
7
+3
40
+017
+0
7
+7
1
81
86
71
81
0
46
7
86
50
43
50
7
+009
72
+0007
+3
40
+17
+0
7
+7
1
81
86
71
81
0
46
7
86
50
43
50
7
+0
43
10
183
85
5
117
1
10
7
7
+72
+0007
+3
40
+017
+0
7
+7
1
81
86
71
81
0
46
7
86
50
43
50
+07
+009
17
+04
3
4
43
10
1
4
43
70
1
10
17
10
103
4
1
1
73
4
1
8
3
4
17
1
13
4
10
7
7
1
1
143
4
1
30
1
4
95
8
15
1
8
+0
014
+07
+3
4
+0
1
07
+009
17
+04
3
4
43
10
7
+3
40
+017
+0
7
+7
1
81
86
71
81
0
46
7
86
50
43
50
7
+009
72
+0007
+3
40
+17
+0
7
+7
1
81
86
71
81
0
46
+3
40
+07
+009
17
+04
3
4
43
10
1
4
43
70
1
10
11
10
103
4
1
1
73
4
1
8
3
4
17
1
13
4
10
7
7
1
1
143
4
1
30
1
4
95
8
15
1
8
19
67
+0
4
+010
7
77
+72
9
70
+73
40
+034
+010
7
+72
+0097
+3
+017
+001
+17
+0
7
+72
+0007
+3
40
+017
+01
1
3
3
4
5
4
73
6
7
+72
+0007
17
+04
3
4
43
10
1
4
43
70
1
10
11
114
+07
+20
72
+009
67
+0
+07
+3
40
+07
+009
17
+04
3
4
43
10
1
4
43
70
1
10
11
10
103
6
1
1
73
4
1
8
3
4
17
1
13
4
10
7
7
1
1
143
4
1
30
1
4
95
8
15
1
8
19
67
+0
4
+010
7
77
+72
9
70
+73
40
+0
1
4
1
8
3
4
17
1
13
4
10
7
7
1
1
143
4
1
30
1
4
95
8
15
1
8
+0
014
+07
+3
4
+0
1
07
+009
17
+04
3
4
43
10
7
+3
40
+017
+0
7
+7
1
81
86
71
81
0
46
7
86
50
43
50
7
+009
72
+3
40
+17
+0
7
+7
1
81
86
71
81
0
46
+3
40
+07
+009
17
+04
3
4
43
10
1
4
43
70
1
10
11
10
103
4
1
1
73
4
1
8
3
4
17
1
13
4
10
7
7
1
1
143
4
1
30
1
4
95
8
15
1
8
19
67
+0
4
+010
0
72
+009
67
+0
+0007
+3
40
+017
+0
1
81
86
71
81
0
46
0
43
50
7
0
1
81
86
71

4
1
30
7
