. 4,7,2,0,2,0,2,0,22
. 8
. 30,1,0,02,02,0,2,0,22
. 34,30,1,0,2,0,22
. 34,0,0,2,0,20,2,0,122
. 30,1,0,0,2,4,2,2,22
. 2
. 30
. 34,0,0,2,0,20,2,0,122
. 30,1,0,0,2,4,2,2,22
. 2
. 30,1,0,020,22
. 34,0,2,0,22
. 34,0,2,4,2,2,0,2,000,2,0,2,0,20,2,0,122
. 30,1,0,0,2,4,2,2,22
. 34,0,20,2,0,020,0,20,2,0,122
. 30,1,0,0,2,0,2,0,22
. 8
. 30,1,0,02,02,0,2,0,22
. 34,30,1,0,2
. 34,0,0,4,2,234,0,2,4,2,2,0,2,0,2,0,2,0,22
. 8
. 30,1,0,02,02,0,2,0,22
. 34,30,1,0,2,0,22
. 34,0,0,2,0,20,2,0,122
. 30,1,0,0,2,4,2,2,22
. 2
. 30,1,0,020,22
. 34,0,2,4,2,2,0,2,000,2,0,2,0,20,2,0,122
. 30,1,0,0,2,4,2,2,22
. 34,0,2,4,2,2,0,2,000,0,22,0,2,0,2,0,22
. 34,0,22,0,22
. 34,20,2,0,122
. 30,1,0,0,2,4,2,2,22
. 2
. 30,1,0,020,22
. 34,0,2,4,2,2,0,2,000,2,0,2,0,20,2,0,122
. 30,1,0,0,2,4,2,2,22
. 34,0,20,2,0,122
. 30,1,0,0,2
. 34,0,2,4,2,2,002,0,22
. 8
. 30,1,0,02,02,0,20,22
. 34,30,1,0,2,22
. 34,0,0,2,0,20,2,0,122
. 30,1,0,0,2,4,2,2,22
. 2
. 30,1,0,020,22
. 34,0,2,4,2,2,0,2,000,2,0,2,0,20,2,0,122
. 30,1,0,0,2,4,2,2,22
. 34,0,2,4,2,2,0,2,000,0,22,0,2,0,2,0,22
. 34,0,22,0,22
. 34,20,2,0,122
. 30,1,0,0,2,4,2,2,22
. 2
. 30,1,0,020,22
. 34,0,2,4,2,2,0,2,000,2,0,2,0,20,2,0,122
. 30,1,0,0,2,4,2,2,22
. 34,0,20,2,0,122
. 30,1,0,0,2
. 34,0,2,4,2,2,002,0,22
. 8
. 30,1,0,02,02,0,2,0,22
. 34,30,1,0,2,0,22
. 34,0,0,2,0,20,2,0,122
. 30,1,0,0,2,4,2,2,220,122
. 30,1,0,0,2
. 34,0,2,0,2,4,2,2,0,2,000,2,0,2,0,20,2,0,122
. 30,1,0,0,2,4,2,2,22
. 34,0,20,2,0,122
. 30,1,0,0,2
. 34,0,2,4,2,2,002,0,22
. 8
. 30,1,0,02,02,0,2,0,22
. 34,30,1,0,2,0,22
. 34,0,0,2,0,20,2,0,122
. 30,1,0,0,2,4,2,2,22
. 2
. 30,1,0,020,22
. 34,0,2,1,0,020,22
. 34,0,2,4,2,2,0,2,000,2,0,2,0,20,2,0,122
. 30,1,0,0,2,4,2,2,22
. 34,0,20,2,22
. 34,0,2,4,2,2,0,20,2,0,2,0,22
. 8
. 30,1,0,02,02,0,2,0,22
. 34,30,1,0,2,0,22
. 34,0,0,4,2,2,0,2,00