. 2,0,2,0,22
. 8
. 2,0,2,02,2,2
.. 00,2,0,20,2
. 30,9,2,2,2
. 00,0,2,0,22
. 3143,4,2,2,2
.. 0,0,2,0,22
. 3,4,2,2,2
.. 00,2,0,20,2
. 30,2
. 00,0,2,0,22
. 3143,4,2,2,2
.. 000,0,2,0,22
. 3143,4,2,2,2
.. 00,2,0,20,2
. 30,22,2,2,2
. 00,2,0,20,2
. 30,9,2,9,2
. 0,0,22
. 3143,4,2,22
. 8
. 2,0,2,0,22
. 3,4,2,2,2
.. 00,2,0,20,2
. 30,9,2,2,2
. 00,0,2,0,22
. 3143,4,2,2,2
.. 0,0,2,0,22
. 3,4,2,2,2
.. 00,2,0,0,2
. 30,2
. 00,0,2,0,22
. 3143,4,2,2,2
.. 000,0,2,0,22
. 3143,4,2,2,2
.. 00,2,0,20,2
. 30,22,2,2,2
. 00,2,0,20,2
. 30,9,2,9,2
. 0,0,22
. 3143,4,2,2,2
.. 000,0,2,0,22
. 3143,4,2,00,2,0,20,2
. 30,9,20,20,2
. 30,9,2,2,2
. 00,2,0,20,292
. 3,4,00,0,2,0,22
. 3143,4,2,2,2
.. 00,2,0,20,2
. 30,22,2,2,2
. 00,2,0,20,2
. 30,9,2,9,2
. 0,0,22
. 3143,4,2,2,2
.. 000,0,2,0,22
. 3143,4,2,2,2
.. 00,0,2
. 30,9,2,2,2
. 00,2,0,20,2
. 30,9,20,20,2
. 30,9,2,2,2
. 00,2,0,20,2
. 30,9,2,2,2
. 0,2,0,20,2
. 30,9,2,2,2
. 00,0,2,0,22
. 3142,7,0,22
. 3,4,2,2,2
.. 00,2,0,20,2
. 30,9,2,2,2
. 00,0,2,0,22
. 3143,4,2,2,2
.. 0,0,0,20,2
. 30,9,2,2,2
. 00,2,0,20,2
. 30,9,2,2,2
. 0,2,0,20,2
. 30,9,2,2,2
. 00,0,2,0,2292
. 3,4,2,2,2
. 3,4,2,2,0,2,00292
. 3,4,00,0,2,0,22
. 3143,4,2,2,2
.. 00,2,0,20,2
. 30,22,2,2,2
. 00,2,0,20,2
. 30,2
. 30,9,2,2,2
. 0,2,0,20,2
. 30,9,2,2,2
. 00,0,2,0,22
. 3142,7,0,292
. 3,4,00,0,2,0,22
.. 00,2,0,20,2
. 30,22,2,2,2
. 00,2,0,20,2
. 30,9,2,9,2
. 0,0,22
. 3143,4,2,2,2
.. 000,0,2,0,22
. 3143,4,2,2,2
.. 00,2,0,20,2
. 30,9,2,2,2
. 00,0,2,0,22
. 3142,7,0,2,0,2,0,2,2,2,2
. 00,2,0,20,2
. 30,9,2,2,2
. 00,2,0,20,0,20,2
. 30,9,3,2,2
. 00,0,2,0,22
. 3142,7,0,2,0,2,0,2,2,2,2
. 00,2,0,20,2
. 30,9,2,2,2
. 00,2,0,20,2
. 30,9,20,20,2
. 30,9,2,2,2
. 00,2,0,20,2
. 30,9,2,2,2
. 0,2,0,20,2
. 30,9,2,2,2
. 00,0,2,0,22
. 3142,7,0,292
. 3,4,00,0,2,0,22
. 3143,4,2,2,2
.. 00,2,0,20,2
. 30,22,2,2,2
. 00,2,0,20,2
. 30,9,2,9,2
. 0,0,22
. 3143,4,2,2,2
.. 000,0,2,0,22
. 3143,4,2,2,2
.. 00,2,0,20,2
. 30,9,2,2,2
. 00,0,2,0,22
. 3142,7,0,2,0,2,0,2,2,2,2
. 00,2,0,20,2
. 30,9,2,2,2
. 00,2,0,20,2
. 30,9,20,20,2
. 30,9,2,2,2
. 00,2,0,20,2
. 30,9,2,2,2
. 0,2,0,2,2,22
. 3,4,2,2,0,2,00