19
11
0
0
11
0
2
9
1
0
01
9
0
11
0
01
9
11
0
0
11
1
2
11
9
11
0
01
9
1111
1
2
11
9
0
15
1
5
1
0
1
0
01
9
11
0
0
11
1
2
1
5
1
0
0
112
9
11
0
01
9
11
0
0
1
11
2
11
9
0
15
1
5
1
0
01
9
0
15
1
5
1
0
0
111
9
11
0
2
11
9
11
0
015
1
0
01
9
0
1
9
11
0
0
211
05
1
5
1
0
0
0
19
0
15
1
5
1
0
0
111
9
11
0
0
11
0
0
10
11
0
0
11
05
1
5
1
0
0
112
9
11
0
01
9
11
0
0
11
1
2
11
9
11
0
01
9
11
0
0
211
012
1
11511
02
00
0
0
00
0
0
0
199
24
2
9
1
9
1
9
11
0
09
11
0
0
11
0
0
11
1
2
1
5
1
0
0
12
9
11
0
0
9
0
2
1
5
1
0
01
11
01
9
119
24
2
9
1
9
1
9
11
0
09
11
0
0
11
0
0
11
1
2
1
5
1
0
0
12
9
11
0
0
9
0
2
1
5
1
0
01
11
01
9
11
0
0
11
0
0
11
1
2
1
5
1
0
0
12
9
11
0
0
9
0
2
1
5
1
0
01
11
0
0
11
0
11
1
2
1
5
1
0
0
12
9
11
0
01
9
0
2
1
5
1
0
01
9
0
15
1
5
1
0
0
111
9
11
0
0
18
1
6
111
0
01
9
11
0
0
1
1
2
103
9
1
0
00
111
9
11
0
0
11
0
0
11
05
1
5
1
0
0
112
2
0
0
11
0
0
11
1
2
1
5
1
0
0
12
9
11
0
0
9
0
2
1
5
1
0
01
11
0
0
11
0
11
1
2
1
5
1
0
0
12
9
11
0
01
9
0
2
1
5
1
0
01
9
0
15
1
5
1
0
0
111
9
11
0
0
18
1
6
111
0
01
9
11
0
0
1
1
2
103
9
1
0
00
111
9
11
0
0
11
0
0
11
05
1
5
1
0
0
112
20
0
0
0
0
0
0
0
0
01
0
01
9
11
0
0
1
11
2
11
9
0
15
1
5
1
0
01
9
0
15
1
5
1
0
0
111
9
11
0
2
11
9
11
0
015
1
0
01
9
0
0
9
11
0
0
211
05
1
5
1
0
0
0
19
0
15
1
5
1
0
0
111
9
11
0
0
11
0
0
10
11
0
0
11
05
1
5
1
0
0
112
9
11
0
01
9
11
0
0
11
1
2
11
9
11
0
0
11
1
2
11
9
1
9
11
0
0
9
1
1
0
0
0
19
0
15
1
5
1
0
0
111
9
11
0
0
11
0
0
11
05
1
5
1
0
0
11
1
2
1
5
1
0
0
1121
0
0
11
05
1
5
1
0
0
112
9
11
0
01
9
11
0
0
11
1
2
1
5
1
0
0
112
9
11
0
0
10
11
05
1
5
1
0
0
112
9
11
0
01
9
11
0
0
11
1
2
1
5
1
0
0
112
9
11
0
01
9
11
0
0
11
1
2
11
9
0
15
1
5
1
0
01
9
0
15
1
5
111
9
11
0
0
11
0
0
11
0512
9
11
011
0
01
9
11
0
0
211
05
1
5
0
1
0
0
11112
9
11
0
01
9
11
0
0
11
1
2
11
9
0
15
1
5
1
0
01
9
0
15
1
5
1
0
0
111
9
11
0
0
11
0
0
11
05
1
5
1
0
0
11
1
2
1
5
1
0
0
1121
0
0
11
05
1
5
1
0
0
112
9
11
0
01
9
11
0
0
11
1
2
1
5
1
0
0
112
9
11
0
01
9
11
0
0
11
1
2
11
9
0
15
1
5
1
0
01
2
9
11
0
01
9
11
0
0
11
1
2
101
9
11
0
0
111
9
11
0
0
11
0
0
11
05
1
5
1
0
0
112
9
11
0
1
0
0
10
11
05
1
5
1
0
0
112
9
11
0
01
9
11
0
0
11
1
2
1
5
1
0
0
112
9
11
0
01
9
11
0
0
11
1
2
1
51
9
11
0
0
11
1
2
11
9
11
011
9
0
15
1
5
1
0
01
9
0
15
1
5
1
0
0
111
9
11
0
0
11
0
0
11
05
1
5
1
0
0
112
9
11
0
01
9
1
0
0
112
9
11
0
1
0
0
10
11
05
1
5
1
0
0
112
9
11
0
01
9
11
0
0
11
1
2
1
5
1
0
0
112
9
11
0
01
9
11
0
0
11
1
2
11
9
0
15
1
5
1
0
01
9
0
15
1
5
1
0
0
111
9
11
0
0
11
0
0
11
05
1
5
1
0
0
112
9
11
0
01
9
11
0
0
11
1
2
11
9
11
0
015
1
0
01
9
0
1
9
11
0
0
211
05
1
5
1
0
0
0
19
0
15
1
5
1
0
0
111
9
11
0
0
11
0
0
11
05
1
5
1
0
0
11
1
2
1
5
1
0
0
1121
0
0
11
05
1
5
1
0
0
112
9
11
0
01
9
11
0
0
11
1
2
1
5
1
0
0
112
9
11
0
0
10
11
05
1
5
1
0
0
112
9
11
0
01
9
11
0
0
11
1
2
1
5
1
0
0
112
9
11
0
01
9
11
0
0
11
1
2
11
9
0
15
1
5
1
0
01
9
0
15
1
5
1
0
0
111
9
11
0
0
11
0
0
11
0512
9
11
0
01
9
11
0
0
11
1
2
11
9
1
9
11
0
0
9
1
1
0
0
0
19
0
15
1
5
1
0
0
111
9
11
0
0
1
0
0
11
1
2
1
5
1
0
0
1121
0
0
11
05
1
5
1
0
0
112
9
11
0
01
9
11
0
0
11
1
2
1
5
1
0
0
112
9
11
0
0
10
11
05
1
5
1
0
0
112
9
11
0
01
9
11
0
0
11
1
2
1
5
1
0
0
112
9
11
0
010
0
11
1
2
11
9
0
15
1
5
1
0
01
9
0
15
1
5
1
0
0
111
9
11
0
0
11
0
0
11
0512
9
11
0
01
9
11
0
0
11
1
2
11
9
1
9
11
0
0
9
1
0
01
9
11
0
0
211
04
1
5
1
0
0
1