12119110
12
1
1
12
212
1
1
12
2
11
211
1
11
9
22
0
2
11
9
11
11
92
2
11
21
0
2
11
9
11
11
9211
0
2
11
9
11
211
1
12
1
2
11
21154
1
11
9
11
0
2
11
9
11
0
212
12
2
112
1
1
12
2
11
211
1
111
1
11
9
11
0
2
11
9
11
67
92111
1
9
11
11
92
2
11
1
0
12
1
1
12
2
11
211
1
11
9
11
09
11
11
92
2
11
21911
1
0
19
11
211
1
2
1
2
11
21154
111
9
11
0
2
11
9
11
11
9211
0
2
11
9
11
2119
11
0
2
11
9
1
0
212
9211
11
92
2
11
21911
1
0
12
1
1
12
211
1
11112
1
1
12
1
9
11
11
92
2
11
21911
1
0
12
1
1
12
2
1
211
1
11
9
11
09
11
11
92
2
11
21911
9
11
0
2
11
9
1111
9211
0
2
11
9
11
2
11
211
1
111
1
11
9
11
0
2
11
9
11
11
9211
0
2
11
9
11
211
1
12
1
2
11
21154
1
11
9
11
0
2
11
9
11
0
2
11
9
11
11
92
2
11
11
9211
0
2
11
9
11
211
1
12
1
2
11
211
1
11
9
11
0
2
11
9
11
0
212
12
2
1121
11
9
11
0
2
11
9
11
11
9211
0
2
11
9
11
211
1
9
11
11
92
2
11
21911
1
0
12
1
1
12
211
1
11
9
11
0
2
11
9
11
11
92
1
9
11
0
2
11
9
11
11
9211
0
2
11
9
11
2
11
211
1
111
1
11
9
11
011
0
2
11
9
11
0
212
12
1
112
1
1
12
2
1111
9
11
0
212
2
2
11
211
1
11
9
11
09
11
11
92
2
11
21911
1
0
12
11
92
2
11
211
1
11
9
11
0
2
11
9
11
11
9211
0
2
11
9
11
2
11
211
1
111
1
11
9
11
0
2
11
9
11
11
9211
0
2
11
9
11
112
1
12
1
2
11
21154
1
11
9
12
11
9
11
11
9211
0
211
1
11
9
11
0
2
11
9
11
0
212
12
2
1121
11
9
11
0
2
11
9
11
11
9211
0
2
11
9
11
211
1
9
11
11
92
2
11
21911
1
0
12
1
1
12
211
1
11
9
11
0
2
11
9
11
11
92
1
9
11
0
2
11
9
11
11
9211
0
2
11
9
11
2
11
211
1
111
1
11
9
11
0
2
11
9
11
11
9
11
0
2
1111
1
9
11
11
92
2
11
21911
1
0
12
1
1
12
211
1
11
9
11
0
2
11
9
11
11
92
1
9
11
0
2
11
9
11
11
9211
0
2
11
9
11
2
11
211
1
111
1
11
9
11
0
2
11
9
11
11
9211
0
2
11
9
11
211
1
12
1
2
11
21154
1
11
9
11
0
2
11
9
11
0
2
112
2
1121
11
9
11
0
2
11
9
11
11
9211
0
2
11
9
11
211
1
9
11
11
92
2
11
21911
1
0
12
1
1
12
211
1
11
9
11
0
2
11
9
11
11
92
1
9
11
0
2
11
9
11
11
9211
0
2
11
9
11
2
11
211
1
111
1
11
9
11
0
2
11
9
11
11
9
11
0
2
11
9
11
11
9211
92
2
11
21911
1
0
12
1
1
12
211
1
11
9
11
0
2
11
9
11
11
92
1
9
11
0
2
11
9
11
11
9211
0
2
11
9
11
2
11
1
1
111
1
11
9
11
0
2
11
9
11
11
9211
0
2
11
9
11
211
1
12
1
2
11
21154
1
11
9
11
0
2
11
9
11
0
2
11
9
11
11
92
2
11
211
1
11
9
11
0
2
11
9
11
11
9211
0
2
11
9
11
211
1
12
1
2
11
210
1
2
112
1
1
12
2
11
211
1
111
1
11
9
11
0
11
2
11
9
11
11
9211
0
2
11
9
11
211
1
9
11
11
92
2
11
11
0
2
11
9
11
11
92
2
11
211
1
11
9
11
0
2
11
9
11
11
9211
0
2
11
9
11
2
11
211
1
111
14
1
11
9
11
0
2
11
9
11
0
212
12
2
1112
2
112
1
1
12
1
9
11
11
92
2
11
21910
1
0
12
1
1
12
2
11
211
1
11
9
11
09
11
11
929
11
