1
1
9
119
11
11
92
2
11
219
1
0
12
1
1
12
2
11
0
0
0
9
1
0
0
0
1
1
04
5
9
51
921
1112
1121
1252
5155
1512
92
2
118
1
6
11
9
10
31
12
11
1
11
9
11
0
2
11
9
11
11
92
2
1
12
1
9
11
11
92
2
11
21911
1
0
12
1
1
12
2
11
211
1
11
9
+1
0
2
11
9
2
1
1
12
2
11
211
1
11
9
11
0
2
9
0
2
0
1
11
9
11
0
2
11
9
11
11
1
92
2
11
21911
1
0
12
0
1
2
211
1
11
9
11
0
2
11
9
11
11
92
2
11
211
1
11
11
92
2
11
21911
1
0
12
1
1
12
21
92
2
11
2
1
111
9
1
0
2
11
9
11
11
92112
1
2
11
21154
1
11
9
11
0
2
11
9
11
0
21
2
2
112

