1
99
120
11
512
20
0
01
90
0
0
0
0
0
0
0
0
0
0
0
0
0
0
0
0
02
1
99
24
29
1
112
11
0
0
0
0
0
0
0
0
0
0
0
0
02
1
99
24
29
49
2
20
0
0
0
0
0
02
1
99
24
29
1
112
11
0
0
0
0
0
0
0
0
0
0
0
0
02
1
99
24
29
40
0
0
0
0
0
0
0
0
9122
11
5
0
10
00
0
01
9
11
020
00
0
0
0
0
0
0
0
0
0
0
0
0
0
02
1
99
24
2
9
1
9
1
112
11
0
0
0
0
0
0
0
0
0
0
0
0
0
02
1
99
2
9
11
020
00
0
0
0
0
0
0
0
0
0
0
0
0
0
0
0
1
99
24
2
9
1
9
1
112
11
0
0
0
0
0
0
0
0
0
0
0
912
00
0
0
0
0
0
0
0
0
0
0
00
0
0
0
00
0
0
0
0
0
0
0
02
1
99
24
2
9
1
1
112
11
0
0
0
0
0
0
0
0
0
0
0
0
0
02
1
99
2
9
11
020
00
0
0
0
0
0
0
0
0
0
0
0
0
0
0
0
09
24
2
9
1
9
1
112
11
0
0
0
0
0
0
0
0
0
0
0
922
11
5
0
10
00
0
01
9
11
020
00
0
0
0
00
0
0
0
0
0
0
0
0
0
0
0
0
02
1
99
24
2
9
1
9
1
112
11
0
0
0
0
0
0
00
0
0
02
1
99
24
29
49
2
2
9
9
1
9
1
112
11
1
99
120
91
11
020
00
0
0
00
0
0
5
0
0
0
00
0
02
1
99
24
2
9
1
9
1
112
11
512
2
9
1
9
1
112
11
5
0
10
00
0
01
9
11
020
00
0
0
0
0
0
0
0
0
0
0
0
0
0
0
0
02
1
992
9
1
9
1
112
11
0
0
0
0
0
0
0
0
0
0
0
0
0
02
1
9
2
9
11
020
00
0
0
0
0
0
0
0
0
0
0
0
0
0
0
0
02
1
99
24
2
9
1
9
1
112
11
0
0
0
0
0
0
0
0
0
0
0
9122
11
5
0
10
00
0
01
9
11
020
00
0
0
0
0
0
0
0
0
0
0
0
0
0
0
0
02
1
994
2
9
1
9
1
112
11
0
0
0
0
0
0
0
0
0
0
0
0
0
02
1
99
2
9
11
020
00
0
0
0
0
0
0
0
0
0
0
0
0
0
0
0
021
99
24
2
9
1
9
1
0
0
0
0
0
0
0
0
0
0
0
0
0
02
1
99
2
9
11
020
00
0
0
0
0
0
0
0
0
0
0
0
02
1
99
24
2
9
1
9
1
110
0
0
0
0
0
0
0
0
0
0
912
00
0
0
0
0
0
0
0
0
020
00
0
0
00
0
0
0
00
0
0
0
0
0
0
0
0
0
02
1
94
2
9
1
9
1
112
11
512
2
9
1
9
1
112
11
5
0
10
00
0
01
9
11
020
00
0
0
0
0
0
0
0
0
0
0
0
0
02
1
99
24
2
9
1
9
1
112
11
0
0
0
0
0
0
00
0
0
02
1
99
24
29
49
2
2
9
9
1
9
1
112
11
1
99
120
91
11
020
00
0
0
00
0
0
5
0
0
0
00
0
02
1
99
24
2
9
1
9
1
112
11
512
2
9
1
9
1
112
11
5
0
10
00
0
01
9
11
020
00
0
0
0
0
0
0
0
0
0
0
0
0
0
0
0
02
1
99
24
2
9
1
112
11
0
0
0
0
0
0
0
0
0
0
0
0
0
02
1
99
2
9
11
020
00
0
0
0
0
0
0
0
0
0
0
0
0
02
1
99
24
2
9
1
9
1
112
11
0
0
0
0
0
0
0
0
0
0
0
9122
15
0
10
00
0
011
9
1
020
00
0
0
0
0
0
0
0
0
0
0
0
0
0
0
02
1
98
24
2
9
1112
11
0
0
0
0
0
0
0
0
0
0
0
0
5
02
1
99
2
9
11
020
00
0
0
0
0
0
0
0
0
0
0
0
0
0
0
0
021
99
24
2
9
1
9
1112
11
0
0
0
0
0
0
0
0
0
0
0
92
111
02
1
99
24
2
9
1
9
1
112
11
0
0
0
0
0
0
0
0
0
0
0
0
02
1
9
924
29
49
2
2
9
9
1
9
1

