1
9
50
9
11
0
0
10
11
05
1
5
1
0
0
112
9
11
0
01
9
11
0
0
11
11
1
2
1
5
1
0
0
1121
0
0
11
05
1
5
1
0
0
112
9
11
0
01
9
11
01
9
506
2
1
21
0
01
9
11
0
0
11
11
0
0
0
11
0
0
11
01
9
22
0
01
0
01
9
11
0
0
01
9
11
0
11
1
0
00
0
01
9
11
0
0
211
05
1
5
1
0
0
0
11
1
2
11
9
11
0
11
0
0
211
05
1
5
1
0
0
0
11
1
2
11
9
11
0
01
9
11
0
0
211
05
1
5
1
0
0
1
11
0
0
11
05
1
5
1
0
0
11
1
2
1
5
1
0
0
112
0
0
11
1
9
11
0
0
11
1
2
1
5
1
0
0
112
9
11
0
01
9
11
0
0
11
1
2
11
9
0
15
1
5
1
1
9
11
0
01
9
11
0
0
11
05
1
5
1
0
05
1
0
0
1121
0
0
11
05
1
5
1
0
0
112
9
11
0
0
1
2
11
9
0
15
1
5
1
0
01
9
0
15
1
5
1
0
0
111
9
11
0
0
11
0
0
9
11
0
0
11
1
2
101
9
11
0
01
9
11
0
2
11
05
1
5
1
0
05
1
0
0
1121
0
0
11
05
1
5
1
0
0
112
9
11
0
01
1
5
1
0
0
111
9
11
0
0
11
0
0
11
050
11
0
0
9
11
0
0
11
1
2
101
9
11
0
01
9
11
0
0
11
05
1
5
1
0
05
1
0
0
1121
0
0
11
05
1
5
1
0
0
112
9
11
0
01
1
5
1
0
0
111
9
11
0
0
1
0
01
9
11
0
0
11
05
1
5
1
0
05
1
0
0
1121
0
0
11
05
1
5
1
0
0
112
9
11
0
01
1
5
1
0
0
111
9
11
0
0
11
0
0
11
050
11
0
0
9
11
0
0
11
1
2
101
9
11
0
01
9
11
0
0
11
05
1
5
1
0
05
1
0
0
1121
0
0
11
05
1
5
1
0
0
112
9
11
0
01
1
5
1
0
0
11
0
0
11
1
2
1
5
1
0
0
112
9
11
0
01
9
11
0
0
11
1
2
9
11
0
01
9
11
0
0
11
1
2
101
9
11
0
0101
9
11
0
01
9
11
0
0
11
05
1
5
1
0
050
112
9
11
0
01
9
11
0
0
11
1
2
1
5
1
0
1
10
29
11
0
01
9
11
0
0
11
1
2
11
9
0
15
1
1