1
020
00
0
0
00
0
0
0
0
0
0
20
00
0
0
00
0
0
0
0
0
0
0
0
0
02
1
4
2
9
1
9
1
112
11
512
2
1
112
11
512
0
10
00
0
011
99
120
82
11
020
002
0
0
00
0
0
0
0
0
0
0
0
0
02
1
99
24
2
9
1
9
1
112
11
512
2
9
1
9
1
112
11
500
0
0
0
0
0
0
0
0
0
0
0
0
0
0
0
02
1
99
24
2
9
1
9
1
112
11
512
2
9
11
99
120
91
1
0
00
0
0
0
0
0
0
0
0
0
02
1
99
24
2
9
1
9
0
0
0
00
0
9
11
020
0
8
1
6
11
4
24
2
9
9
1
9
1
112
11
1
99
120
91
11
020
00
0
0
0
0
0
02
1
99
24
2
9
1
9
1
0
0
00
0
9
11
020
0
10
02
1
99
24
9
9
1
9
1
112
11
1
99
120
91
11
020
00
0
0
00
0
0
0
0
0
0
0
020
00
0
0
00
0
0
0
0
020
00
0
0
00
0
0
0
0
0
0
0
0
0
02
1
99
24
2
9
1
9
1
1111
512
2
9
1
9
1
112
11
5
0
10
00
0
01
9
11
020
00
0
0
0
0
0
0
0
0
0
0
0
02
1
99
24
2
9
1
9
1
112
11
0
0
0
0
0
0
0
0
0
0
0
0
0
02
1
99
24
2
9
1
9
1
12
11
2
512
9
1
9
1
121
11
512
0
10
00
0
01
9
11
020
00
0
0
0
0
0
0
0
0
9
11
020
0
1
0
1
112
11
512
0
10
00
0
011
99
120
91
11
020
00
0
0
00
0
0
0
0
0
0
0
0
0
02
1
99
24
2
9
1
9
1
0
0
00
0
9
11
020
0
10
02
1
99
24
2
9
1
9
1
112
11
512
2
9
1
0
1
112
11
512
0
10
00
0
011
99
120
91
11
020
00
0
0
00
0
0
0
0
0
0
0
0
0
02
1
99
24
2
9
1
9
1
112
11
512
2
9
1
9
1
112
11
512
0
0
00
0
01
9
1
020
00
0
0
0
0
0
0
0
0
0
0
0
0
0
0
0
02
1
99
24
2
9
1
9
1
2
11
512
2
9
1
9
1
112
81
512
0
10
00
0
01
9
1
9
1
0
0
0
0
0
0
0
0
0
0