1
9
50
9
11
0
0
11
1
2
1
5
1
0
0
121
0
0
11
5
1
5
1
0
012
9
11
0
01
9
11
0
0
11
1
2
1
51
0
0
112
9
11
0
01
9
1
1
2
11
9
0
5
1
5
1
0
01
9
0
15
1
1
99
20
0
0
0
0
0
0
0
0
4
2
9
1
9
0
2
11
5
2
9
1
0
0
00
0
0
0
0
0
0
0
0
1
1
9
28
2
9
1
9
1
0
0
02
1
9
4
4
9
1
9
1
0
00
0
0
0
0
0
0
0
0
0
2
5
9
20
0
0
0
0
0
0
0
0
2
2
2
9
1
0
0
0
0
1
0
0
1
1
1
1
11
5
01
9
0
15
1
5
1
0
0
111
9
11
00
0
11
5
1
5
1
0
012
9
11
0
01
9
11
1
0
0
11
1
2
1
5
1
0
01
0
8
2
1
9
1
4
2
140
111
2
11
9
0
15
1
5
1
0
00
1
1
2
0
1
1
2
0
0
11
01
5
5
1
0
0
11
1
2
1
5
1
11
9
11
0
91
10
020
00
0
0
00
0
0
0
0
0
0
0
0
0
0
10
0
11
05
1
5
1
0
0
12
9
11
0
01
9
11
0
0
11
1
2
1
1
1120
11
1
2
1
5
1
0
0
121
0
0
11
5
1
5
1
0
012
9
11
0
01
9
11
0
0
11
1
2
1
5
1
0
0
112
9
11
0
11
0
0
11
05
1
5
1
0
0
1