99
1
11
020
00
0
0
0
0
0
0
0
0
0
0
0
0
0
01
1
99
24
09
1
9
10
0
0
0
0
00
0
0
0
0
0
02
1
99
24
2
9
1
9
1
1
020
00
0
0
0
0
0
0
0
0
0
0
0
0
0
0
0
02
20
91
0
9
3
1
0
0
0
00
0
0
000
0
0
2
1
99
24
2
9
1
9
1
112
11
0
0
0
0
0
0
0
0
0
0
512
0
10
00
0
011
99
120
91
120
00
0
0
00
0
0
0
0
0
0
0
0
0
02
1
99
24
2
9
1
9
1
112
11
512
2
9
1
9
1
112
1
512
0
10
00
0
01
91
1
020
00
0
0
0
0
0
0
0
0
0
0
0
0
0
0
0
0
0
00
0
011
020
00
0
0
00
0
0
0
0
0
0
0
0
0
02
1
99
24
2
8
1
9
1
0
0
00
0
9
11
020
0
1
0
1
112
11
10
00
0
011
99
120
91
91
020
00
0
0
0
0
0
0
0
0
0
0
0
0
0
00
0
0
0
0
0
0
020
00
0
0
00
0
0
0
0
0
0
0
0
0
02
1
99
24
2
9
1
9
1
112
12
512
2
9
1
0
1
112
11
512
5
10
001
99
120
91
11
020
002
0
0
00
0
0
0
0
0
0
0
0
0
02
1
99
24
6
9
0
0
0
0
0
0
0
0
02
9
1
9
1
112
11
5
0
10
00
0
01
9
11
020
0
0
0
0
0
0
0
0
0
0
0
0
0
0
0
0
1
49
24
2
9
1112
11
512
2
9
1
9
1
112
11
5120
00
0
0
0
0
0
0
0
0
9
1
020
0
1
0
1
112
11
512
0
10
00
0
011
99
120
91
11
020
00
0
0
00
0
0
0
0
0
0
0
0
1
02
1
99
24
2
9
1
9
1
0
0
00
0
9
11
020
0
10
02
1
94
24
2
9
9
1
9
1
112
11
1
99
120
91
11
020
00
0
0
0
0
0
02
1
99
24
2
9
1
9
1
0
0
00
0
9
11
020
0
10
02
1
99
24
2
9
9
10
00
0
0
00
0
0
0
0
0
0
0
0
020
00
0
0
00
0
0
0
0
020
00
0
0
00
0
0
0
0
0
0
0
0
0
02
1
99
24
2
9
1
9
1
112
11
512
2
9
1
9
1
112
11
5
0
10
00
0
01
9
11
020
00
0
0
0
0
0
0
0
0
0
0
0
0
0
0
02
1
99
82
2
9
1
9
1
112
11
0
0
0
0
0
0
0
0
0
0
0
0
0
02
1
99
24
2
0
02
19
92
4
2
9
1
9
1
112
11
512
2
9
1
0
1
111
512
0
10
00
0
011
99
120
91
11
020
00
0
0
00
0
0
0
0
0
0
0
0
0
02
1
99
24
2
12
0
10
00
0
01
9
11
020
00
0
0
0
0
0
0
0
0
0
0
0
0
0
0
0
01
99
2491
11
020
00
0
0
00
0
0
0
0
0
0
0
0
0
02
1
99
24
2
9
1
9
1
0
0
0
0
0
0
0
0
0
