1
01
0
01
2
9
1
1
2
05
1
5
1
0
0
12
0
01
9
1
0
0
11
05
1
5
1
0
05
1
0
0
1121
0
0
11
05
1
5
1
0
8
112
9
11
0
01
9
11
0
0
11
1
2
1
5
0
5
1
0
0
112
9
1
0
0
0
11
1
20
0
11
1
2
11
9
0
15
1
5
1
0
01
2
9
11
0
01
9
1111
1
2
1
5
1
0
1
2
11
9
1
0
01
9
11
0
0
11
1
2
11
9
0
15
1
5
1
0
1
2
9
11
0
01
9
1
0
0
1
1
12
101
9
1
0
0
1
05
1
5
1
0
1
5
1
5
24
1
11
9
18
7
12
21
0
01
211
1
2
101
9
11
0
1
9
11
1
2
101
4
11
0
0112
9
11
0
01
9
11
0
0
11
1
2
1
5
05
1
5
1
0
0
112
9
11
0
01
9
11
0
0
11
1
20
0
11
1
2
11
9
0
15
1
5
1
0
01
2
9
11
0
01
9
11
0
0
11
2
1
3
0
4
5
0
00
9
11
0
0
1
05
1
5
1
0
1
5
1
5
24
1
11
9
18
7
12
21
0
01
211
1
2
101
9
11
0
1
9
11
0
0
11
05
1
5
1
0
05
1
0
0
0
1