0
2
1
9
1
0
5
1
1
1
1
8
1
7
0
5
1
2
1
1
1
1
2
1
9
1
0
5
1
1
1
1
8
1
1
9
1
0
5
1
1
1
1
1
7
0
5
1
2
1
1
8
1
9
9
5
1
1
1
5
6
9
1
0
5
1
1
1
1
8
1
7
0
5
1
2
1
1
8
1
9
9
5
1
1
1
5
5
3
1
9
1
0
5
1
1
1
1
8
1
7
3
1
9
1
0
5
1
9
1
0
5
1
1
1
1
8
1
7
0
5
1
2
1
1
1
1
2
1
9
1
0
5
1
1
1
1
8
1
1
9
1
0
5
1
1
1
1
1
7
0
5
1
2
1
1
8
1
9
9
5
1
1
1
5
6
9
1
0
5
1
1
1
1
8
1
7
0
5
1
2
1
1
8
1
9
9
5
1
1
1
5
5
3
1
9
1
0
5
1
1
1
1
8
1
7
3
1
9
1
0
5
1
1
1
1
8
1
7
0
5
1
2
1
1
8
1
9
1
7
0
5
1
2
1
1
1
1
9
1
0
5
1
1
1
1
8
1
7
0
5
1
2
1
1
8
1
9
9
5
1
1
1
5
5
3
1
9
1
0
5
1
1
1
1
8
1
7
1
1
1
8
1
7
0
5
1
2
1
1
8
1
9
1
7
0
5
1
2
1
1
1
1
9
1
0
5
1
1
1
1
8
1
7
0
5
1
2
1
1
8
1
9
9
5
1
1
1
5
5
3
1
9
1
0
5
1
1
1
1
8
1
7
0
5
1
2
1
1
8
1
91
1
0
0
0
0
0
0
0
0
0
0
9
5
1
1
1
5
6
3
1