1
90
1
0
52
9
1
9
1
1
0
0
0
0
0
9
0
0
0
0
0
5
1
5
1
0
1
0
0
0
9
1
0
0
0
0
0
1
0
52
9
1
9
11
9
9
1
0
0
0
0
0
1
0
52
9
1
9
1
1
0
0
0
0
0
9
0
0
0
0
0
5
1
5
1
0
1
0
0
0
9
1
0
0
0
0
0
1
0
52
9
1
9
1
1
0
0
0
0
1
0
52
9
1
9
1
1
0
0
0
0
0
9
0
0
0
0
0
5
1
5
1
0
1
0
0
0
9
1
0
0
0
0
0
1
0
52
9
1
9
11
9
9
1
0
0
0
0
0
1
0
52
9
1
9
1
1
0
0
0
0
0
9
0
0
0
0
0
5
1
5
1
0
1
0
0
0
9
1
0
0
0
0
1
0
52
9
1
9
1
1
0
2
0
0
0
1
0
0
0
2
0
5
1
1
0
0
0
0
0
0
0
1
9
2
0
0
0
00
11
9
99
9
0
0
0
0
0
0
0
0
0
1
1
0
0
0
0
0
0
0
0
0
0
0
2
0
0
0
0
0
9
1
0
1
0
0
0
0
0
0
0
1
0
1
09
1
2
9
1
9
1
0
11
9
99
0
0
0
0
0
0
0
0
0
1
1
0
0
0
0
0
0
0
0
0
0
0
2
0
0
0
0
0
9
1
0
1
0
0
0
0
0
0
0
1
0
1
0
0
0
0
0
0
0
0
0
0
0
1
1
0
0
0
0
0
0
0
0
0
0
0
0
2
0
0
0
0
0
0
2
1
1
0
0
1
0
0
0
0
0
0
0
0
0
0
0
0
2
0
0
0
0
0
0
2
1
1
00
0
0
0
0
0
0
0
0
2
1
0
0
0
0
0
0
0
1
9
2
0
0
0
0
0
0
0
0
0