0
0
1
0
1
3
05
9
51
92
112
121
125
155
3
55
3
4
5
9
51
92
112
121
125
0
4
5
9
51
92
112
155
3
0
4
5
9
51
92
112
121
125
153
0
4
5
9
51
92
112
155
21
125
153
0
4
5
9
51
92
112
121
125
153
0
4
5
9
51
92
112
155
3
0
4
5
9
51
92
112
121
125
153
0
4
5
9
51
92
112
2
125
155
3
0
4
5
9
51
92
112
121
123
0
4
5
9
51
92
112
155
3
0
4
5
9
51
92
112
121
125
153
0
4
5
9
51
92
112
155
21
0
1
3
05
9
51
92
112
121
125
155
3
155
3
0
4
5
9
51
92
112
121
125
153
0
4
5
9
51
92
112
155
3
0
4
5
9
51
92
112
121
125
153
0
4
5
9
51
92
112
155
21
125
153
0
4
5
9
51
92
112
121
125
153
0
4
5
9
51
92
112
155
3
0
4
5
9
51
92
112
121112
121
123
0
4
5
9
51
92
112
155
3
0
4
5
9
51
92
112
121
125
153
0
4
5
9
51
92
112
155
21
125
153
0
4
5
9
51
92
112
121
125
153
0
4
5
9
51
92
112
155
3
0
4
5
9
51
92
112
121
1255
21
1
0
4
5
9
51
92
112
155
3
0
4
5
9
51
92
112
121
125
153
0
4
5
9
51
92
112
155
51
125
153
0
4
5
9
51
92
112
121
125
153
0
4
5
9
51
92
112
155
3
0
4
5
9
51
92
112
121
125
153
0
4
5
9
51
92
112
155
21
1
0
4
3
0
4
5
9
51
92
112
121
125
153
0
4
5
9
51
92
112
155
3
0
4
5
9
51
92
112
121
125
153
0
4
5
9
51
92
2
155
21
125
153
0
4
5
9
51
92
112
121
125
153
0
4
5
9
51
92
112
155
3
0
4
5
9
51
92
112
121
125
153
0
4
5
9
51
92
112
2
125
15
3
0
4
5
9
51
92
112
121
123
0
4
5
9
51
92
112
155
3
0
4
5
9
51
92
112
121
125
153
0
4
5
9
51
92
112
155
21
125
153
0
4
5
9
51
92
112
121
125
153
0
4
5
9
51
92
112
155
3
0
4
5
9
51
92
112
121
125
153
0
4
5
9
51
92
112
155
21
1
0
4
5
9
51
92
112
155
3
0
4
5
9
51
92
112
121
125
153
0
4
5
9
51
92
112
155
51
125
153
0
4
5
9
51
92
112
12155
3
0
4
5
9
51
92
112
121
125
153
0
4
5
9
51
92
112
155
515