191
11
020
0
0
0
0
00
0
0
0
0
0
0
0
0
0
0
9
1
92
2
0
10
0
0
0
0
00
0
0
0
0
0
00
0
0
02
1
99
24
2
9
1
9020
00
0
00
0
0
0
0
0
0
0
0
020
0
0
0
00
0
0
0
0
0
0
0
0
4
02
1
99
24
2
9
1
9
1
112
1
512
2
9
1
0
1
2
1
512
0
10
0
0
011
99
120
91
11
20
00
0
0
00
0
0
0
0
0
0
0
0
0
02
1
99
24
2
9
1
9
1
112
11
51
2
9
1
9
1
112
01
552
0
10
00
0
01
9
11
020
0
0
0
00
0
0
0
0
0
0
0
0
0
02
1
99
24
2
9
1
9
1
112
11
512
2
9
1
9
0
112
11
512
0
10
00
0
01
9
11
020
00
0
0
0
0
0
0
0
0
0
00
0
0
0
0
0
2
99
24
2
9
1
9
1
1
11
512
2
9
1
9
1
112
10
00
0
01
9
1
11
20
00
0
0
00
0
0
0
0
0
0
0
0
0
02
1
99
24
2
9
1
9
1020
00
0
0
00
0
0
0
0
0
0
0
0
0
02
1
99
2
011
99120
91
11
020
00
0
0
001
99
24
2
9
1
9
1
0
0
0
0
0
0
0
0
0