1211
911
1911
1
0
11
1
11
9
11
0
2
11
9
11
11
92
2
1
2111
1
0
12
1
1
12
2
11
211
1
11
9
11
0
2
11
9
1
11
92
2
11
211
1
11
91
9211
01
0
2
11
9
11
11
211
0
2
11
9
11
211
1
12
1
2
11
114
1
11
9
11
0
11
9
11
1
91
0
2
11
9
1
11
1
12
1
2
11
2
1
11
9
11
0
2
11
9
11
0
22
12
2
112
1
1
12
2
1
211
1
111
1
11
9
11
0
2
11
9
19
1
10
92
2
11
11
1
0
12
1
1
12
211
1
11
9
11
0
2
11
9
0
2
11
9
11
11
9211
0
2
11
9
11
2
11
211
1
11
1
11
99
11
211
1
12
1
2
11
21154
1
11
9
11
0
2
11
9
11
0
212
12
2
112
1
1
40
2
11
1
19
1
0
11
9
11
11
9
0
2
11
9
11
211
1
12
1
2
11
211
1
11
9
11
0
2
11
9
11
0
212
12
2
112
1
1
1
2
1
211
1
111
1
11
9
11
0
2
1111
1
9
1
11
92
2
11
21911
1
0
12
1
1
12
211
1
11
9
11
0
2
11
1
0
2
11
9
11
11
9291
0
2
11
9
11
2
11
1
1
111
1
11
99
11
211
1
12
1
2
11
2
1
11
9
11
0
2
11
9
1
0
212
12
2
112
1
1
40
2
11
211
1
11
0
2
