0
1
05
9
51
92
112
121
125
155
0
4
5
9
51
92
112
121
125
155
3
0
4
5
9
51
92
112
125
21
2
0
4
5
9
51
92
112
155
3
0
4
5
9
51
92
112
121
125
1535
3
0
4
5
9
51
92
112
125
21
2
0
4
5
9
51
92
112
165
3
0
4
5
9
51
92
112
121
125
153
0
1
3
05
9
51
92
112
121
125
1555
21
2
0
9
51
92
112
155
3
0
4
5
9
51
92
112
121
125
1535
3
0
4
5
9
51
92
112
125
21
2
0
4
5
9
51
92
112
155
3
0
4
5
9
51
92
112
121
125
153
0
1
3
05
9
51
92
112
121
125
1555
21
2
0
4
5
9
51
92
112
15592
112
155
5
51
92
112
121
15125
1
0
4
6
9
51
92
112
155
515