1
9
020
00
0
0
00
0
0
0
0
0
0
0
0
020
00
0
0
00
0
0
0
0
0
0
0
0
0
02
1
99
24
2
9
1
9
1
112
11
512
2
9
1
0
1
112
11
512
0
10
00
0
011
99
120
91
11
020
00
0
0
00
0
0
0
0
0
0
0
0
0
9
1
9
1
112
11
512
2
9
1
9
1
112
11
512
0
10
00
0
01
9
11
020
00
0
0
0
0
0
0
0
0
0
0
0
0
0
0
0
020
0
0
9
11
020
0
1
0
1
112
11
512
0
10
00
0
99
120
91
11
021
112
11
1
99
120
91
11
020
00
0
0
00
0
0
0
0
0
0
0
0
020
00
0
0
00
0
0
0
0
0
0
2
0
10
00
0
011
99
120
91
11
020
00
0
0
00
0
0
0
0
0
0
0
0
0
02
1
99
24
2
9
1
9
1
112
11
512
2
9
1
9
1
112
11
512
0
10
00
0
01
9
11
020
00
0
0
0
0
0
0
0
0
0
0
0
0
0
0
0
02
1
99
24
2
9
1
9
1
112
11
512
2
9
1
9
1
112
11
512
0
10
00
0
01
9
11
020
00
0
0
0
0
0
0
0
0
9
11
020
0
1
0
1
112
11
512
0
10
00
0
011
99
120
91
11
020
00
0
0
00
0
0
0
0
0
0
0
0
0
02
1
99
24
2
9
1
9
1
0
0
00
0
9
11
020
0
10
02
1
99
24
2
9
1
9
1
112
11
512
2
9
1
0
1
112
11
512
0
10
00
0
011
99
120
91
11
020
00
0
0
00
0
0
0
0
0
0
0
0
0
02
1
99
24
2
9
1
9
1
112
11
512
2
9
1
9
1
112
11
0
10
00
0
01
9
11
020
00
0
0
0
0
0
0
0
0
0
0
0
0
0
0
0
02
1
99
24
2
9
1
9
1
112
11
512
2
9
1
9
1
112
11
512
0
10
00
0
01
9
0
0
0
0
0
9
11
020
0
1
0
1
112
11
512
0
10
00
0
011
99
12
020
00
0
0
00
0
0
020
00
0
0
00
0
0
0
0
0
0
0
0
0
0
24
2
9
1
9
1
112
11
512
2
9
1
0
1
112
11
512
0
10
00
0
011
99
120
91
11
020
00
0
0
00
0
0
0
0
0
0
0
0
0
9
1
9
1
112
11
512
2
9
1
9
1
112
11
512
0
10
00
0
01
9
11
020
00
0
0
0
0
0
0
0
0
0
0
0
0
0
0
0
020
012
11
512
5
10
00
0
01
9
11
020
00
0
0
0
0
0
0
0
0
0
0
0
0
0
0
0
02
1
99
24
2
9
1
9
1
112
11
512
2
9
1
9
1
112
11
512
0
10
00
0
01
9
11
020
00
0
0
0
0
0
0
0
0
9
11
020
0
1
0
1
112
91
512
0
10
00
0
011
99
120
91
11
020
00
0
0
00
0
0
0
0
0
0
0
0
02
99
24
2
9
1
9
1
0
0
00
0
9
11
020
0
1
0
1
112
11
512
0
10
00
01
9
1
112
11
512
2
9
1
0
1
112
512
0
10
00
0
011
99
11
11
020
00
0
0
00
0
0
0
0
0
0
0
0
0
02
1
99
24
2
9
1
9
1
112
11
512
2
9
1
9
1
112
11
512
0
10
00
0
01
9
11
020
00
0
0
0
0
0
0
0
0
0
0
0
0
0
0
0
02
1
99
24
2
9
1
9
1
1
2
9
1
9
1
112
11
512
0
10
00
0
01
9
11
020
00
0
0
0
0
0
0
0
0
9
11
020
0
1
0
1
112
11
512
0
10
00
0
011
99
120
91
11
020
00
0
0
00
0
0
0
0
0
0
0
0
0
02
1
99
24
2
9
1
9
1
0
0
00
0
9
11
020
0
1
0
1
112
11
512
0
10
00
0
011
99
120
91
11
0
0
00
0
0
0
0
512
2
9
1
0
1
112
11
512
0
10
00
0
011
99
120
91
11
020
00
0
0
00
0
0
0
0
0
0
0
0
0
02
1
99
24
2
9
1
9
1
112
11
512
2
1
99
24
2
9
1
9
1
0
0
0
0
0
0
0
0
0
0
0