
2
1
5
1
0
0
11
0
0
11
0
1
5
1
0
0
112
9
11
0
01
9
11
0
0
11
1
2
1
5
1
0
0
112
9
11
0
01
9
11
0
0
11
1
2
11
9
0
15
1
5
1
0
01
9
0
11
0
01
9
11
0
0
1
1
11
0
01
9
1
1
2
11
9
0
15
1
5
1
0
01
9
0
15
1
5
1
0
0
01
9
11
0
0
11
1
2
1
5
1
0
0
112
9
11
0
01
9
9
11
0
0
11
1
2
11
9
11
0
01
9
11
0
0
11
05
1
5
1
15
1
5
1
0
0
22
9
11
0
0
11
1
0
0
9
0
15
1
5
1
0
0
9
0
15
1
5
1
0
0
111
9
11
0
0
11
0
0
10
01
9
11
0
0
11
1
2
11
9
0
5
1
5
1
0
01
9
0
15
1
5
1
0
0
01
9
11
0
0
11
1
2
1
5
1
0
0
11
0
0
11
1
2
11
9
0
15
1
2
1
5
1
0
0
112
9
11
0
01
9
11
0
0
11
1
2
11
9
0
15
1
5
1
0
01
9
0
15
1
5
1
0
0
01
9
11
0
0
11
1
2
1
5
1
0
0
112
9
11
0
02
9
11
0
0
11
1
2
11
9
0
15
1
5
1
0
01
9
0
15
1
5
1
0
0
9
0
15
1
5
1
0
01
9
0
15
1
5
1
0
0
111
9
11
0
0
11
0
0
11
05
1
5
1
0
9
1
9
11
0
0
9
11
11
0
10
95
0
1
1
0
