1
20
9
0
00
00
0
0
0
0
0
0
0
0
0
0
0
0
0
1
00
0
011
99
91
11
00
0
0
00
0
0
0
0
0
000
0
0
02
1
99
24
2
9
1
9
1
112
1
5110
00
0
019
11
020
00
0
0
0
0
0
0
0
0
0
0
0
0
0
0
0
00
0
011
99
120
91
1
0200
0
00
0
0
0
0
0
0
0
0
0
2
1
9
24
2
9
1
9
1
0
1
0
0
0
0
0
0
0
0
0
0
002
9
1
9
1
12
11
5
0
10
01
9
0
0
0
0
9
11
20
00
0
0
0
0
0
1
2
9
1
9
1
112
11
512
0
10
00
0
019
11
020
0
0
0
0
0
0
0
0
0
0
0
0
0
0
0
0
0
0
10
00
0
010
00
0
0
00
0
0
0
0
0
0
0
0
0
0
1
99
24
2
9
1
9
1
0
0
00
0
9
11
20
0
1
0
0
0
0
0
0
0
0
0
0