1
9
50
11
0
01
9
11
0
0
11
1
2
1
5
1
5
1
0
0
112
9
1
1
0
01
2
9
11
0
01
9
11
0
0
11
1
2
101
501
9
11
0
0
11
1
2
11
9
0
15
1
5
1
0
01
2
9
111
1
2
101
9
11
0
01
9
11
0
0
11
05
1
5
1
0
05
1
0
0
1
02
9
11
0
01
9
11
0
0
11
0
15
1
5
0
0
0
111
9
11
0
0
11
0
5
1
5
1
0
0
112
9
11
0
01
9
11
0
0
11
1
2
1
5
1
0
0
112
9
11
0
01
9
11
0
0
11
1
2
11
9
0
15
1
5
1
0
01
2
9
11
0
01
9
11
0
0
11
1
2
101
9
11
0
01
9
11
0
0
11
05
1
5
1
0
05
1
0
0
1121
0
0
11
2
9
11
0
0
1
2
11
9
0
15
1
5
1
0
0
0
1121
0
0
11
05
1
5
1
0
0
112
9
11
0
01
9
11
0
0
11
1
2
1
5
1
0
1
2
11
9
0
15
1
5
1
0
01
2
9
11
0
01
9
11
0
0
11
1
2
101
9
11
0
01
9
11
0
0
11
05
1
5
1
0
05
1
0
00
112
0
112
9
11
0
01
9
11
0
0
110
11
1
0
1121
0
0
11
05
1
5
1
0
0
112
9
11
0
01
9
11
0
0
11
1
2
1
5
1
0
0
112
9
11
0
01
9
411
0
0
11
1
2
11
9
0
15
1
5
1
1
9
0
15
1
5
1
0
01
2
9
11
09
11
0
01
9
11
0
0
11
1
2
1
15
1
5
1
0
01
9
0
15
1
5
1
0
0
111
9
11
0
0
11
0
05
1
5
1
0
0
112
9
11
0
01
9
11
0
0
11
1
2
1
5
1
0
0
112
11
9
0
01
9
11
0
0
11
1
2
11
9
0
15
1
5
1
0
01
2
9
11
0
01
9
11
0
0
11
1
2
101
9
11
0
01
9
11
0
0
11
05
1
5
1
0
05
1
0
0
1
02
9
11
0
01
9
11
0
0
11
0
15
1
5
0
0
0
111
9
11
0
0
11
0
5
1
5
1
0
0
112
9
11
0
01
9
11
0
0
11
1
2
1
5
1
0
0
112
9
11
0
01
9
11
0
0
11
1
2
11
9
0
15
1
5
1
0
01
2
9
11
0
01
9
11
0
0
11
1
2
101
9
11
0
01
9
11
0
0
11
05
1
5
1
0
05
1
0
0
10
112
9
11
0
01
9
11
0
0
11
1
2
1
5
1
0
1
2
11
9
0
15
1
5
1
0
01
2
9
11
0
01
9
11
0
0
11
1
2
101
9
11
0
01
9
11
0
0
11
05
1
5
1
0
05
1
0
00
112
0
112
9
11
0
01
9
11
0
0
110
11
1
0
1121
0
0
11
05
1
5
1
0
0
112
9
11
0
01
9
11
0
0
11
1
2
1
5
1
0
0
112
9
11
0
01
9
11
0
0
11
1
2
11
9
0
15
1
5
1
1
9
0
15
1
5
1
0
01
2
9
11
0
01
9
11
0
0
11
1
2
101
9
11
0
01
9
11
0
0
11
05
1
5
1
0
011
0
0
11
05
10
0
112
9
11
0
01
9
11
0
0
11
1
25
1
5
1
0
0
1
01
9
11
0
0
11
1
2
1010
0
112
9
11
0
01
9
11
0
0
11
1
2
1
15
1
5
1
0
01
9
0
15
1
5
15
1
5
1
0
0
112
9
11
0
01
9
11
0
0
11
1
2
1
5
1
0
0
112
11
9
0
01
9
11
0
0
11
1
2
11
9
0
15
1
5
1
0
01
2
9
11
0
01
9
11
0
0
11
1
2
101
9
11
0
01
9
11
0
0
11
05
1
5
1
0
05
1
0
0
1
02
9
11
0
01
9
11
0
0
11
0
15
1
5
0
0
0
111
9
11
0
0
11
0
5
1
5
1
0
0
112
9
11
0
01
9
11
0
0
11
1
2
1
5
1
0
0
112
9
11
0
01
9
11
0
0
11
1
2
11
9
0
15
1
5
1
0
01
2
9
11
0
01
9
11
0
0
11
1
2
101
9
11
0
01
9
11
0
0
11
05
1
5
1
0
05
1
0
0
1121
0
0
11
2
9
11
0
0
1
2
11
9
0
15
1
5
1
0
0
0
1121
0
0
11
05
1
5
1
0
0
112
9
11
0
01
9
11
0
0
11
1
2
1
5
1
0
1
2
11
9
0
15
1
5
1
0
01
2
9
11
0
01
9
11
0
0
11
1
2
101
9
11
0
01
9
11
0
0
11
05
1
5
1
0
05
1
0
00
112
0
112
9
11
0
01
9
11
0
0
110
11
1
0
1121
0
0
11
05
1
5
1
0
0
112
9
11
0
01
9
11
0
0
11
1
2
1
5
1
0
0
112
9
11
0
01
9
11
0
0
11
1
2
11
9
0
15
1
5
1
1
9
0
15
1
5
1
0
01
2
9
11
0
01
9
11
0
0
11
1
2
101
9
11
0
01
9
11
0
0
11
05
1
5
1
0
05
1
0
0
1121
0
0
11
05
1
5
1
0
0
112
9
11
0
0
1
2
11
9
0
15
1
5
1
0
01
9
0
15
1
5
1
0
0
111
9
11
0
0
11
0
0
11
05
1
5
1
0
0
11
1
2
1
5
1
0
0
1121
0
0
11
05
1
11
0
01
9
11
0
0
01
9
11
0
0
1115
1
1