1
99
10
9
1
9
1
0
0
0
0
0
00
0
0
0
0
0
0
10
00
0
011
99
120
91
11
020
00
0
0
00
0
0
0
0
0
0
0
0
0
02
1
99
24
2
9
1
9
1
0
0
00
0
9
11
020
0
1
0
1
112
1
10
00
0
011
99
120
91
91
020
00
0
0
00
0
0
0
0
0
0
0
0
0
02
1
99
24
2
9
1
9
1
112
11
511
512
0
10
00
0
01
9
1
2
9
1
9
1
0
0
10
00
0
011
99
120
91
11
020
00
0
0
5
10
00
0
011
99
150
91
11
020
00
0
0
00
0
0
0
0
0
0
0
0
04
2
9
1
9
1
0
0
0
0
0
0
00
0
0
0
0
1
0
0
0
0
0
0
0
00
0
0
0
0
0
0
0
10
00
0
011
99
91
11
020
00
0
0
00
0
0
0
0
0
0
0
0
0
02
1
99
24
2
9
1
9
1
0
0
00
0
9
11
020
0
1
0
1
112
11
10
00
0
011
99
120
91
91
020
00
0
0
00
0
0
0
0
0
0
0
0
0
02
1
99
24
2
9
1
9
1
112
11
511
512
0
10
00
0
01
9
1
2
9
1
9
1
0
0
10
00
0
011
99
120
91
11
020
00
0
0
5
10
00
0
011
99
120
91
11
0
00
0
0
00
0
0
0
0
0
0
0
0
04
2
9
1
9
1
0
0
0
0
0
0
0
0
0
0
0
1
0
0
0
0
0
0
0
00
0
0
0
0
0
0
0
10
00
0
011
99
120
91
11
020
00
0
0
00
0
0
0
0
0
0
0
0
0
02
1
99
24
2
9
1
9
1
0
0
00
0
9
11
020
0
1
0
1
112
11
10
00
0
011
99
120
91
91
020
00
0
0
00
0
0
0
0
0
0
0
0
0
02
1
99
24
2
9
1
9
1
112
11
511
512
0
10
00
0
01
9
1
2
9
1
9
1
0
0
10
00
0
011
99
120
91
11
020
00
0
0
5
10
00
0
011
99
150
91
11
020
00
0
0
00
0
0
0
0
0
0
0
0
04
2
9
1
9
1
0
0
0
0
0
0
00
0
0
0
0
1
0
0
0
0
0
0
0
00
0
0
0
0
0
0
0
10
00
0
011
99
120
91
11
020
00
0
0
00
0
0
0
0
0
0
0
0
0
02
1
99
24
2
9
1
9
1
0
0
00
0
9
11
020
0
1
0
1
112
11
10
00
0
011
99
120
91
91
020
00
0
0
00
0
0
0
0
0
0
0
0
0
02
1
99
24
2
9
1
9
1
112
11
511
512
0
10
00
0
01
9
1
2
9
1
9
1
0
0
100
0
011
99
120
91
11
020
00
0
0
5
10
00
0
011
99
120
91
118
1
5
3
4
0
00
0
0
0
0
0
0
0
0
04
2
9
1
9
1
0
0
0
0
0
0
0
0
0
0
0