1
99
120
0
0
0
0
0
04
2
9
1
9
1
0
0
0
0
0
0
0
0
0
0
0
1
0
0
0
0
0
0
0
00
0
0
0
0
0
0
0
10
00
0
011
99
120
91
11
020
00
0
0
0
00
0
0
0
0
0
0
0
0
02
1
99
24
2
9
1
9
0
0
0
00
0
9
11
020
0
1
0
1
112
11
10
00
0
011
99
120
91
91
020
00
0
0
00
0
0
0
0
0
0
0
0
0
02
1
99
2
9
1
112
11
511
512
0
10
00
0
01
9
1
2
9
1
9
10
0
10
00
0
011
99
120
91
11
00
0
5
10
00
0
011
99
150
91
11
020
00
0
0
00
0
0
0
0
0
0
0
0
04
2
9
1
9
1
0
0
0
0
0
0
00
0
0
0
0
1
0
0
0
0
0
0
0
00
10
00
0
99
120
91
11
020
00
0
0
00
0
0
0
0
0
0
0
0
0
02
1
99
24
2
9
1
9
1
0
0
00
0
9
19
020
0
1
0
112
11
1111
99
120
91
91
020
00
0
0
00
0
0
0
0
0
0
0
0
0
02
1
99
9
1
812
11
512
2
9
1
9
1
112
11
5
0
10
00
0
01
9
01
020
00
0
0
0
00
0
0
0
0
0
0
02
1
99
24
2
9
1
9
1
112
11
0
0
0
0
0
0
0
0
0
0
0
0
0
02
1
99
24
2
9
1
9
1
111
11
512
2
9
1
9
1
121
11
512
0
0
00
0
01
9
0
00
0
0
0
0
020
00
0
0
00
0
0
0
0
0
0
0
0
0
02
1
99
24
2
9
1
9
1
112
11
5112
5
0
10
00
0
01
9
11
020
00
0
0
0
0
0
0
0
0
0
0
0
0
0
0
0
02
1
99
24
2
9
1
9
1
112
11
0
0
0
0
0
0
0
0
0
0
0
0
0
02
5
99
24
2
9
1
9
1
112
11
512
2
9
1
9
1
121
22
512
0
10
00
0
01
9
11
020
00
0
0
0
000
0
0
00
0
0
0
0
0
0
0
0
0
02
1
99
24
2
9
1
9
1
0
0
00
1
020
0
10
02
1
9
24
2
9
1
9
1
112
11
512
2
9
1
0
1
112
11
512
0
09
00
0
011
99
120
91
11
00
0
0
00
0
0
0
0
0
0
0
0
0
02
1
99
24
2
9
1
9
1
112
11
512
2
91
9
1
0
0
0
0
0
0
0
0
0
0
0
1
0
00
0
0
0
0
0
0
0
10
00
0
011
99
120
91
11
020
00
0
0
00
0
0
0
0
0
0
0
0
0
02
1
99
24
2
9
1
9
0
0
0
00
0
9
11
00
0
1
0
1
112
11
10
00
0
011
99
120
91
91
020
00
0
0
00
0
0
0
0
0
0
0
0
0
02
1
99
24
2
9
1
9
1
112
11
511
512
0
10
00
0
01
9
1
2
9
1
9
1
0
0
10
00
0
011
99
120
91
11
020
00
0
0
5
1099
150
91
11
020
00
0
0
00
0
0
0
0
0
0
0
0
04
2
9
1
0
0
00
0
0
0
0
0
0
0
10
00
011
99
120
91
11
020
00
0
0
00
0
0
0
0
0
0
0
0
0
02
1
99
24
2
9
1
9
1
0
00
0
9
10
0
1
0
1
112
11
10
00
0
011
99
120
91
91
020
00
0
0
00
0
0
0
0
0
0
0
0
0
02
1
99
9
1
112
11
2
215
9
1
9
1
112
11
5
0
10
00
0
01
9
11
0
0
02
1
99
24
2
9
1
9
1
112
11
0
0
0
0
0
0
0
0
0
0
0
0
0
02
1
99
1
121
11
512
0
10
00
0
01
9
11
020
00
0
0
0
0
0
0
0
0
9
9
11
0
020
00
0
0
00
0
0
0
0
020
00
0
0
009
1
112
11
512
2
9
1
9
1
112
11
5
0
10
00
0
01
9
11
020
00
0
0
0
0
0
0
0
0
0
0
0
0
0
0
0
02
1
99
24
2
9
1
9
1
112
11
0
0
0
0
0
0
0
0
0
0
020
00
0
0
0
0
0
0
0
0
9
11
020
0
27
14
1
0
1
112
11
512
0
10
0
0
00
0
0
0
0
00
0
0
0
0
0
0
0
0
02
1
99
24
2
9
1
9
1
112
11
512
2
9
1
9
1
112
11
5
0
22
110
00
0
01
9
11
020
00
0
0
0
0
0
0
0
0
0
0
1
0
9
2
1
9
1
4
12
104
