1061
0
0
11
05
1
5
1
0
0
9
1
0
114
0
11
1
05
1111
9
11
0
0
11
0
0
15
1
5
1
11
05
1
5
1
0
0
112
9
11
0
01
9
10
11
1
2
11
9
11
0
01
9
11
0
0
11
0
0
11
1
2
1
5
1
0
0
112
9
11
0
01
9
11
01
05
1
5
1
0
0
111
9
11
0
0
0
112
9
1
0
01
9
10
11
1
2
11
9
11
0
01
9
11
0
0
11
0
0
11
1
2
1
5
1
0
0
112
9
12
0
01
9
11
0
05
1
5
1
0
0
111
9
11
0
0
11
01111
8
1
0
110
0
11
1
5
11
1
00
0
11
05
1
5
1
0
0
2
9
11
0
01
9
10
11
1
2
11
9
1
0
01
9
11
0
0
1
0
0
11
1
2
1
+5
1
0
0
112
9
11
0
01
9
11
0
11
0
0
111
8
11
0
0
11
0
11
0
0
11
00
111
05
1
02
1111
9
1
0
110
0
11
1
05
11
