1
99
120
91
11
020
00
0
0
00
0
0
0
0
0
0
0
0
020
00
0
0
00
0
0
0
02
9
1
9
1
112
11
512
2
9
1
0
1
112
11
512
00
00
00
00
0
0
0
0
0
0
0
0
0
02
1
99
24
2
9
1
9
1
112
11
512
2
9
1
9
1
112
11
512
0
10
00
0
01
9
11
020
00
0
0
0
0
0
0
0
0
0
0
0
0
9
4
2
9
1
9
1
112
11
512
2
9
1
0
1
112
11
512
0
10
00
0
011
99
120
91
11
020
00
0
0
00
0
0
0
0
0
0
0
0
0
02
1
99
24
2
9
1
9
1
11
211
512
2
9
1
9
112
11
512
0
00
0
01
9
11
020
00
0
0
0
0
0
0
0
0
0
0
0
0
0
0
0
02
1
9
24
2
9
1
9
1
112
11
512
2
9
1
9
1
112
11
512
0
10
00
0
01
9
11
020
00
0
0
0
0
0
0
0
0
9
11
020
0
1
0
1
112
11
512
0
10
00
0
011
99
120
91
11
020
00
0
0
00
0
0
0
0
0
0
0
0
0
02
1
99
24
2
9
1
9
1
0
0
00
0
9
11
020
0
1
0
1
112
11
512
0
10
00
0
011
99
120
91
11
020
00
0
0
00
0
0
0
0
512
2
9
1
0
1
112
19
512
0
10
00
0
011
99
120
91
11
020
00
0
0
00
0
0
0
0
0
0
0
0
0
02
1
99
24
2
9
1
9
1
112
11
512
2
9
1
9
1
112
11
512
0
10
00
0
01
9
11
020
00
0
02
9
1
9
1
111
1
2512
2
9
1
9
1
112
11
512
0
10
00
0
01
9
11
020
00
0
0
0
0
0
0
0
0
9
11
020
0
1
0
1
112
11
512
0
10
00
0
011
99
120
91
112
020
00
0
0
0
0
0
0
0
0
0
0
0
0
02
1
99
24
2
9
1
9
1
0
0
00
0
9
11
020
0
00
0
0
0
0
0
0
0
0
9
11
020
11
512
0
10
00
0
011
99
120
91
11
020
00
0
0
00
00
0
0
0
02
1
99
24
2
9
1
9
1
112
11
512
2
9
1
0
01
9
11
0
0
0
0
0
0
0
0
0
0
0
0
0
0
02
1
99
24
2
9
1
9
1
112
11
512
2
9
1
9
1
112
11
512
0
10
00
0
01
9
11
020
00
0
0
0
0
0
0
0
0
9
11
020
0
1
0
1
112
11
512
0
10
0
0
011
99
120
91
11
020
00
0
0
00
0
0
0
0
0
00
0
0
02
1
99
24
2
9
1
9
1
0
0
00
1
11
20
0
0
00
0
0
0
0
512
2
9
1
0
1
112
11
512
0
10
00
0
011
99
120
91
11
020
00
0
0
00
0
0
0
27
17
22
11
9
16
20
8
12
3
5
42
4112
11
512
2
9
1
9
1
112
11
512
0
10
00
0
04
9
11
020
00
0
0
0
0
0
0
0
0
0
0
0
0
0
0
0
02
1
99
24
2
9
1
9
1
11
512
2
9
1
9
1
112
11
512
0
10
00
0
01
9
11
020
00
0
0
0
0
0
0
0
020
0
1
0
1
112
11
512
0
10
00
0
011
99
120
0
0
00
0
0
0
1
0
0
0
0
0
02
1
99
24
2
9
1
9
1
0
0
0
0
9
11
020
0
1
0
1
112
11
512
0
10
00
0
011
99
120
91
11
020
00
0
0
0
0
0
0
0
0
0
0
0
02
1
99
2
011
99
120
91
11
02
0
0
0
02
1
99
24
2
9
1
9
1
0
0
0
0
0
0
0
0
0
0
0