1
11
1
2
0
0
0
0
0
0
0
0
0
4
0
0
0
0
0
0
0
0
0
2
0
0
0
0
0
0
0
0
0
8
0
0
0
0
0
0
0
0
0
02
0
0
0
0
0
0
0
0
0
4
0
0
0
0
0
0
0
00
0
0
0
0
0
0
0
1
2
0
0
0
0
04
0
0
0
0
0
0
0
0
2
0
0
0
0
0
0
0
0
0
8
0
0
0
0
0
0
0
0
0
02
0
0
0
0
0
0
0
0
0
4
0
0
0
0
0
0
0
0
0
2
0
0
0
0
0
0
0
0
0
7
0
0
0
0
0
0
0
0
0
0
2
0
0
0
0
0
0
0
0
0
4
0
0
0
0
0
0
0
0
0
2
0
0
0
0
0
0
0
0
0
8
0
0
0
0
0
0
0
0
4
0
0
0
0
0
0
0
0
0
2
0
0
0
0
0
0
0
0
0
7
0
0
0
0
0
0
0
0
0
0
2
0
0
0
0
0
0
0
0
0
4
0
0
0
0
0
0
0
0
0
2
0
0
0
0
0
0
0
0
0
8
0
0
0
0
0
0
0
0
0
02
0
0
0
0
0
0
0
8
0
0
0
0
0
0
0
0
0
02
0
0
0
0
0
0
0
0
0
4
0
0
0
0
00
0
0
0
0
0
0
2
0
0
0
0
0
0
0
0
0
8
0
0
0
0
0
0
0