1
99
120
91
11
020
00
512
0
0
011
9911
020
00
0
00
0
0
0
0
0
0
0
0
020
00
0
0
0
0
0
0
0
20
00
0
0
00
0
0
0
0
0
0
0
0
0
0
1
99
24
2
9
1
9
1
112
11
512
2
9
1
9
1
112
11
5
0
10
00
0
01
9
11
20
00
0
0
0
0
0
0
0
0
0
0
0
0
0
0
0
01
9
24
2
9
1
9
1
112
11
0
0
0
0
0
0
0
0
0
0
0
0
02
1
99
24
2
949
2
2
9
9
10
00
0
0
5
0
0
0
00
0
02
1
99
4
2
9
1
9
1
112
11
512
2
9
1112
11
5
0
1
00
0
01
91
020
00
0
0
0
0
0
0
0
0
0
0
0
0
0
02
1
99
24
2
9
1
9
1
112
11
0
0
0
0
0
0
0
0
02
1
99
2
9
11
020
00
0
0
0
0
0
0
0
0
0
0
00
0
0
0
02
2
9
1
9
1
112
11
0
0
0
0
0
0
0
0
0
0
0
9122
1
5
0
10
0
01
9
020
00
0
0
0
0
0
0
0
0
0
0
0
0
0
0
0
02
199
1
9
1
112
11
0
0
0
0
0
0
0
0
0
0
0
0
4
02
1
99
2
9
1
10
0
0
0
0
0
0
0
0
0
0
0
0
0
0
02
1
99
24
2
9
1
90
0
0
0
0
0
0
0
0
0
0
912
0
0
02
1
9
24
2
9
1
9
1
1
1
1
1
9
1
9
1
1
9
1
1
1
9
1
28
22
11
512
2
9
1
9
10
0
0
0
0
