1
9
50
9
11
0
0
11
1
2
1
5
1
0
0
1121
0
0
11
05
1
5
1
0
0
112
9
1
5
1
0
0
112
9
01
9
111
9
50
9
11
0
0
11
1
21
05
1
5
1
0
0
112
9
11
0
01
9
11
0
0
11
1
2
1
0
11
5
1
5
1
01
05
1
5
1
0
0
112
0
01
9
11
0
0
11
1
2
1
5
1
0
0
0
0
11
1
2
11
9
0
15
1
5
1
0
02
9
0
15
1
5
1
0
0
111
9
119
11
0
01
1
11
0
0
11
1
2
1
5
1
0
0
112
9
11
0
01
9
11
0
0
110
11
1
2
11
9
11
0
01
9
11
0
0
11
1
2
1
5
1
0
0
112
9
11
0
01
9
11
0
0
11
1
2
11
9
0
15
1
5
1
0
01
2
9
11
0
01
9
11
0
0
11
1
2
101
9
11
0
01
9
11
0
0
11
05
1
5
1
0
05
1
0
0
0
1121
0
0
11
05
9
11
0
0
11
1
2
1
5
1
0
1
2
11
9
0
15
1
5
1
0
01
2
9
11
0
01
9
11
0
0
11
1
2
101
9
11
0
01
9
1
0
0
11
05
1
5
11
0
0
11
050
0
112
9
11
0
01
9
11
0
0
11
1
2
1
5
1
5
1
5
1
0
0
11
1
2
1
5
1
0
0
1121
0
0
11
05
1
5
1
0
0
112
9
11
0
01
9
11
0
0
11
1
20
0
112
9
11
0
01
9
11
0
0
110
11
1
2
11
9
0
15
1
5
1
0
01
91
1
2
1
5
1
0
0
112
9
11
0
01
9
11
0
0
11
1
2
11
9
0
15
1
5
1
0
01
2
9
11
0
1
05
1
5
1
0
0
112
9
11
0
0
1
2
10
9
0
15
1
5
1
0
01
9
021
0
0
11
05
1
5
1
0
0
112
9
1
1
0
01
2
9
11
0
01
9
11
0
0
0
0
11
05
1
5
1
0
05
1
0
0
1121
0
0
11
05
1
5
1
0
0
112
9
11
0
01
9
11
0
0
11
1
2
1
5
05
1
5
1
0
0
112
9
11
5
1
0
0
10
01
9
1
0
0
11
1
2
1
5
1
0
0
0
0
11
1
2
11
9
0
15
1
5
1
0
01
9
0
15
1
5
1
0
0
111
9
11
0
0
11
0
0
11
050
0
112
9
11
0
01
9
11
0
0
11
1
2
1
5
1
0
0
112
9
2
0
0
11
1
2
1
5
1
0
0
1121
0
0
11
05
1
5
0
0
0
112
9
11
0
01
9
11
0
0
11
1
2
1
5
1
0
0
113
9
11
0
01
9
11
0
0
11
1
2
11
9
0
15
9
11
9
11
0
0
11
05
1
5
1
0
05
1
0
0
1121
0
0
11
2
9
11
0
0
1
2
11
915
1
5
1
0
0
111
9
11
0
0
11
0
0
11
05
1
5
1
012
9
11
0
01
9
11
0
0
11
1
2
1
5
1
0
1
2
11
9
0
15
1
5
1
0
01
2
9
11
0
01
9
11
0
0
11
1
2
101
9
11
011
1
2
1
5
1
0
0
112
9
11
0
01
9
11
0
0
11
1
2
11
9
0
151
05
1
5
1
0
0
112
9
11
0
0
1
2
11
9
0
15
1
5
1
0
01
9
0
15
1
5
1
0
5
1
0
0
112
9
1
1
0
01
2
9
11
0
01
9
11
0
0
11
1
2
101
9
11
0
01
9
11
0
0
11
05
1
5
1
0
05
1
0
0
1121
0
0
11
05
1
5
1
0
0
112
9
11
0
01
9
11
0
0
11
1
2
1
5
05
1
5
1
01
10
2
9
11
0
01
9
1
1
2
11
9
0
15
1
1