1
91
11
020
0
0
0
00
0
0
0
0
0
0
0
0
020
00
0
0
00
0
0
0
0
0
0
0
2
9
1
9
1
112
11
52
12
9
1
0
1
112
11
512
0
10
0
0
011
99
120
91
11
020
0
00
0
0
0
0
0
0
0
0
02
1
99
24
2
9
1
9
1
112
1
513
2
9
1
9
1
112
11
51
0
10
00
0
1
9
1
020
00
2
0
10
00
0
011
99
120
91
1
00
0
0
00
1
0
0
0
0
0
0
0
0
02
1
99
24
2
9
1
9
1
10
0
0
0
0
0
0
0
020
00
0
0
00
0
0
0
0
0
0
0
2
1
9
2
9
1
9
1
112
11
12
2
9
1
0
1
056
11
512
0
10
00
0
011
99
120
91
11
020
0
0
00
0
0
0
0
0
0
0
0
0
0
0
2
9
1
9
1
512
11
512
2
9
1
0
1
112
11
512
0
10
00
0
011
99
120
91
11
020
00
0
0
0
0
0
0
0
0
0
02
1
99
24
2
9
1
9
1
112
11
512
2
9
1
9
1
112
1
512
0
10
00
0
01
9
11
020
00
2
0
10
00
0
011
99
120
91
11
020
00
0
0
00
0
0
0
0
0
0
0
0
0
02
1
99
242
9
1
9
1
0
0
0
0
0
0
0
0
020
0
0
0
0
0
0
0
0
0
02
1
1
0
0
0
0
0
0
0
0