6
2
9
1
0
5
1
1
1
1
8
1
7
0
5
1
2
1
1
1
1
2
1
9
1
0
5
1
1
1
11
7
0
5
1
2
1
1
1
1
9
1
0
5
1
1
1
1
1
8
1
7
0
5
1
2
1
1
9
9
5
1
1
1
5
5
1
1
1
0
0
1
9
0
0
0
5
0
0
0
0
10
0
0
0
0
0
0
0
1
1
5
1
0
0
1
2
0
0
11
0
0
2
1
5
1
01
9
2
1
9
0
0
0
0
2
4
0
9
0
0
0
0
1
1
5
1
0
0
01
0
0
9
0
2
12
9
1
9
1
3
19
4
0
9
1
0
1
0
0
0
0
0
0
0
0
0
0
0
1
9
0
0
0
5
0
0
0
0
0
9
1
0
1
0
0
0
0
0
0
0
0
0
1
1
5
1
0
0
4
0
1
0
0
0
0
0
0
0
0
0
0
0
1
9
0
0
0
5
0
0
0
0
10
0
0
0
0
0
0
0
1
1
5
9
1
9
1
9
5
4
3
1
9
1
0
5
1
1
1
1
8
1
7
05
1
2
1
1
1
1
5
0
0
0
1
0
0
0
0
0
0
0
01
2
1
1
1
1
2
1
9
1
0
5
1
1
1
1
8
1
7
0
5
1
2
1
1
1
1
9
1
0
5
1
1
1
1
8
1
7
0
5
1
2
1
1
8
1
9
9
5
1
0
4
9
1
0
5
1
1
1
1
8
1
7
0
5
1
2
1
1
8
1
9
9
5
1
1
1
5
6
3
1
9
1
0
5
1
1
1
1
8
1
7
0
5
1
2
1
1
1
1
2
1
9
1
0
5
1
1
1
1
8
1
7
0
5
1
2
1
1
1
1
9
1
0
5
1
1
1
1
8
1
7
0
5
1
2
1
1
8
1
93
9
150
5
0
0
0
0
1
1
5
1
0
0
0
0
0
0
2
1
5
1
01
9
2
1
9
0
0
0
0
2
1
9
1
9
4
0
9
4
0
9
1
0
1
0
0
0
0
0
0
0
0
0
0
0
1
9
0
0
0
5
0
0
0
0
10
0
0
0
0
0
0
0
1
1
5
1
0
0
1
2
0
0
11
0
0
2
1
5
1
01
9
2
1
9
0
0
0
0
2
4
0
9
4
0
9
1
0
1
0
0
0
0
0
0
0
0
0
0
0
1
9
0
0
0
0
1
1
5
180
0
1
2
0
0
11
0
0
2
1
5
1
01
9
2
1
9
0
0
0
0
2
4
0
9
4
0
9
1
0
1
0
0
0
0
0
0
0
0
0
0
0
1
9
0
2
1
6
5
9
4
3
1
1
5
1
0
0
0
0
0
0
2
1
5
1
9
0
0
0
0
2
1
9
1
9
4
0
9
4
0
9
1
0
1
0
0
0
0
0
0
0
0
0
0
0
1
9
0
0
0
5
0
0
0
0
10
0
0
0
0
0
0
0
1
1
5
1
0
0
1
2
0
0
11
0
0
2
1
5
1
01
9
2
1
9
0
0
0
0
2
4
0
9
4
0
9
1
0
1
0
0
0
0
0
0
0
0
0
0
1
3
1
9
1
9
1
9
1
9
1
3
1
9
1
9
1
9
1
9
1
30
0
1
1
5
1
0
0
4
0
9
4
0
9
1
0
1
0
0
0
0
0
0
0
0
0
1
1
0
0
0
0
0
1
95
1
0
0
1
2
0
0
11
0
0
2
1
5
1
01
9
2
1
9
0
0
0
0
2
4
0
9
1
2
1
1
11
0
5
1
1
1
1
8
1
7
0
5
1
2
1
1
1
1
2
1
9
1
0
5
1
1
1
1
8
1
7
0
5
1
2
1
1
1
1
9
1
0
5
1
1
1
1
8
1
1
8
1
7
0
5
1
2
1
1
8
1
9
9
5
1
0
4
1
1
1
1
8
1
7
0
5
1
2
1
1
8
1
9
9
5
1
1
1
5
5
1
1
1
1
8
1
7
5
1
99
0
4