2
0
0
0
0
0
0
0
00
0
0
0
0
0
0
0
0
0
0
0
00
0
0
0
0
0
0
00
0
0
0
00
0
0
0
119
0
0
00
0
0
0
0
0
0
0
00
91
9
0
0
0
0
00
0
0
0
091
91
0
0
0
0
00
0
0
0
0
90
0
0
0
0
0
0
0
0
0
00
0
0
0
0
0
0
0
0
0
00
0
0
0
0
0
0
00
0
0
0
00
0
0
0
119
0
0
00
0
0
0
0
0
0
0
00
91
9
0
0
0
0
00
0
0
0
091
91
0
0
0
0
00
0
0
0
000
9
0
0
0
0
0
0
0
0
0
0
0
0
0
0
00
0
0
0
00
0
0
0
119
0
0
00
0
0
0
0
0
0
0
00
91
9
0
0
0
0
00
0
0
9
0
0
0
0
0
0
0
0
0
0
0
0
0
0
0
0
0
0
00
0
0
0
0
0
0
00
000
0
0
1
0
0
0
0
0
0
0
0
0
120
0
00
0
0
0
0
0
0
0
0
019
0
0
00
0
0
0
0
0
0
0
00
0
0
0
00
01
9
0
0
0
0
00
0
0
0
0
0
0
0
0
00
0
0
0
0
0
0
0
0
0
0
0
0
000
1
0
0
0
00
0
0
0
120
0
0
0
0
0
0
0
0
0
000
0
0
0
00
0
0
0
9
1
5
3