0
09
51
92
112
121
125
155
3
55
3
0
4
5
9
51
92
112
121
125
153
0
4
5
9
51
92
112
15
3
0
4
5
9
51
92
112
121
125
153
0
4
5
9
51
92
112
155
21
125
153
0
4
5
9
51
92
112
121
125
153
0
4
5
8
51
92
112
121
125
153
0
4
5
9
51
92
112
2
125
155
3
0
4
5
9
51
92
112
121
123
0
4
5
9
51
92
112
155
3
0
4
5
9
51
92
112
121
125
153
0
4
4
5
9
51
92
112
155
3
0
4
5
9
51
92
112
121
125
153
0
4
5
9
51
92
112
155
21
125
153
0
4
5
9
51
92
112
121
125
153
0
4
5
9
51
92
112
155
3
0
4
5
9
51
92
112
121
15
1531
123
0
4
5
9
51
92
112
155
3
0
4
5
9
51
92
112
121
125
153
0
4
5
9
51
92
112
155
21
125
153
0
4
5
9
51
92
112
121
125
153
0
4
5
9
51
92
112
155
3
0
4
5
9
51
92
112
125
153
0
4
5
9
51
92
112
155
515