1
9
50
9
11
0
0
11
1
2
2
1
5
1
0
0
112
9
11
11
0
01
1
2
11
9
0
15
1
5
1
0
8
01
5
1
0
09
0
15
1
5
7
0
0
11
1
0
0
11
0
0
11
05
1
5
1
0
0
11
1
2
1
5
1
0
0
1121
0
0
11
05
1
5
1
0
0
112
9
11
0
0
11
2
1
5
1
0
0
0
10
01
01
1
2
11
9
0
15
1
5
1
0
8
01
5
1
0
09
0
15
1
5
7
0
0
111
1
0
0
11
0
0
11
05
1
5
1
0
0
11
1
2
1
5
1
0
0
1121
0
0
11
05
1
5
1
0
0
112
9
1
0
0
11
2
1
5
1
0
0
0
10
01
9
11
0
0
11
1
2
1
9
0
8
01
5
1
1
9
0
1
1
5
2
19
0
1
1
5
2
1
1
1
1
1
9
1
1
0
0
112
9
11
0
01
9
1
0
0
11
9
11
0
0
11
1
2
1
9
0
8
01
5
1
1
9
0
1
1
5
2
19
0
1
1
5
2
1
1
1
1
1
9
1
1
0
0
112
9
11
0
01
9
1
0
0
11
1
2
1
5
1
0
0
2
11
9
0
15
1
1