1
9
1
2
9
1
9
1
0
11
99
1
0
1
0
0
0
0
0
0
0
0
0
0
1
1
0
0
0
0
0
0
0
0
0
0
0
0
2
0
0
0
0
0
91
0
1
0
0
0
0
0
0
0
0
0
0
0
0
0
2
0
0
0
0
0
91
0
1
0
0
0
0
0
0
0
0
0
0
1
1
0
0
0
0
00
0
1
1
0
0
0
0
0
0
0
0
0
0
00
0
0
0
0
0
0
0
0
91
0
1
0
0
0
0
0
0
0
0
0
0
1
1
0
0
0
0
0
0
0
0
1
1
0
0
0
0
0
0
0
0
0
0
00
0
0
0
0
0
0
0
1
9
1
2
9
1
0
0
0
0
0
0
0
1
1
0
0
0
0
0
0
0
0
1
1
0
0
0
0
0
0
0
0
0
0
00
0
1
9
1
2
9
1
9
1
0
11
99
1
0
1
0
0
0
0
0
0
0
0
0
0
1
10
0
0
00
0
0
0
0
0
0
0
2
0
0
0
0
0
91
0
1
0
0
0
0
0
0
0
0
0
0
0
0
0
0
1
1
0
0
0
0
0
0
0
0
0
0
00
0
0
0
0
0
0
0
1
9
1
2
9
1
9
1
0
11
99
1
0
1
0
0
0
0
0
0
0
0
0
0
1
10
0
0
00
0
0
0
0
0
2
00
0
00
0
0
0
1
1
0
0
0
0
0
0
0
0
0
0
0
0