1
11
1
2
0
0
0
0
0
0
0
0
0
0
0
0
0
4
0
0
0
0
0
0
0
0
0
2
0
0
0
0
0
0
0
0
0
0
0
4
0
0
0
0
0
0
0
0
0
2
0
0
0
0
0
0
0
0
0
8
0
0
0
0
0
0
0
0
0
0
2
0
0
0
0
0
0
0
0
0
4
0
0
4
0
0
0
0
0
0
0
0
0
2
0
0
0
0
0
0
0
0
0
8
0
0
0
0
0
0
0
0
0
02
0
0
0
0
0
0
0
0
0
4
0
0
0
0
0
0
0
0
0
2
0
0
0
0
0
0
0
0
0
8
0
0
0
0
0
0
0
0
0
0
2
0
0
0
0
0
0
0
0
0
4
0
0
0
0
0
0
0
0
0
2
0
0
0
0
0
0
0
0
0
8
0
0
0
0
0
0
0
0
0
02
0
0
0
0
0
0
0
0
2
0
0
0
0
8
0
0
0
0
0
0
0
0
0
0
2
0
0
0
0
0
0
0
0
0
4
0
0
4
0
0
0
0
0
0
0
0
0
2
0
0
0
0
0
0
0
0
0
8
0
0
0
0
0
0
0
0
0
02
0
0
0
0
0
0
0
0
0
4
0
0
0
9
2
2
9
1
2
90
0
0
0
0
0
0
0
0
8
0
0
0
0
0
0
0
0
0
0
2
0
0
0
0
0
0
0
0
0
4
0
0
0
0
0
0
0
0
0
2
0
0
0
0
0
0
0
0
0
8
0
0
0
0
0
0
0
0
0
02
0
0
0
0
0
0
0
0
2
0
0
0
0
0
0
0
0
0
8
0
0
0
0
0
0
0
0
0
0