1
01
0
01
2
9
11
0
01
9
11
0
00
0
2
0
0
0
0
0
0
0
0
0
0
0
0
0
0
2
1
1
1
1
5
2
0
1
1
1
1
1
5
2
1
1
1
1
1
1111
1
2
09
1
0
0
0
0
0
1
0
52
9
1
9
1
1
0
0
0
0
0
9
1
0
52
9
1
0
9
1
9
1
0
52
9
1
9
0
0
0
0
0
0
0
0
0
0
0
25
9
1
0
53
9
19
0
0
0
0
0
0
0
0
0
0
02
4
1
0
0
0
02
9
11
0
0
10
0
0
0
0
5
1
5
9
0
0
0
0
102
1
0
0
0
0
0
0
0
1
9
202
4
1
0
0
0
02
9
11
0
0
10
0
0
0
0
5
1
5
1
0
0
0
0
102
1
0
0
0
0
0
0
0
1
9
2
0
0
0
0
0
0
0
0
0
5
05
1
5
1
0
0
112
9
11
0
01
9
11
0
0
11
1
20
0
11
1
0
0
0
0
0
0
0
0
0
5
05
1
5
1
0
0
112
9
11
0
01
9
11
0
0
11
1
20
1
2
11
9
0
15
2
9
11
0
01
9
11
0
0
11
1
2
1
9
11
0
00
9
11
0
0
1
05
1
5
1
0
1
5
1
5
24
1
11
9
18
7
12
21
0
01
211
1
2
101
9
11
0
1
9
11
0
0
11
052
2
1
2
2
3
1
9
0
5
1
5
1
0
2
3
1