0
2
1
9
1
0
5
1
1
1
1
8
1
7
0
5
1
2
1
1
1
1
2
1
9
1
0
5
1
1
1
1
8
1
7
0
5
1
2
1
1
1
1
9
1
0
5
1
1
1
1
8
1
7
0
5
1
2
1
1
8
1
9
9
5
1
0
4
1
1
1
1
8
1
7
0
5
1
2
1
0
5
1
1
1
1
8
1
7
0
5
1
2
1
1
8
1
9
9
5
1
1
1
5
6
3
1
9
1
0
5
1
1
1
1
8
1
7
0
5
1
2
1
1
1
1
2
1
9
1
0
5
1
1
1
1
8
1
7
0
5
1
2
1
1
1
1
9
1
0
5
1
1
1
1
8
1
7
0
5
1
2
1
1
8
1
9
9
5
1
0
4
1
1
1
1
8
1
7
0
5
1
2
1
1
8
1
9
9
5
1
5
1
2
1
1
1
1
2
1
9
1
0
5
1
1
1
1
8
1
7
0
5
1
2
1
1
1
1
9
1
0
5
1
1
1
1
8
1
7
0
5
1
2
1
1
8
1
9
9
5
1
0
4
1
1
1
1
8
1
0
5
1
2
1
1
8
1
9
9
5
1
1
1
5
5
1
1
1
1
8
1
7
0
5
1
2
1
1
1
1
9
1
0
5
1
1
1
1
8
1
7
0
5
1
2
1
1
8
1
9
9
5
1
1
1
5
6
3
1
9
1
0
4
1
0
4
1
1
1
1
8
1
7
0
5
1
2
6
3
1