11
912
11
020
0
00
0
0
0
00
0
0
020
00
0
0
00
0
0
0
0
00
0
00
0
0
0
0
020
91
11
020
00
0
0
00
0
0
0
0
0
0
0
0
0
0
1
9
24
2
8
1
9
1
112
1
512
2
9
1
9
1
112
1
52
0
10
0
0
0
9
11
020
00
0
0
0
0
00
0
0
0
0
0
0
0
0
0
02
19
9120
91
11
020
00
0
0
00
0
0
0
0
0
0
0
0
0
0
1
49
24
2
9
1
9
1
2
11
52
2
9
1
9
1
112
11
512
0
05
00
0
1
9
10
020
00
0
0
0
0
0
0
0
0
0
0
0
0
0
0
0
02
1
99
24
2
9
1
9
1
112
11
1
112
11
512
0
10
00
0
011
99
120
91
11
020
00
0
0
00
0
0
0
0
0
0
0
0
0
02
1
992
9
1
9
1
111
512
2
4
0
00
0
01
9
11
00
00
0
0
0
0
0
0
0
0
0
0
0
0
0
0
2
0
0
0
0
0
0
0