1
9
50
9
11
0
0
11
1
2
1
5
1
0
0
112
01
9
11
0
0
11
1
25
1
0
0
10
0
11
05
1
12
9
11
0
01
9
11
0
0
11
1
2
1
5
1
0
0
0
0
11
1
2
11
9
0
15
1
5
1
0
01
9
0
15
1
5
1
0
0
110
12
9
11
0
01
9
11
0
0
11
1
2
1
5
1
0
0
11
9
11
0
01
9
11
0
0
110
11
1
2
11
9
0
15
1
59
11
0
0
11
1
2
1
5
1
0
0
112
9
11
0
01
9
11
0
0
11
1
2
11
9
0
15
1
5
1
0
01
2
9
11
0
01
9
11
0
0
11
1
2
101
9
11
0
01
9
11
0
0
11
05
1
5
5
1
0
0
111
9
11
0
0
11
0
0
11
05
1
5
1
0
0
11
1
2
1
5
1
0
0
1121
0
0
11
05
1
5
1
0
0
112
9
11
0
01
9
11
0
0
11
1
2
1
5
1
0
1
2
11
9
0
15
1
5
1
0
01
2
9
1111
9
0
15
1
5
1
0
01
9
0
15
1
5
1
0
0
111
1
2
1
5
1
5
1
5
1
0
0
11
1
2
1
5
1
0
0
1121
0
0
11
05
1
5
1
0
0
112
9
11
0
01
9
11
0
0
11
1
20
0
112
9
11
0
01
9
11
0
0
110
11
1
2
11
9
0
15
1
5
1
0
01
9
0
15
1
5
1
0
0
111
9
11
0
0
11
0
0
11
05
1
5
1
0
0
11
1
2
1
5
1
0
0
1121
0
0
11
05
1
5
1
0
0
12
9
11
0
0
1
2
11
9
0
15
1
5
1
0
01
9
0
15
1
5
1
0
0
111
9
11
0
0
11
0
0
11
05
1
5
1
0
0
11
1
2
1
5
1
0
0
1121
0
0
11
05
1
5
1
0
0
112
9
1
1
0
01
2
9
1
0
01
9
11
0
0
11
1
2
101
9
11
0
01
9
11
0
0
11
05
1
5
1
0
05
1
0
0
1121
0
0
11
05
1
5
1
0
0
112
9
11
0
01
9
11
0
0
11
1
2
1
5
05
1
5
1
0
0
112
9
11
0
01
9
11
0
0
11
1
2
1
5
1
0
0
112
9
11
0
01
9
11
0
0
11
1
2
11
9
0
15
1
1