0
09
51
92
112
121
125
155
3
55
3
0
4
5
9
51
92
112
121
125
153
0
4
5
9
51
92
112
155
3
0
4
5
9
51
92
112
121
125
153
0
4
5
9
51
92
112
15525
155
3
0
4
5
9
51
92
112
121
123
0
4
5
9
51
92
112
155
3
0
4
5
9
51
92
112
121
125
153
0
4
4
5
9
51
92
112
155
3
0
4
5
9
51
92
112
121
125
153
0
4
5
9
51
92
112
155
21
125
153
0
4
5
9
51
92
112
121
125
153
0
4
5
9
51
92
112
155
3
0
4
5
9
51
92
112
121
125
1531
123
0
4
5
9
51
92
112
155
3
0
4
5
9
51
92
112
121
125
153
0
4
5
9
51
92
112
155
21
125
153
0
4
5
9
51
92
112
121
125
153
0
4
5
9
51
92
112
155
3
0
4
5
9
51
92
112
125
153
0
4
5
9
51
92
112
155
515
21
125
153
0
4
5
9
51
92
112
121
125
153
0
48
51
92
112
121
125
153
0
4
5
9
51
92
112
2
125
155
3
0
4
5
9
51
92
112
121
123
0
4
5
9
51
92
112
155
3
0
4
5
9
51
92
112
121
125
153
0
4
4
5
9
51
92
112
155
3
0
4
5
9
51
92
112
121
125
153
0
4
5
9
51
92
112
155
21
125
153
0
4
5
9
51
92
112
121
125
153
0
4
5
9
51
92
112
155
3
0
4
5
9
51
92
112
121
125
1531
123
0
4
5
9
50
92
112
155
3
0
4
5
9
51
92
112
121
125
153
25
515
3
0
4
5
9
51
92
112
121
123
0
4
5
9
51
92
112
155
3
0
4
5
9
51
92
112
121
125
153
0
4
4
5
9
51
92
112
155
3
0
4
5
9
51
92
112
9
51
92
112
155
3
0
4
5
9
51
92
112
121
125
153
0
4
5
9
51
92
112
15525
155
3
0
4
5
9
51
92
112
121
123
0
4
25
153
0
4
5
9
51
92
112
155
21
125
153
0
4
5
9
51
92
112
121
125
153
0
4
5
9
51
92
112
155
3
0
4
5
9
51
92
112
125
153
0
4
5
9
51
92
112
155
515
21
125
153
0
4
5
9
51
92
112
121
125
153
0
4
5
8
51
92
112
121
125
153
0
4
5
9
51
92
1129
51
92
112
155
3
0
4
5
9
51
92
112
121
125
153
0
4
5
9
51
92
112
155
21
125
153
0
4
5
9
51
92
112
121
125
153
0
4
5
9
51
92
112
155
3
0
4
5
9
51
92
112
121
125
1531
123
0
4
5
9
51
92
112
155
3
0
4
5
9
51
92
112
121
125
153
0
4
5
9
51
92
112
155
21
125
153
0
4
5
9
51
92
1120
4
5
9
51
92
112
155
21
125
153
0
4
5
9
51
92
112
121
125
153
0
4
5
9
51
92
112
155
3
0
4
121
125
153
0
4
5
9
51
92
112
155
21
125
153
0
4
5
9
51
92
112
121
125
153
0
4
5
9
51
92
112
155
3
0
4
5
9
51
92
112
121
125
1531
123
0
4
5
9
51
92
112
155
3
0
4
5
9
51
92
112
121
125
153
0
4
5
9
51
92
112
155
21
125
153
0
4
5
9
51
92
112
121
125
153
0
4
5
9
51
92
112
155
3
0
4
5
9
51
92
112
125
153
0
4
5
9
51
92
112
155
515
21
125
153
0
4
5
9
51
92
112
121
125
153
0
4
5
8
51
92
112
121
125
153
0
4
5
9
51
92
112
2
125
155
3
0
4
5
9
51
92
112
121
123
0
4
5
9
51
92
112
155
3
0
4
5
9
51
92
112
121
125
153
0
4
4
5
9
51
92
112
155
3
0
4
5
9
51
92
112
121
125
153
0
4
5
9
51
92
112
155
21
125
153
0
4
5
9
51
92
112
121
125
153
0
4
5
9
51
92
112
155
3
0
4
5
9
51
92
112
121
125
1531
123
0
4
5
9
51
92
112
155
3
0
4
5
9
51
92
112
121
125
153
0
4
5
9
51
92
112
155
21
125
153
0
4
5
9
1
92
112
121
123
0
4
5
9
51
92
112
155
3
0
4
5
9
51
92
112
121
125
153
0
4
4
5
9
51
92
11
3
0
4
5
9
51
92
112
121
125
153
0
4
5
9
51
92
112
155
21
125
153
0
4
5
9
51
92
112
121
125
153
0
4
5
9
51
92
112
155
3
0
4
5
9
51
92
112
121
125
1531
123
0
4
5
9
51
92
112
155
3
0
4
5
9
51
92
112
121
125
153
0
4
5
9
51
92
112
155
21
125
153
0
4
5
9
51
92
112
121
125
153
0
4
5
9
51
92
112
155
3
0
4
5
9
51
92
112
125
153
0
4
5
9
51
92
112
155
515
21
125
153
0
4
5
9
51
92
112
121
12
125
153
0
4
5
9
51
92
112
2
125
155
3
0
4
5
9
51
92
112
121
123
0
4
5
9
51
92
112
155
3
0
4
5
9
51
92
112
121
125
153
0
4
4
5
9
51
92
112
155
3
0
4
5
9
51
92
112
121
125
153
0
4
5
9
51
92
112
155
21
125
153
0
4
5
9
51
92
112
121
125
153
0
4
5
9
51
92
112
155
3
0
4
5
9
51
92
112
121
125
1531
123
0
4
5
9
50
92
112
155
3
0
4
5
9
51
92
112
121
125
153
25
155
3
0
4
5
9
51
92
112
121
123
0
4
5
9
51
92
112
155
3
0
4
5
9
51
92
112
121
125
153
0
4
4
5
9
51
92
112
155
3
0
4
5
9
51
92
112
9
51
92
112
155
3
0
4
5
9
51
92
112
121
125
153
0
4
5
9
51
92
112
15525
155
3
0
4
551
92
1120
4
5
9
51
92
112
155
21
125
153
0
4
5
9
51
92
112
121
125
153
0
4
5
9
51
92
112
955
3
0
4
5
9
51
92
112
125
153
0
4
5
9
51
92
112
155
515