06
21
1101
9
11
0
11
05
1
9
10
11
1
00
01
0
0
11
00
11
05
1
5
1
0
112
9
11
0
01
9
0
11
1
2
11
9
1
0
9
11
0
0
11
0
0
11
1
2
1
5
1
0
0
112
9
11
0
01
9
11
0
0
11
1
9
11
0
0
11
0
2
1
5
1
0
01
9
0
15
1
5
1
8
0
111
99
11
0
01
9
11
0
0
11
0
0
11
1
2
1
5
1
0
0
112
9
11
0
01
9
11
0
0
11
1
9
11
0
0
11
0
11
0
0
11
0
0
11
05
1
5
1
0
0
112
1
0
01
9
11
0
0
11
1
2
11
9
11
0
01
9
11
0
0
211
050
0
11
05
1
5
1
0
0
112
9
11
0
01
11
0
0
11
0
0
11
05
1
5
1
0
0
112
9
11
0
01
9
11
0
0
11
1
2
11
9
11
0
01
9
11
0
0
211
05
1
5
1
0
0
0
11
1
05
1
5
1
0
0
111
9
11
0
0
11
00
111
9
11
0
0
11
0
0
11
05
1
5
1
0
0
112
9
11
0
01
9
10
11
1
2
11
95
1
5
1
0
0
11
9
11
0
0
11
0
0
110
0
11
1
05
11
1
05
1
5
02
11
1
0
0
11
0
0
110
0
11
1
05
1111
9
1
0
110
0
11
1
05
11
1
05
1
5
02
11
1
0
0
11
0
0
110
0
11
1
05
1111
9
11
0
0
11
0
0
15
1
5
1
0
0
111
9
11
0
0
11
0
0
11
05
1
5
1
111
9
11
0
0
1
0
0
112
9
11
0
01
9
10
12
1
2
11
9
11
0
00
11
05
1
5
1
0
0
111
9
11
0
0
11
0
0
110
0
11
2
05
11
1
05
1
5
02
11
05
1
