2
11
05
1
5
1
0
0
112
01
0
9
11
0
0
11
1
21
05
1
5
1
0
0
112
9
11
0
01
9
11
1
1
2
1
0
11
5
1
5
1
01
00
1
5
1
0
0
112
0
01
9
11
0
0
11
1
2
1
5
1
0
0
0
0
11
1
2
11
9
0
15
1
5
1
0
02
9
0
15
1
5
1
0
0
111
9
119
11
0
01
1
11
0
0
11
1
2
1
5
0
0
110
11
1
2
11
9
11
0
01
9
1
0
0
11
1
2
1
5
1
0
0
112
9
11
6
01
9
11
0
0
11
1
2
11
9
0
15
1
5
1
0
01
2
9
11
0
01
9
11
0
0
11
1
2
101
9
11
0
01
9
11
0
0
11
05
1
5
1
0
05
1
0
0
0
1121
0
0
11
05
9
11
0
0
11
1
2
1
5
1
0
1
2
11
9
0
15
1
5
1
0
01
2
9
11
0
01
9
11
0
0
11
1
2
101
9
11
0
01
9
1
0
0
0
11
1
2
1
5
1
0
0
1121
0
0
11
05
1
5
1
0
0
12
9
11
0
01
9
11
0
0
11
1
20
0
112
9
11
0
01
9
11
0
0
110
11
1
21
1
2
1
5
1
0
0
112
9
11
0
01
9
11
0
0
11
1
2
11
9
0
15
15
1
5
1
0
0
12
9
11
0
0
1
2
10
9
0
15
1
5
1
0
01
9
021
0
0
11
05
1
5
1
0
0
112
9
1
1
0
01
2
9
11
1
5
1
0
05
1
0
0
1121
0
0
11
05
1
5
1
0
0
112
9
11
0
01
9
11
0
0
11
1
2
1
5
05
1
5
1
0
0
112
9
11
5
1
0
0
10
01
9
1
0
0
11
1
2
1
5
1
0
0
0
0
11
1
2
11
9
0
15
1
5
1
0
01
9
0
5
1
5
1
0
0
111
9
11
0
0
11
0
0
11
050
0
112
9
11
0
01
9
11
0
0
11
1
2
1
5
1
0
0
112
9
2
0
0
11
1
2
1
5
1
0
0
1121
0
0
11
05
1
5
0
0
0
112
9
11
0
01
9
11
0
0
11
1
2
1
5
1
0
0
113
9
11
0
01
9
11
02
0
11
1
2
11
9
0
30
9
11
9
11
0
0
11
05
1
5
1
0
05
1
0
0
1121
0
0
11
2
9
11
0
0
1
2
11
15
1
5
1
9
11
0
0
11
1
2
1
5
1
0
1
2
11
9
0
15
1
51
0
0
11
1
2
101
9
11
011
1
2
1
5
1
0
0
112
9
11
0
01
9
11
0
0
11
1
2
11
9
0
1
05
1
5
1
0
0
112
9
11
0
0
1
2
11
9
0
15
1
5
1
0
01
9
0
15
1
5
1
0
5
1
0
0
112
9
1
1
0
01
2
9
11
0
5
1
0
50
1
0
0
1121
0
0
11
05
1
5
1
0
0
112
9
11
0
01
9
11
0
0
11
1
2
1
5
05
1
5
1
01
10
2
9
11
0
01
9
1
1
2
11
9
0
7
17
22
11
9
16
0
8
12
3
5
2
4