1
99
512
2
9
1
9
1
112
11
5
0
10
00
0
01
9
11
020
00
0
0
0
01
0
0
0
0
0
0
0
0
0
0
0
02
1
99
24
29
1
112
11
0
0
0
0
0
0
0
0
0
0
0
0
02
1
99
24
29
49
2
20
0
0
0
0
0
02
1
99
24
29
1
112
11
0
0
0
0
0
0
00
0
0
0
02
1
99
24
29
40
0
0
0
0
0
0
0
0
0
02
1
9
0
0
0
0
0
0
02
1
99
24
29
1
112
11
0
0
0
0
0
0
0
0
0
0
0
02
1
99
24
29
49
2
20
0
0
0
0
0
02
1
99
24
29
1
112
11
0
0
0
0
0
0
0
0
0
0
0
0
02
1
99
24
29
40
0
0
0
0
0
0
0
0
9122
11
5
0
10
0
0
0
0
0
0
0
0
0
0
02
1
99
24
2
9
1
9
1
112
11
0
0
0
0
9
1
9
1
112
11
0
0
0
0
0
0
00
0
0
02
1
99
24
29
49
2
2
9
9
1
9
1
119
11
020
0
0
0
0
0
0
0
0
0
0
0
0
0
02
1
99
24
2
9
1
9
1
112
11
0
9122
11
5
0
10
00
0
01
9
0
01
9
11
020
00
0
0
0
01
0
0
0
0
0
0
0
0
0
0
99
24
29
1
112
11
0
0
0
0
0
09
24
29
49
2
20
0
0
0
0
0
02
1
99
24
29
1
112
11
0
0
0
0
0
0
0
0
0
0
0
0
02
1
99
24
29
40
0
0
0
0
0
0
09
24
29
40
0
0
0
0
0
9122
11
5
0
10
00
0
01
9
0
01
9
11
0204
0
14
1
501
0
0
0
0
0
0
0
0
0
0
0
02
1
99
24
29
1
112
11
0
0
0
0
0
0
0
5
0
10
00
0
01
9
0
01
9
11
020
00
0
0
0
01
0
0
0
0
0
0
0
0
0
0
99
24
29
1
112
11
0
0
0
0
0
09
24
29
49
2
20
0
0
0
0
0
02
1
99
24
29
1
112
11
0
0
0
0
0
0
0
0
0
0
0
0
02
1
99
24
29
40
0
0
0
0
0
0
09
24
29
40
0
0
0
0
0
9122
11
5
0
10
00
0
01
9
0
01
9
11
020
00
0
0
0
01
0
0
0
0
0
0
0
0
0
0
0
02
1
99
24
29
1
112
11
0
0
0
0
0
0
0
0
0
0
0
02
1
99
24
29
49
2
20
0
0
0
0
0
02
1
99
24
29
1
112
11
0
0
0
0
0
0
0
0
0
0
0
0
02
1
99
24
29
40
0
0
0
0
0
0
0
0
9122
11
5
0
10
0
0
0
0
0
0
0
0
0
0
02
1
99
24
2
9
1
9
1
112
11
0
0
0
0
9
1
9
1
112
11
0
0
0
0
0
0
00
0
0
02
1
99
24
29
49
2
2
9
9
1
9
1
119
11
020
0
0
0
0
0
0
0
0
0
0
0
0
0
02
1
99
24
2
9
1
9
1
112
11
0
9122
11
5
0
10
00
0
01
9
0
01
9
11
020
00
0
0
0
01
0
0
0
0
0
0
0
0
0
0
99
24
29
1
112
11
0
0
0
0
0
09
24
29
49
2
20
0
0
0
0
0
02
1
99
24
29
1
112
11
0
0
0
0
0
0
0
0
0
0
0
0
02
1
99
24
29
40
0
0
0
0
0
0
09
24
29
40
0
0
0
0
0
9122
11
5
0
10
00
0
01
9
0
01
9
11
020
00
0
0
0
01
0
0
0
0
0
0
0
0
0
0
0
02
1
99
24
29
1
112
11
0
0
0
0
0
0
0
0
0
0
0
0
02
1
99
24
29
49
2
20
0
0
0
0
0
02
1
99
24
29
1
1
0
0
0
0
0
0
0
0
0
0
0
02
1
99
24
29
40
0
0
0
0
0
0
0
0
9122
11
5
0
10
0
0
0
0
0
0
0
0
0
0
0
00
0
0
9122
11
5
0
10
00
0
01
9
11
00
00
0
0
0
0
0
02
1
99
24
2
9
1
9
1
112
11
0
0
0
0
0
0
0
0
0
0
0
0
0
02
1
99
9
1
9
1
112
11
0
0
0
0
0
0
0
0
0
0
0
0
0
02
1
99
2
9
11
020
00
0
0
0
0
0
0
0
0
0
0
0
0
0
0
0
02
1
99
24
2
9
1
9
1
112
11
0
0
0
0
0
0
0
0
0
0
0
912
00
0
0
0
0
0
0
0
0
020
00
0
04
2
9
1
9
1
112
11
1
5
0
10
00
0
01
9
11
020
00
0
0
0
9
24
2
9
1
9
1
112
11
0
0
0
0
0
0
00
0
0
02
1
99
24
29
49
2
2
9
9
1
9
1
112
11
1
99
120
91
11
0
00
0
02
1
99
24
2
9
1
9
1
112
11
512
2
9
1
9
1
112
11
5
0
10
00
0
01
9
11
020
00
0
0
0
0
0
0
0
0
0
00
0
0
0
0
0
0
0
0
0
0
0
02
1
99
24
2
9
1
9
1
112
11
0
9122
11
5
0
10
00
0
01
9
0
01
9
11
020
00
0
0
0
01
0
0
0
0
0
0
0
0
0
0
99
24
29
1
112
11
0
0
0
0
0
0
0
0
0
0
0
02
1
99
2412
9
1
9
1
112
11
0
0
0
0
0
0
0
0
0
0
0
0
0
02
1
29
2
9
11
020
00
0
0
0
0
0
0
0
0
0
0
0
0
0
0
0
02
1
99
24
2
9
1
9
1
112
11
0
0
0
0
0
0
0
0
0
0
0
9122
11
5
0
112
11
0
0
0
0
0
0
0
0
0
0
0
0
02
1
99
24
29
40
0
0
0
0
0
0
0
0
9122
11
5
0
10
00
0
01
9
11
020
00
0
0
0
0
0
0
0
0
0
0
0
0
0
02
1
99
24
2
9
1
9
1
112
11
0
0
0
0
0
0
0
0
0
0
0
0
0
02
1
91
1
99
12
11
020
00
0
0
00
0
0
5
0
0
0
00
0
0024
29
40
0
0
0
0
0
0
0
0
9122
11
5
0
10
0
0
0
0
0
0
0
0
0
0
02
1
9
0
0
0
0
0
0
02
1
99
24
29
1
112
11
0
0
0
0
0
0
0
0
0
0
0
0
0
9122
11
5
0
10
01
9
50
0
00
00
0
0
