1
9
50
9
11
0
0
11
1
2
1
5
1
0
0
115
1
0
0
112
9
11
0
09
11
0
01
9
11
0
0
11
11
90
15
1
5
1
0
01
2
9
11
0
01
9
11
0
0
11
1
2
101
05
1
5
1
0
0
112
9
1
1
0
01
2
9
11
0
01
9
11
0
0
11
1
2
101
9
11
0
01
9
11
0
0
11
05
1
5
1
0
05
1
0
0
1121
0
0
11
05
1
5
1
0
0
112
9
11
0
01
9
11
0
0
11
1
2
1
5
05
1
5
1
0
2
9
11
0
01
9
11
0
0
11
1
2
1
5
1
0
0
10
01
9
11
0
0
11
1
2
1
5
1
0
0
0
1
9
0
15
1
5
1
0
0
111
9
11
2
1
2
51
0
0
11
0
0
11
05
1
5
1
0
0
11
1
2
1
5
1
0
0
112
9
11
0
01
9
11
0
0
11
1
2
11
9
0
15
1
5
1
0
01
2
9
11
0
01
9
11
0
0
11
1
2
101
9
11
0
01
9
11
0
0
11
05
1
5
1
0
05
1
0
0
1121
0
0
11
2
9
11
0
0
1
2
11
9
0
15
1
5
1
0
01
9
0
15
1
5
1
0
0
111
9
11
0
0
11
0
0
11
05
1
5
1
0
0
11
2
1
5
1
0
0
1121
0
0
11
05
1
5
1
0
0
112
9
11
0
01
9
11
0
0
11
1
2
1
5
1
0
1
2
11
9
0
15
1
5
1
0
01
2
9
11
0
01
9
11
0
0
11
1
2
101
9
11
0
01
9
11
0
05
1
5
8
5
1
0
1
1
2
0
0
0
0
0
0
0
0
0
0
0
2
0
1
0
9
11
0
0
0
0
0
0
1
0
0
0
0
0
1
1
2
1
2
1
0
21
0
0
112
9
11
0
01
9
11
0
0
11
1
2
1
5
1
0
0
0
0
11
1
2
11
9
0
15
1
5
1
0
01
9
0
15
1
5
1
0
1
9
11
0
0
11
1
2
1
5
1
0
1
2
11
9
0
15
1
5
1
0
01
2
9
11
0
01
9
11
9
11
0
0
11
0
0
11
05
1
5
1
0
0
11
1
2
1
5
1
0
0
1121
0
0
11
05
1
5
1
0
0
112
9
11
0
01
9
11
0
0
11
1
2
1
5
1
0
0
112
9
121
0
0
11
05
1
5
1
0
0
112
9
11
0
01
9
11
0
0
11
1
2
1
5
05
1
5
1
0
2
9
11
0
01
9
11
0
0
11
1
2
1
5
1
0
0
10
01
9
11
0
0
11
1
2
1
5
1
0
0
0
1
9
0
15
1
5
1
0
0
111
9
11
0
0
11
0
0
11
05
1
5
1
0
0
11
1
2
1
5
1
0
0
112
9
11
0
01
9
11
0
0
11
1
2
11
9
0
15
1
5
1
0
01
2
9
11
0
01
9
11
0
0
11
1
2
101
9
11
0
01
9
11
0
0
11
05
1
5
1
0
05
1
0
0
1121
0
0
11
2
9
11
0
0
1
2
11
9
0
15
1
5
1
0
01
9
0
15
1
5
1
0
0
111
9
11
0
0
11
0
0
11
05
1
5
1
0
0
11
1
2
1
5
1
0
0
1121
0
0
11
05
1
5
1
0
01
9
11
0
0
11
1
2
1
5
1
0
1
2
11
9
0
15
1
5
1
0
01
0
01
9
11
0
0
11
1
2
11
9
0
15
1
5
1
0
01
2
9
11
0
01
9
11
0
0
11
1
2
101
9
11
0
01
9
11
0
0
11
05
1
5
1
0
05
1
0
0
1121
0
0
11
2
9
11
0
0
1
2
11
9
0
15
1
5
1
0
01
9
0
15
1
5
1
0
0
111
9
11
0
0
11
0
0
11
05
1
5
1
0
0
11
1
2
1
5
1
0
0
1121
0
0
11
05
1
5
1
0
0
112
9
11
0
01
9
11
0
0
15
11
05
1
5
1
0
0
112
9
11
0
01
9
11