1
011
0
01
9
11
0
0
11
1
00
1
0
01
9
11
11
9
0
15
9
11
0
01
9
11
0
0
110
12
9
11
0
01
9
11
0
0
11
1
2
19
11
1
5
1
0
0
11112
9
1
1
0
1
2
9
11
9
11
0
01
9
11
0
0
11
5
10
0
1
9
11
0
08
9
11
0
0
11
1
2
1
15
1
5
1
0
01
9
0
15
1
5
1
0
0
1
9
11
0
0
11
0
01
9
11
0
0
1
101
9
11
0
01
9
11
0
0
11
05
1
5
1
0
05
1
0
0
1
02
9
11
0
01
9
11
0
0
11
0
15
1
5
0
0
0
111
9
11
0
0
111
0
01
9
11
0
0
11
1
2
111
0
01
9
11
5
0
11
01
0
0
11
05
1
5
1
0
0
112
9
11
0
01
9
11
0
0
11
1
2
1
5
1
0
1
2
11
9
0
15
1
0
05
1
0
00
112
0
112
9
1
0
01
9
11
0
021
2
101
9
11
0
1
9
11
0
0
11
05
1
5
05
1
5
1
0
0
112
9
11
0
0
1
2
11
9
0
15
1
5
11
0
01
9
11
0
0
01
9
11
0
0
1115
1
1