1
99
120
91
11
020
00
00
11
512
0
112
11
512
0
10
00
0
01
9
11
020
00
0
0
0
0
0
0
0
0
0
0
0
0
0
0
0
91
020
0
10
02
19
24
0
0
0
0
0
0
0
020
00
0
0
00
0
0
0
0
0
0
0
0
0
02
1
99
24
2
9
1
9
1
112
11
512
2
1
0
1
112
11
512
0
10
00
0
011
120
91
11
020
00
0
0
00
0
0
0
0
0
0
0
0
0
02
1
99
24
2
9
1
9
1
112
11
512
2
9
1
9
1
112
11
512
0
10
00
0
01
9
11
020
00
0
0
0
0
0
0
0
0
0
0
0
0
0
0
0
9
1
020
0
10
02
1
94
2
9
1
9
1
112
11
512
2
0
00
0
011
9
120
91
11
020
0
00
0
00
0
0
0
0
0
00
0
0
1
98
2
2
9
1
9
1
0
0
000
0
0
0
0
0
0
0
0
0
02
1
99
24
2
9
1
9
1
112
11
512
2
9
1
0
1
112
11
512
0
10
00
0
011
90
91
11
020
00
0
0
00
00
0
0
0
0
0
0
0
0
02
1
99
24
2
9
1
9
1
112
11
512
2
9
1
9
1
112
11
512
0
10
00
0
01
9
11
020
00
0
0
0
0
0
0
0
0
0
0
0
0
0
0
0
91
11
20
00
000
0
0
0
0
512
2
9
1
0
1
112
112
0
10
00
0
0
120
91
11
020
00
0
0
00
0
0
0
0
0
0
0
0
0
5
10
00
0
011
99
120
91
11
020
00
0
0
00
0
0
0
0
0
0
0
0
0
02
1
99
24
2
9
1
9
1
112
11
512
2
9
1
9
1
112
11
512
0
10
00
0
01
9
11
020
00
0
0
0
0
0
0
0
0
0
0
0
0
0
0
0
02
1
992
4
2
9
1
9
1
112
11
512
2
9
1
9
1
112
91
512
010
00
0
01
9
11
020
00
0
0
0
0
0
0
0
0
9
11
020
0
1
0
1
12
11
2
0
10
00
0
011
99
120
91
11
020
00
0
0
00
0
0
0
0
0
0
0
0
02
1
19
24
2
9
1
9
1
0
0
00
0
11
1
020
0
1
0
1
112
11
512
0
010
0
01
11
020
00
0
00
0
0
0
0
0
0
0
0
02
1
99
2
011
99
120
91
110