1
9
50
9
11
0
0
112
9
01
9
111
901
9
11
0
0
11
1
2
1
5
1
0
0
0
0
11
1
2
11
9
0
15
1
5
1
0
02
9
0
15
1
5
1
0
0
111
9
9
0
5
1
5
1
0
0
111
9
11
0
0
11
0
0
11
050
0
112
9
11
0
01
9
11
0
0
11
1
2
1
5
1
0
0
112
9
2
0
0
11
1
2
1
5
1
0
0
1121
0
0
11
05
1
5
0
0
0
112
9
11
0
01
9
11
0
0
11
1
2
1
5
1
0
0
113
9
11
0
01
9
11
02
0
11
1
2
11
9
0
15
9
11
9
11
0
0
11
05
1
5
1
0
05
1
0
0
1111
1
2
1
5
1
0
1
2
11
9
0
15
1
51
0
0
11
1
2
101
9
11
011
1
2
1
5
1
0
0
112
9
11
0
01
9
11
0
0
11
1
2
11
9
0
1518
12
9
5
111
9
0
15
1
5
1
0
01
9
0
15
1
5
1
0
5
1
0
0
112
9
1
1
0
01
2
9
11
0
011
001
9
11
0
0
11
1
2
1
5
05
1
5
1
01
10
2
9
11
0
01
9
1
1
2
11
9
0
15
1
1