1
9
50
9
11
0
0
1
1
2
1
5
1
0
0
121
0
0
11
05
1
5
1
0
0
112
9
11
0
01
9
11
0
0
11
1
2
1
5
1
0
0
112
9
11
0
01
9
1
1
11
9
0
15
1
5
1
0
01
9
0
15
1
0
0
112
9
11
0
01
9
1
1
2
11
9
0
15
1
5
1
0
01
9
0
15
5
1
0
01
9
0
15
1
5
1
0
0
111
9
11
0
0
11
0
0
11
5
5
1
0
0
11
0
2
1
5
1
10
9
11
0
0
11
0
0
11
05
1
5
1
0
0
11
1
2
1
5
1
0
0
1121
0
0
11
05
1
5
1
0
0
12
9
11
0
02
9
11
0
01
9
11
0
0
11121
0
0
11
05
1
5
1
0
0
112
9
11
0
01
9
1
0
0
11
1
2
1
5
1
0
0
112
9
11
1
9
30
1
82
1
0
2
0
0
0
0
0
200
0
0
0
0
0
0
0
1
12
1
1
10
1
5
1
0
15
0556
1
51
1
5
2
1
12
1
1
1
1
1121
11
9
0
15
1
5
1
0
01
9
01
0
0
11
1
2
1
5
1
01
9
1
9
1
9
11
05
1
5
1
0
01
9
1
0
0
11
1
2
11
9
0
15
1
5
1
0
01
9
0
15
1
5
1
0
0
1
11
0
0
11
0
0
11
05
5
1
0
0
11
1
2
1
5
1
11
9
11
0
0
11
0
0
11
05
1
5
1
0
0
11
1
2
1
5
1
0
0
1121
0
0
11
06
1
5
1
0
0
12
9
11
0
02
9
11
0
01
9
11
0
0
11
1
2
101
9
11
09
1
9
1
90
0
11
05
1
5
1
0
0
1