1
9
50
9
11
0
0
11
1
2
1
5
1
0
0
1121
0
0
11
05
1
5
1
0
0
112
9
1
01
9
11
0
0
1
14
2
9
1
9
1
2
11
51
2
9
1
0
0
00
0
0
0
0
0
0
0
0
0
02
1
99
24
2
9
1
15
1
5
11
0
0
11
0
0
11
5
1
5
1
0
0
1
1
2
1
5
1
02
9
11
8
0
9
11
0
0
11
1
2
11
9
01
9
1
5
11
0
0
11
5
1
5
1
0
0
1
0
11
1
2
11
9
0
15
1
5
1
0
01
9
0
0
0
0
0
2
0
2
1
5
1
1
2
1
1
1
1
2
1
1
1
5
1
0
2
1
5
1
5
1
2
1
1
1
5
1
2
1
1
10
02
1
99
24
1
9
1
15
1
5
11
0
0
11
0
0
11
5
1
5
1
0
0
2
1
5
1
11
0
0
11
1
2
1
5
1
0
0
112
9
11
0
01
9
11
0
11
1
2
11
9
0
15
1
5
1
0
01
9
0
0
0
0
0
24
2
9
1
9
1
2
119
2
2
9
1
2
9
9
11
1
0
0
8
6
1
2
3
0
9
1
1
0
5
19
2
0
0
0
0
0
0
0
0
4
2
9
1
15
1
5
11
0
0
11
0
0
110
0
0
5
1
5
1
0
0
11
1
2
1
5
1
02
9
11
0
01
9
11
0
0
11
1
2
11
9
0
15
1
5
1
0
01
9
0
0
24
2
9
1
9
1
2
11
51
2
9
1
0
0
00
0
0
0
0
0
0
0
0
0
02
1
99
21
0
2
9
1
15
1
0
5
0
0
1
0
0
11
5
1
5
9
9
1
8
6
1
2
3
0
9
