12
1
11511
02
00
0
0
00
0
0
0
199
24
2
9
1
9
1
9
11
0
09
11
0
0
11
0
0
11
1
2
1
5
1
0
+0
12
9
11
0
0
9
0
2
1
5
1
0
01
11
01
9
119
24
2
9
1
9
1
9
11
0
09
11
0
0
11
0
0
11
1
2
1
5
1
0
0
12
9
11
0
0
9
0
2
1
5
1
0
01
11
01
9
11
0
0
11
0
0
11
1
2
1
5
1
0
0
12
9
11
0
0
9
0
2
1
5
1
0
01
11
0
0
11
0
11
1
2
1
5
1
01
9
2
1
9
0
0
0
0
2
1
9
1
9
4
0
9
4
0
9
1
0
1
0
0
0
0
0
0
0
0
0
0
0
1
9
0
0
0
5
0
0
0
0
1
1
2
103
9
1
0
00
111
9
11
0
0
11
0
0
11
05
1
5
1
0
0
112
2
0
0
11
011
1
2
1
5
1
0
0
12
9
11
0
0
9
0
2
1
5
1
0
01
11
0
0
11
0
11
1
2
1
5
1
0
0
12
9
11
0
01
9
0
2
1
5
1
0
01
9
0
15
1
5
1
0
0
111
9
11
0
0
18
1
6
111
0
01
9
11
0
0
1
1
2
103
9
1
0
00
111
9
11
0
0
11
0
0
1
05
0
112
20
0
0
0
0
0
0
0
0
0