1
9
50
0
0
9
11
0
0
11
1
2
0
1
0
01
9
0
19
11
0
0
11
1
2
1
5
1
0
0
0
11
0
0
11
050
2
1
5
1
0
0
112
9
1
0
01
9
11
0
0
1
1
2
11
9
0
0
11
1
2
1
1
9
0
0
1
1
9
1
0
1
8
11
0
1
5
1
5
5
0
9
1
00
0
11
1
2
1
5
1
0
0
112
9
11
0
01
9
0
0
1
1
9
1
0
1
8
11
0
1
5
1
5
5
0
9
1
05
1
5
1
0
0
01
9
11
0
0
11
1
2
1
5
1
0
0
112
9
11
0
011
0
0
11
1
2
1
9
6
5
1
5
1
0
0
1
1
9
1
0
01
0
1
5
1
5
1
5
1
2
1
9
1
0
1
2
1
2
1
9
4
0
0
9
5
1
5
1
5
1
5
1
2
1
9
1
0
1
2
1
2
1
9
1
0
0
9
5
1
5
1
5
1
5
1
0
0
1
0
0
112
9
11
0
01
9
11
0
0
11
1
1512
11
5
0
10
00
0
01
9
11
020
00
0
0
0
0
0
0
0
0
0
0
0
0
0
0
0
01
99
24
2
9
1
9
1
112
11
0
0
0
0
0
0
0
0
0
0
0
0
02
1
99
24
2
99
2
2
9
9
10
00
0
0
5
0
0
0
0
0
02
1
99
24
2
9
1
9
1
112
11
512
2
9
1112
11
5
0
10
00
0
01
91
020
00
0
0
0
0
0
0
0
0
0
0
0
0
0
02
1
99
24
2
9
1
9
1
112
11
0
0
0
0
0
0
0
0
02
1
99
2
9
0
12
9
11
0
01
9
111
9
0
15
1
5
1
0
01
9
0
15
1
5
1
0
0
01
9
11
0
0
11
1
2
1
5
1
0
0
112
9
11
0
01
9
11
0
0
11
1
2
01
9
11
0
0
11
05
1
5
1
0
0
1