11
020
00
0
0
0
0
0
0
0
0
0
0
0
0
0
0
0
02
1
99
24
2
1
112
11
0
0
0
0
0
0
00
0
0
0
0
9122
11
5
0
10
00
0
01
9
020
00
0
0
0
0
00
0
0
0
00
0
0
02
1
99
24
2
9
1
9
1
112
11
0
0
0
0
0
0
0
0
0
0
0
1
0
02
1
99
2
9
11
020
00
0
0
0
0
0
0
0
0
0
0
0
0
02
1
99
24
2
9
1
9
1
112
1
0
0
0
0
0
0
0
0
0
0
0
912
00
0
0
0
0
0
011
020
00
0
0
0
0
0
0
0
0
0
0
0
0
02
1
99
24
2
9
1
9
1
112
11
0
0
0
0
0
0
00
0
0
02
1
99
24
29
49
2
2
9
9
1
9
1
112
11
1
99
120
91
11
020
00
0
0
00
0
0
5
0
0
0
00
0
02
1
99
24
2
9
1
9
1
112
11
512
2
9
1
9
1
192
11
5
0
10
00
0
01
9
11
020
00
0
0
0
0
0
0
0
0
0
0
0
0
0
0
02
1
99
24
1
9
1
112
11
0
0
0
0
0
0
0
0
0
0
0
1
0
02
1
99
2
9
11
020
000
0
0
0
0
0
0
0
0
0
0
0
0
0
99
24
2
9
1
9
1
112
11
0
0
0
0
0
0
0
00
0
9122
11
5
0
10
00
0
01
9
11
0200
0
0
0
0
0
0
0
0
0
0
0
0
02
1
99
24
2
9
1
9
1
112
11
0
0
0
0
0
0
0
0
0
0
0
0
0
02
1
99
2
9
11
020
00
0
0
0
0
0
0
0
0
0
0
0
0
0
0
0
2
9
1
9
1
112
11
0
0
0
0
0
0
0
0
0
0
0
912
111
02
1
99
24
2
9
1
9
1
112
11
0
0
0
0
0
0
0
0
0
0
0
10
00
90
0
0
2
49
2
2
9
9
1
9
1

