1
50
9
5
1
0
0
112
0
0
11
05
1
5
1
0
0
12
9
11
0
01
9
15
1
0
0
1121
0
0
11
05
1
5
1
0
0
112
9
11
0
01
9
11
0
0
11
1
2
1
5
1
0
0
0
0
11
1
2
11
9
0
15
1
5
1
0
01
9
0
15
1
5
1
0
0
111
9
11
0
0
11
0
0
11
0
0
0
112
9
11
0
01
9
11
0
0
101
115
1
1
511
0
01
9
11
0
0
11
1
11
05
1
5
1
0
0
1111
9
0
15
1
5
1
0
01
2
9
11
0
01
90
11
1
5
1
0
0
11
1
2
1
5
1
0
0
1121
0
0
11
05
1
5
1
0
0
112
9
11
0
01
9
1
112
2
1
5
1
0
0
0
0
11
1
2
11
9
0
15
1
5
1
1
5
0
0
11
1
2
101
9
11
0
01
9
11
0
0
12
0
0
11
05
1
5
1
0
0
112
9
11
0
01
9
11
0
0
11
1
2
1
5
1
0
0
0
0
11
1
2
11
9
0
15
1
5
1
0
01
9
0
15
1
5
1
0
0
111
9
11
0
0
11
0
0
11
0
0
112
9
11
0
02
11
9
0
15
1
5
0
11
0
0
11
0
0
112
9
11
0
02
11
9
0
15
1
5
1
0
01
2
9
11
0
01
90
11
1
5
1
0
0
11
1
2
1
5
1
0
0
1121
0
0
11
05
1
5
1
0
0
112
9
11
0
01
9
1
112
9
11
0
01
9
11
0
0
11
1
2
1
5
1
0
0
0
0
11
1
5
1
0
0
1
1
0
01
2
9
11
0
01
90
11
1
5
1
0
0
11
1
2
1
5
1
0
0
1121
0
0
11
05
1
5
1
0
0
112
9
11
0
01
9
1
112
9
11
0
01
9
11
0
0
11
1
2
1
5
1
0
0
0
0
11
1
5
1
0
0
112
9
11
0
01
9
11
0
0
11
1
2
1
5
1
0
0
0
0
11
1
2
11
9
0
15
1
5
1
0
01
9
0
15
1
5
1
0
0
111
7
11
0
0
11
0
0
11
050
0
112
9
11
0
0
01
2
9
11
0
01
9
11
0
0
11
1
2
101
1
5
1
0
05
1
0
0
11
5
1
0
0
112
9
11
0
01
9
11
0
0
11
1
2
11
9
0
15
1
1