1
99
120
91
11
020
00
512
0
0
011
99
0
0
0
0
02
1
99
24
2
9
1
9
1
112
11
512
2
9
1
9
1
112
1
512
0
10
00
0
01
9
11
020
00
0
0
0
0
11
5
0
10
00
0
01
9
11
0
00
0
0
0
2
1
020
0
10
02
1
99
24
2
9
9
1
9
1
112
0
91
11
020
00
0
0
00
0
0
0
0
0
0
0
0
020
00
0
0
00
0
0
0
0
0
0
0
0
0
02
1
99
24
2
9
1
9
1
112
11
512
2
9
1
9
1
112
11
5
0
10
00
0
01
9
11
020
00
0
0
0
0
0
0
0
0
0
0
0
0
0
01
99
24
2
9
1
9
1
112
11
0
0
0
0
0
0
0
0
0
0
0
0
0
02
1
99
24
2
9
1
9
1
112
11
512
2
9
1
9
1
1
11
512
0
10
00
0
01
9
11
020
00
0
0
0
0
0
0
0
0
9
11
020
0
1
0
1
112
11
512
0
10
00
0
011
99
120
91
11
020
00
0
0
00
0
0
0
0
0
0
0
0
0
02
1
99
24
2
9
1
9
1
0
0
01
5
1
0
0
1
9
11
0
01
9
11
0
0
11
1
2
11
9
11
0
01
9
11
0
0
11
05
1
5
1
0
0
111
9
11
0
0
1
0
0
110
0
11
1
05
11
1
05
1
10
0
9
11
020
0
10
02
1
99
24
2
9
1
9
1
112
11
512
2
9
1
0
1
112
11
512
0
10
00
0
011
99
120
91
11
020
00
0
0
00
0
0
0
0
0
0
0
0
0
0
1
99
24
2
9
1
9
1
112
11
512
2
9
1
9
1
112
11
512
0
10
00
0
01
9
11
020
00
0
0
0
0
0
0
0
0
0
0
0
0
0
0
0
02
1
99
24
2
9
1
9
1
112
11
512
2
9
120
91
91
020
00
0
0
00
0
0
0
0
0
0
0
0
0
02
1
99
24
2
9
1
9
1
112
11
512
2
9
1
9
1
111
11
5121
99
120
91
11
020
00
0
0
00
0
0
0
0
0
0
0
0
0
02
1
99
24
2
9
1
9
1
112
11
5
0
10
01
9
10
0
0
0
9
11
020
00
0
0
0
0
0
0
0
012
2
9
1
0
1
112
11
512
0
10
00
0
011
99
120
91
11
120
00
0
0
00
0
0
0
0
0
0
0
0
0
02
1
99
24
2
9
1
9
1
112
11
512
2
9
1
9
1
112
11
512
0
10
00
0
01
9
11
020
00
0
0
0
0
0
0
0
0
0
0
0
0
0
0
0
0
0
10
00
0
011
89
120
91
11
020
00
0
0
00
0
0
0
0
0
0
0
0
0
02
1
99
24
2
9
1
9
1
0
0
00
0
9
11
020
0
1
0
1
112
11
10
00
0
011
99
120
91
91
020
00
0
0
00
0
0
0
0
0
0
0
0
0
02
1
99
24
2
9
1
9
1
1
020
00
0
0
0
0
0
0
0
0
0
0
0
0
0
0
0
02
1
99
24
2
9
1
9
1
112
11
512
2
9
1
9
1
112
11
51
0
02
0
10
00
0
01
9
11
020
00
0
0
0
0
0
0
0
0
9
11
020
0
1
0
1
112
11
512
0
10
00
0
011
99
120
91
11
020
00
0
0
00
0
0
0
0
0
0
0
0
0
02
1
99
24
2
9
1
9
1
0
0
00
0
9
11
020
0
1
0
1
112
11
512
0
10
00
0
011
99
120
91
11
020
00
0
0
512
0
10
00
0
011
99
120
9
120
91
11
020
00
0
0
00
0
0
0
0
0
0
0
0
020
00
0
0
00
0
0
0
0
0
0
0
0
0
02
1
99
24
2
9
1
9
1
112
11
512
2
9
1
0
1
112
11
512
0
10
00
0
011
99
120
91
11
020
002
0
0
00
0
0
0
0
0
0
1
0
0
0
9
1
112
11
5
0
10
00
0
01
9
11
020
00
0
0
0
0
0
0
0
0
0
0
0
0
0
0
0
02
1
99
24
2
9
1
9
1
112
11
0
0
0
0
0
0
0
0
0
0
0
0
0
02
1
99
24
2
9
1
9
1
112
11
512
2
9
1
9
1
121
11
512
0
10
00
0
01
0
00
0
0
0
0
0
0
0
0
9
11
020
0
1
0
1
112
11
512
0
10
0
020
00
0
0
00
0
0
0
0
020
00
0
0
00
0
0
0
0
00
0
0
02
1
99
24
2
9
1
9
1
11
512
2
9
1
9
1
112
11
5
0
10
00
0
01
9
11
020
00
0
0
0
0
0
0
0
0
0
0
0
0
0
0
0
02
1
99
24
2
9
1
9
10
0
0
0
0
0
0
0
0
0
0
0
02
1
99
24
2
9
1
9
1
112
11
512
2
9
11
512
0
10
00
0
01
9
11
020
00
0
0
0
0
0
0
2
11
5
0
10
00
0
01
9
110
0
0
0
0
0
0
0
0
0
02
1
99
24
2
9
1
9
1
112
11
512
2
9
1
9
1
121
11
512
0
10
00
0
01
9
11
020
00
0
0
0
0
0
0
0
0
9
11
020
0
1
0
1
112
11
512
0
10
0
020
00
0
0
00
0
0
0
0
020
00
0
0
00
0
0
0
0
0
0
0
0
0
02
1
99
24
2
9
1
9
1
112
11
512
2
9
1
9
1
112
11
5
0
10
00
0
01
9
11
020
00
0
0
0
0
0
0
0
0
0
0
0
0
0
0
0
02
1
99
24
2
9
1
9
1
112
11
0
0
0
0
0
0
0
0
0
0
0
0
0
02
1
99
4
2
9
1
9
1
112
11
512
2
9
1
9
1
121
11
512
0
10
00
0
01
9
11
020
00
0
0
0
0
0
0
0
0
9
112
11
512
0
10
00
0
011
99
120
91
11
020
00
0
0
00
0
0
0
0
0
0
0
0
0
02
1
99
24
2
9
1
9
1
0
0
00
0
9
11
020
0
10
02
1
99
24
2
9
1
9
1
112
11
512
2
9
1
0
1
112
11
512
0
10
00
0
011
99
120
91
11
020
00
0
0
00
0
0
0
0
0
0
0
0
0
02
1
99
24
2
9
1
9
1
112
11
512
2
9
1
9
1
112
11
512
0
10
00
0
01
9
11
020
00
0
0
0
0
0
0
0
0
0
0
0
0
0
0
02
1
99
2491
11
020
00
0
0
00
0
0
0
0
0
0
0
0
0
02
1
99
24
2
9
1
9
1
0
0
0
0
0
0
0
0
0
0
0