1
9
1
0
0
0
0
0
0
0
00
0
0
0
0
0
10
00
0
011
99
121
11
020
00
0
0
00
0
0
0
0
0
0
0
0
0
02
1
99
24
2
9
1
9
1
0
0
00
0
9
11
08
0
1
0
1
112
11
10
0
0
011
99
120
91
91
0
00
0
00
0
0
00
0
0
0
0
0
0
0
04
2
9
1
9
1
0
0
0
0
0
0
0
0
0
1
0
0
0
0
0
0
0
00
0
0
0
0
00
0
10
00
0
0
0011
99
120
9
11
0
00
0
0
00
0
0
0
0
0
0
0
0
04
2
9
1
9
1
0
0
0
0
0
0
0
0
0
1
0
0
0
0
0
0
00
0
0
0
0
0
0
0
10
00
0
0
99
91
11
020
00
0
0
00
0
0
0
0
0
0
0
0
0
02
1
99
24
2
9
1
9
1
0
0
00
0
9
11
020
0
1
0
1
1
11
10
00
0
011
9
120
91
91
020
00
0
0
00
0
0
0
0
0
0
0
0
0
0
9
1
0
2
1
99
24
2
9
1
1
512
0
10
00
0
02
9
1
2
9
1
1
0
0
10
00
0
0110
0
0
0
0
0
0
1
0
0
0
0
0
0
00
0
0
0
0
0
020
00
0
0
00
0
0
0
0
0
0
0
0
4
2
5
1
0
0
0
0
0
0
0
0
0