



58
6

8
8

8
8
94
9
8
89
8
8
8

8
98
9
8
9
8
9
8
2

8
8
5
8
8
04
3
7898
98
8

8
8
98
9
8
86
8
8
8

8
8
4

8
98
9
8
9

8
98
9
8
9
8
9
8
2

8
8
5
8
8
04
3
7898
98
8

8
8
98
9
8
86
8
8
8

8
8
4
18
98
9
8
9
8
9
8
2

4
8
5
98
8

8
8
7898
98
8

8
8
98
9
8
6
9
8
2

8
8
5
98
8

8
8
98
9
8
8

8
98
9
8
9
8
9
8
2

8
8
5
8
8
04
3
7898
98
8

8
8
98
9
8
86
8
8
8

8
8
4

8
98
9
8
9
8
9
8
2

8
8
5
98
8

8
8
98
9
8
89
8
8
8

82
8
98
9
8
88
8
98
6

8
8

8
8
94
94
76

8
8

8
8
94
9
8
89
8
8
8

8
98
9
8
9
8
9
8
2

8
8
5
8
8
04
358
6

8
8

8
8
94
9
8
89
8
8
8

8
98
9
8
9
8
9
8
2

8
8
5
84
94
76

8
8

8
8
94
9
8
89
8
8
8

8
98
9
8
9
8
9
8
2

8
8
5
8
8
04
358
6

8
8

8
8
94
9
8
89
8
8
8

8
98
9
8
9
8
9
8
2

8
8
5
8
8
04
3
7898
98
8

8
8
98
9
8
86
8
8
8

8
8
4

8
98
9
8
9
8
9
8
2

8
8
5
98
8

8
8
98
9
8
89
8
8
8

82
8
98
9
8
88
8
98
6

8
8

8
8
94
94
76

8
8

8
8
94
9
8
89
8
8
8

8
98
9
8
9
8
9
8
2

8
8
5
8
8
04
3
7898
98
8

8
8
98
9
8
86
8
8
8

8
8
4
18
98
9
8
9
8
9
8
2

48
8
5
98
8

8
8
7898
98
8

8
8
98
9
8
86
8
8
8

8
8
4

8
98
9
8
9
8
9
8
2

8
8
5
98
8

8
8
98
9
8
89
8
8
8

82
8
98
9
8
89
8
8
88
8
4

8098
9
8
9
6

8
8

8
8
94
94
76

8
8

8
8
94
9
8
89
8
8
8

8
98
9
8
9
8
9
8
2

8
8
5
8
8
04
358
6

9
8
9
8
9
8
2

8
8
5
98
8

8
8
98
9
8
89
8
8
8

82
8
98
9
8
88
8
98
6

8
8

8
8
94
94
76

8
8

8
8
94
9
8
89
8
8
8

8
98
9
8
9
8
9
8
2

8
8
5
8
8
04
3
7898
98
8

8
8
98
9
8
86
8
8
8

8
8
4
18
98
9
8
9
8
9
8
2

4
8
5
98
8
8
8

8
98
9
8
9
8
9
8
2

8
8
5
8
8
04
3
7898
98
8

89
8
98
9
8
86
8
8
8

8
8
4

8
98
9
8
9
8
9
8
2

8
8
5
98
8

8
8
98
9
8
89
8
8
8

82
8
98
9
8
89
8
8
88
8
4

8098
9
8
9
8
96

7
9
7

3
4
-