

3

6

30

330



3

3









7

267
3







8
7
9

45





1

7
1

73
7
1

3



3







3

7

2
30

330

3



3







3

7

2
30
495







3
77

7
9

45





1

7
1

73
7
1

3



3







3

7

2
30

33

3



77

7
9

45





3

7

2
30

330

3



3







3

7

2
30

33
330

3
367
3



3







3

495







3
77

7
9

45





1

7
1

73
7
1

3



3







3

7

2
30

33

37

2
30
47

7
9

45





1

7
1

73
7
1

3



3







3

7

2
30

330

3



3

77

7
9

45





3

7

2
30

330

3



3







3

7

2
30

33
330

3
367
3



3







3

495







3
77

7
9

45





1

7
1

73
7
1

3



3









4

7

9
