77
3



0

7



7

3

7

7

3

7

3

3

7



7

3

7

7

3



3

7

3

3

3

73

7

7

3

7

3



3

7

3

3

3

73

7

7

3



3

7

3

0
5
7



7

3

7

3



3

7

3

3

3

7

7

2



3

7

3

3

3

73

5

3

3
3

30

7



7

3

7

7

7

3

7

7

3



3

7

3

3

6



7

3

7

7

3



3

7

3

7

7
7

3

7

7

3



3

7

3

0
5
7



7

3

7

3



7

7

3

7





7

3

3

7



7

3

7

7

3



3

7

3

3

3

73

7

7

3

7

3



3

7

3

3

3

73

7

7

3



3

7

3

0
5
7



7

3

7

3



3

7

3

3

3

7

7

2



3

7

3

3

3

73

5

3

3
3

30

7



7

3

7

7

7

3

7

7

3



3

7

3

3

6



7

3

7

77

3

9

7

2



7

3

3

3

73

5

3

3