77
3



0

7



7

3

7

7

3

7

3

3

7



7

3

7

7

3



3

7

3

3

3

73

7

7

3



3

7

3

0
5
7



7

3

7

7

3



3

7

3

3

3

73

3

73

5

3



3



7



7

32
7

7

2



3

7

3

3

3

73

5

3

3
3

30

7



7

3

7

7

7

3

7

7

3



3

7

3

3

7



7



7

3

7

7

3

7

3

3

7



7

3

7

7

3



3

7

3

3

3

73

7

7

3



3

7

3

0
5
7



7

3

7

7

3



3

7

3

3

3

73

3

73

5

3



3

0

7



7

32
7

7

2



37

3

7

7

3



3

7

3

7

7

3



3

7

3

3

3

73

5

3

3



0

7



7

3

7

7

3



3

7

3

0
5
7



7

3

7

7

3

7



7

3

7

7

2



7

3



3

373

5

3

3