3	
	29	4	1	4	2	2	1	24	4		2	91	4		9	4	7	3	
	29	4	1	4	2	2	1	1	4	4	2	42	9	4	7	3	
	29	4	1	4	2	2	1814	4		2	91	4		9	4	4	7	3	
	24	
	29	4	1	4	2	2	1	14	4		2	91	4		9	4	7	3	
	29	4	1	4	2	2	1	1	4	4	2	42	9	4	7	3	
29	4	1	4	2	6	1814	4		2	91	4		9	4	4	7	3	
	
	29	4	1	4	2	2	4	4		1	91	4		9	4	4	7	3	
	2
	29	4	1	4	2	2	1	1	4	4	2	42	9	4	7	3	
	29	4	1	4	2	2	1814	4		2	91	4		9	4	4	7	3	
	29	4	1	4	2	2	1	1	4	4	2	42	9	4	7	3	
	29	4	1	4	2	2	1	4	4	2	9	4	7	3	2	2
29	4	1	4	2	2	1	14	4		2	91	4		94	4	7	3	
	29	4	1	4	2	2	1	2	4	4	2	41	9	4	7	3	
	29	4	1	4	2	2	1	4	4	2	9	4	7	3	2	2
	
	29	4	1	4	2	2	1	14	4		2	91	4		9	4	7	3
	29	4	1	4	2	2	1	1	4	4	2	2	1	1	1	2