3	
	29	4	1	4	2	2	1	14	4		2	91	4		9	4	7	3	
	29	4	1	4	2	2	1	1	4	4	2	42	9	4	7	3	
	29	4	1	4	2	2	1814	4		2	91	4		9	4	4	7	4	
	29	4	1	4	2	2	1	14	4		2	91	4		9	4	7	3	
	29	4	1	4	2	2	1	1	4	4	2	42	9	4	7	3	
	29	4	1	4	2	2	1814	4		2	91	4		9	4	4	7	3	
	29	4	1	4	2	2	1	14	4		2	91	2	9	4	7	3	
	29	4	1	4	2	2	1814	4		2	91	4		9	4	4	7	3	
	2
	29	4	1	4	2	2	1	1	4	4	2	42	9	4	7	3	
	29	4	1	4	2	2	1814	4		2	911	4	2	2	1	14	4		2		
	29	4	1	4	2	2	1814	4		2	91	4		9	4	4	7	3	
	29	4	1	4	2	2	1	14	4		2	91	4		9	4	7	3	
	29	4	1	4	2	2	1	1	4	4	2	42	9	4	7	3	
4		9	4	7	3	
	29	4	1	4	2	2	1	1	4	4	2	42	9	4	7	3	
	29	4	1	4	2	2	1	4	4	2	9	4	7	3	2	2
9		
	29	4	1	4	2	2	1	14	4		2	91	4		9	4	7	3	
	29	4	4	1	4	2	2	1		414		2	91	4		9	4	7	3	
29	4	1	4	2	2	1	1	4	4	2	42	9	4	7	3	
4		9	4	7	3	
	29	4	1	4	2	2	1	1	4	4	2	42	9	4	7	3	
	29	4	1	4	2	2	1	4	4	2	9	4	7	3	2	2
9		
	29	4	1	4	2	2	1	14	4		20	91	4		9	4	7	3	
	29	4	1	2	2	1	14	4		2	914	2	42	9	4	7	3	
	29	4	1	4	2	2	1814	4		2	91	4		9	4	4	7	3	
	2
	29	4	1	4	2	2	1	1	4	4	2	42	9	4	7	3	
	29	4	1	4	2	4	1814	4		2	91	4		9	4	4	7	3	
	29	4	4	2	2	1	14	4		2	91	1	4	4	2	42	9	4		
	29	4	1	4	2	2	1814	4	4		2	91	4		9	4	7	3	
	29	4	1	4	2	2	1	1	4	4	2	42	9	4	7	3	
4		9	4	729	4	1	4	2	2	1	1	4	4	2	42	9	4	7	3	
	29	4	1	4	2	2	1	4	4	2	9	4	7	3	2	2
9		
	29	4	1	4	2	2	1	14	4		2	91	4		9	4	7	3	
	29	4	1	4	2	2	1	1	4	4	2	2	1	1	1	2