1
6	1	
6	2
2	8
5	1
5	1
3	1
3	3
9	1
6	3
5	1
3	1
6	2
	2	8
6		2
3	3
5	1
3	1
3	3
5	1
3	1
85	1
3	1
6	2
	2	8
6	3
5	1
3	1
6	2
2	8
5	1
5	1
3	1
3	3
9	1
6	3
5	1
3	1
6	2
	2	8
6	3
5	1
3	1
6	2
2	1
5	1
3	1
3	3
5	1
36	2
	6	3
5	1
3	1
6	2
2	8
1
6	2
2	8
5	1
5	1
3	1
3	3
9	1
6	3
5	1
3	1
6	2
	2	8
6	2
3	3
5	1
3	1
3	3
5	1
3	1
85	1
3	1
6	2
	2	8	3
5	1
3	1
6	2
2	8
5	1
5	1
3	1
3	3
9	1
6	3
5	1
3	1
6	2
	2	8
6	3
5	1
3	1
6	2
2	1
5	1
3	1
3	3
5	1
36	2
	6	3
5	1
3	1
6	2
2	1
6	2
2	8
5	1
5	1
3	1
3	3
9	1
6	3
5	1
3	1
6	2
	2	8
6	3
5	1
3	1
6	2
6	2
	2	8
6	3
5	1

6	2
2	8