3 8294	1	4	1	1	1		4	2	9	42	9	4	7	3	
	29	4	1	4	2	2	1		14	2	91	4		9	4	4	7	3	
1	4	2	2	1	14	9	3 8294	1	42	9	4	7	3	
	29	4	1	4	2	2	1	14	4		2	91	4		9	4	4	7	3	
	29	4	1	4	2	2	1	14	4		2	91	4		9	4	7	3	
	29	4	1	4	2	2	1	1	4	4	2	42	9	4	7	3	
		1		4	2	9	4	2	4	421	1	1	4	4	2	9	4	7	3	
	29	4	1	4	2	2	1	14	4		2	91	4		9	4	7	3	
	29	4	1	4	2	2	1	1	4	4	2	42	9	4	7	3	
	29	4	1	4	2	2	1	144		2	91	4		9	4	4	7	3	
	29	4	1	4	2	2	1	14	4		2	91	4	9	4	7	3	
	29	4	1	4	2	2	1	1	4	4	2	42	9	4	7	3	
	29	4	1	4	2	2	1	4	4	2	9	4	7	3	2	2
9	4	1	1	1	1	4	4	2	4	1	4	24	7	42	9	3	
	29	4	1	4	2	2	1	4	4	2	9	4	7	3	2	2
9	4	12	2	1	4	4	2	4	1	4	2	2	1	1	1	2