  1	755	7
9	02	21	59	5	4	6	5	2
	3	31	2	3	31	3
9	51	21	59	5	4	6	5	23
7	2	3	31	3
9	51	21	59	5	4	6	5	2
7	2	3	31	3
9	51	2	59	5	4	6	5	2
7	2	3	31	3
1	1	6+9	25	19	2	1		3
9	02	21	59	5	4	6	5	2
7	2	3	31	3
9	51	21	59	5	4	6	5	23
7	2	3		6		5	4	6	5	2
7	2	3	31	3
9	51	2	59	5	4	6	5	2
7	2	3	62	3	2	3		6	1		3
9	02	21	5	2
7	2	3	31	2
9	51	21	59	5	4	6	5	23
7	2	3	31	3
9	51	21	59	5	4	6	5	2
7	2	3	31	3
9	51	2	59	5	4	6	5	2
7	2	3	31	3
1	1	6+9	25	19	2	1		3
9	02	21	59	5	4	6	5	2
7	2	3	31	3
9	51	21	59	5	4	6	5	23
7	3
9	51	21	59	5	4	6	5	2
7	2	3	31	3
9	51	2	59	5	4	6	5	2
7	2	3	62	3
1	1	6+9	25	19	2	1		3
9	02	21	59	5	4	6	4	2
7	2	3	31	3
9	9	51	21	59	5	4	6	5	23
7	2	3		6	3
9	02	21	59	4	6	5	2
7	2	3	31	3
9	51	2	59	5	4	6	5	2
7	2	3	31	3
1	1	6+9	25	19	2	1		3
9	51	91	59	5	4	6	5	2
7	2	3	31	3
9	51	2	59	5	4	6	5	2
7	2	3	31	3
1	1	6+9	25	19	2	1		3
9	02	21	59	5	4	6	5	2
7	2	3	31	3
9	51	21	59	5	4	6	5	23
7	23
7	3
9	51	21	59	5	4	6	5	2
7	2	3	31	3
9	51	2	59	5	4	6	5	2
7	2	3	62	3	2	3		6	1		3
9	02	21	5	2
7	2	3	31	2
9	51	21	59	5	4	6	5	23
7	2	3	31	3
9	51	21	59	5	4	6	5	2
7	2	3	31	3
9	51	2	59	5	4	6	5	2
7	2	3	31	3
1	1	6+9	25	19	2	1		3
9	02	21	59	5	4	6	5	2
7	2	3	31	3
9	51	21	59	5	4	6	5	23
7	3
9	51	21	59	5	4	6	5	2
7	2	3	31	3
9	51	2	59	5	4	6	5	2
7	2	3	62	3
1	1	6+9	25	19	2	1		3
9	02	21	59	5	4	6	4	2
7	2	3	31	3
9	951	21	59	5	4	6	5	23
7	2	3		6	3
9	02	21	59	5	4	6	5	2
7	2	3	31	3
9	51	21	59	5	4	6		31	3
9	51	21	59	5	4	6	5	2
7	2	3	31		25	2
7	9		21	59	7	44	55	75,