43		1
6	4	2
6	14	2
3	1	1
6	4	2
6	1	1
6	3	1
6	4	1
6	1	4
6	4	1
	4
6	4	1
6	4	2
6	4	2
3	214
6	4	1
6	4	2
6	4	2
3	21	1
6	4	1
6	4	1
6	4	1
6	4	2
6	6	4	2
6	4	2
3	214
6	4	1
6	4	2
6	4	2
3	21	1
6	4	1
6	4	1
6	4	1
6	4	2
6	4	2
4	1
7	1	4
6	4	1
6	4	2
2
6	1	4
6	4	1
6	4	2
6	14	2
3	1	1
6	3	1
6
6	14	2
33	1
6	4	1
6	1	4
6	4	1
6	4	2
6	14	2
36	1		12
6	1	4
6	4	1
6	4	2
6	14	2
3	1	14	2
3	1	1
6	3	1
6	4	1
63	66	1		12
6	1	4
6	4	1
6	4	2
6	14	2
3	1	1
6	3	1
6	4	1
6	1	4
6	1		12
6	1	4
6	4	1
6	4	2
6	14	2
3	1	1
6	3	1
6	4	1
6	1	4
6	4	1
6	4	2
2
6	1	4
6	4	1
6	4	2
6	14	2
3	1	1
6	6	2
6	14	2
3	1	1
6	3	1
6	4	1
6	1	4
6	4	2
6	1	4
6	4	1
6	4	2
6	14	2
3	1	1
6	3	1
6	2
6	14	2
33	1
6	4	1
6	1	4
6	4	1
6	4	2
6	14	2
36	1		12
6	1	4
6	4	1
6	4	2
6	14	2
3	1	14	2
3	1	1
6	3	1
6	4	1
63	66	1		12
6	1	4
6	4	1
6	4	2
6	14	2
3	1	1
6	3	1
6	4	1
6	1	4
6	1		12
6	1	4
6	4	1
6	4	2
6	14	2
3	1	1
6	3	1
6	4	1	13