656	1
3 


3
	1	
3	

	

1	
1
3				

1	
1	

1	
1	
2	

5
5	

3

3	
	1	
1
3	


312
3	
3	
	1	
1
3	
3	
1
	3	
1
4	
1	

3	
	1	
1	
1
3
6
1	
3	

5
5	

3

3	
	1	
1
3	
3	
3
	3	
1
3	
	1	
3	

		
1	
1
3			
1	
1	
3	

5 
5	

3

3	
3

3	

1	
1	
3	

5
5	

3

3	
1	
5
5	

3

3	
	1	
1
3	
3	
3
	3	
1
3	
	1


		1	
1
3	

3	
3	
	1	

3	
3	
1
	3	
1
4	
1	

3	
	1	
1


1	

6
1	
3	

5
5	

6

3	
	1	
1
3	
3	
3
	3	
1
3	
	1	
1  			

1	
1
3			

1	
1	
3	

5 
5	

3

3	
3

3	

1	
1	
3	

5	

3

3	
1	
5
6	

1

3	
	1	
3	
3	
3
	3	
1
3	



	3		

1	
1	
3		
	1	
5	13