1
6          1            	        1      1   3		1
3
7
3
1
3
1
3
3
1
3
81            1 7       1              	  3    3        1           2  6    1      	9    6      1          1    6        3  6    1  1             	     1   3
3
6
3
8
9
1
3
3
7
3
2
6
3
8
9
1
 1 7              3  6 	  3  6  1  6              1      1     61    1            1        8    0