6
21294	1	4	4	2	1	1	1	4	4	2	9	4	7	3	
4	1	4	2	2	1	1	4	4	2	91	4	4	2		4149	4	71	3	
4	1	4	2	2	1	1	4	4	2	91	4	4	22	9	4	3	3	
2	1	4	2	2294	1	4	02	1	1	1	4	4	2	9	7	3	
4	1	4	2	2	1	1	4	4	2	961	4	4	22	9	4	7	3
4	1
	21294	1	4	42	2	1	1	4	4	2	9	4	7	3	6
4	1	4	22	1	1	4	4	2	91	4	4	22		2		4149	47	3	
4	1	5	2	2	1	1	4	4	2	2	2	1	4	2	22	97	3
4	384	1	4	42	2	1	1	1	4	4	2	9	4	7	3	6
4	1	4	2	2	1	1	4	4	2	91	4	4	22	9			2		41497	3	
4	1	4	2	2	1	1	4	4	2	91	4	4	22	9	4	3	3	
4	1	4	2	2294	1	4	04	2	1	1	2	9	4	7	3	
4	1	4	2	2	1	1	4	4	2	91	4	4	22	9	4	7	3
4	1	4	2	91	41	92	91	4	4	92	29	4	1	4	4	3	3	
4	1	4	2	2		4		4	2	91	4	4	2	9	4	9	4	7	3	
	29	4	1	4	92	2	1	1	4	4	1	9	4	7	9	1	2