29294	1	4	32	2	1	1	1	4	4	7	3	2	29	4	1	625	94	1	4	2	2	1	1	1	4	4	9	
	3	2	23	2	29	4	1	4	2	2	1	1	1	4	4	2	4	1	472	2	4	7	3	2	29	4	1	4	2	1	11	2	9	
	7	3	2	19	4	1	41	1	14	7	3	2	29	4	1	4	25	94	1	4	2	2	1	1	1	4	4	2	9	
	7	3	62		4	1	4	2522	2	1	1	1	4	4	2	9	4	7	3	2	29	4	114	2	2	2	1	11	4	4	2	9	
	7	3	2	19	4	1	4+1	1	14	7	3	2	29	2	29	4	1	4	2	222	2	2	1	11	4	4	2	9	
	7	3	2	19	4	1	4+1	1	14	3	3	2	29	4	1	4	2	4	1	4	2	2	2	1	11	4	4	2	9	
	7	3	2	19	4	1	4+1	1	07	7	3	2	29	4	1	4	25	94	1	4	2	2	1	1	1	4	4	2	9	
	7	3	2	29	4	1	4	2	22	2	1	1	1	4	4	2	9	4	7	3	2	29	4	1	4	2	2	2	1	1	1	
	7	3	2	2904	1	7	3	2	19	4	1	4+1	1	1	4	4	2	22	2	1	1	1	4	4	211	4	4	7	9	
	7	3	2	11	14	7	3	2	29	4	1	4	4	7	3	2	29	4	1	4	2	2	2	1	11	4	4	2	9	
	7	3	2	19	4	1	4+1	1	1	4	4	2	9	4	7	4	7	3	2	29	4	1	4	2	2	2	1	11	4	4	2	9	
	7	3	2	19	4	1	4+1	1	14	7	3	2	29	4	1	4	25	94	1	4	2	2	1	1	1	4	4	2	9	
	7	4	2	29	4	1	4	2	22	2	1	1	1	4		9	4	7	3	2	21	4	1	4	2	2	2	1	1	1	1	4
	4	2	9	1	4	32	2	1	1	1	4	4	7	3	2	29	4	1	6		25	94	1	4	2	2	1	1	1	4	4	9	
	3	3	2	29	4	1	4	2	2	1	1	1	4	4	2	4	1	472	2		7	3	24	1	4	2	2	2	1	11	2	9	
	7	3	2	19	4	1	41	1	14	7	3	2	29	4	1	4	25	94	1	4	2	2	1	1	1	4	4	2	9	
	7	3	62		4	11	1	4	4	2	9	4	7	3	2	29	4	114	2	2	2	1	17	14	2	2	2	1	11	4	4	2	9	
	7	3	2	19	4	1	4+1	1	14	7	3	2	29	2	29	4	1	4	2	222	2	2	1	11	4	4	2	9	
	7	3	2	19	4	1	4+1	1	14	3	3	2	294	1	4	21	1	44	1	4	2	2	2	1	11	4	4	2	9	
	7	3	2	19	4	1	4+1	1	1	4	4	2	9	4	7	3	2	29	4	1	4	2	2	2	1	11	4	4	2	9	
	7	3	2	19	4	1	4+1	1	07	7	3	2	29	4	1	4	25	94	1	4	2	2	1	1	1	4	4	2	9	
	7	3	2	29	4	1	4	2	22	2	1	1	1	4	4	2	9	4	7	3	2	24	4	1	4	2	2	2	1	1	1	1	4
	4	2	9	9	
	7	3	2	2904	1	7	3	2	19	4	1	4+1	1	1	4	4	2	22	2	1	1	1	4	4	211	4	4	2	9	
	7	3	2	11	14	7	3	2	29	8	1	4	21	1	43	2	29	4	1	4	2	2	2	1	11	4	4	2	9	
	7	3	2	3	2	29	2	29	4	1	4	2	222	2	2	4	21	1	44	1	4	2	2	2	1	11	4	4	2	9	
	7	3	2	19	4	1	4+1	1	1	4	4	2	9	4	7	3	2	29	4	1	4	2	2	2	1	11	4	4	2	9	
	7	3	2	19	4	1	4+1	1	07	7	3	2	29	4	1	4	25	94	1	4	2	2	1	1	1	4	4	2	9	
	7	3	2	29	4	1	4	2	22	2	1	1	1	4	4	2	9	4	7	3	2	294	1	4	2	2	2	1	1	1	1	4
	4	3	2	2904	1	7	3	2	19	4	1	4+1	1	1	4	4	2	22	2	1	1	1	4	4	211	4	4	2	9	
	7	3	2	11	14	7	3	2	1	4	4	2	9	4	7	3	2	29	4	1	4	2	2	2	1	11	4	4	2	9	
	7	3	2	19	4	1	4+1	1	1	4	4	2	9	4	7	4	7		1	44	1	4	2	2	2	1	11	4	4	2	9	
	7	3	2	19	4	1	4+1	1	1	4	44	7	3	2	29	4	1	4	2529	4	94		11	4	2	2	1	1		41	