6	1
2	2
3	3
5	1
3	1
3	3
5	1
3	1
6	3
5	1
5	2
3	3
5	1
3	1
3	3
5	1
3	1
6	3
5	1
3	1
3	3
5	1
3	11
2	2
3	3
5	1
3	1
35	3
5	1
3	1
6	3
5	1
5	1
3	1
3	3
5	1
3	3
5	1
3	1
3	3
5	1
3	1
6	3
5	1
5	1
3	1
3	3
5	1
3	11
2	2
	1
3	11
2	2
3	3
5	1
3	1
3	3
5	1
3	1
6	3
5	1
3	1
35	3
5	1
3	1
6	3
5	1
5	1
3	1
3	3
5	1
3	3
5
5	1
5	1
3	1
6	3
5	1
3	1
3	3
5	1
3	11
2	2
3	3
5	1
3	1
35	3
5	1
3	1
6	3
5	1
5	1
3	1
3	3
5	1
3	3
5	1
3	1
3	3
5	1
3	1
6	3
5	1
5	1
3	1
3	3
5	1
3	11
2	21
3	11
2	2
3	3
5	1
3	1
3	3
5	1
3	1
6	3
5	1
3	1
35	3
5	1
3	1
6	3
5	1
5	3
5	1
3	1
6	2
	2	8