6
	21294	1	4	42	2	1	1	1	4	4	2	9	4	7	3	
4	1	4	2	2	1	1	4	4	2	91	4	4	2		4149	4	7	3	
4	1	4	2	2	1	1	4	4	62	91	4	4	22	9	4	3	3	
4	1	4	2	2294	1	4	042	2	11	1	4	4	2	9	4	7	3	
4	1	4	2	2	1	1	4	4	2	91	4	4	22	9	4	7	3
4	1
	21294	1	4	42	2	11	1	4	4	2	9	4	7	3	6
4	1	4	2	2	1	1	4	4	2	91	4	4	22	9			2		4149	4	7	3	
4	1	4	2	2	1	1	4	4	2	2	2	1	1	4	4	2	39	4	4	296
	21294	1	4	42	2	1	1	1	4	4	2	9	4	7	3	
4	1	4	2	2	1	1	4	4	2	91	4	4	2		4149	4	7	3	
4	1	4	2	2	1	1	4	4	2	91	4	4	22	9	4	3	3	
4	1	4	2	2294	1	4	042	2	1	42	4	2	9	4	7	3	
4	1	4	2	2	1	1	4	4	2	91	4	4	22	9	4	7	3
4	1
	21294	1	4	42	2	1	1	1	4	4	2	9	4	7	3	6
4	1	4	2	2	1	1	4	4	21	4	4	22	9			2		4149	4	7	3	
4	1	4	2	2	1	1	4	4	2	2	2	1	1	4	4	2	91				
1
	21294	1	4	42	2	1	1	1	4	4	2	9	4	7	3	6
4	1	4	2	2	1	1	4	4	2	91	4	4	26	9			24	7	3	
4	1	4	2	1	1	1	4	4	2	91	4	4	22	9	4	3	3	
4	1	4	2	2294	1	4	042	2	1	1	1	4	4	2	9	4	7	3	
4	1	4	2	2	1	1	4	4	2	91	4	4	22	9	4	7	3
4	2	9	9	4		4		4	2	9	4	4	92	29	4	1	4	4	
4	1	4	2	2		4		4	2	91	4	4	2	9	4	9	4	7	3	
	29	4	1	4	92	2	1	1	4	4	1	9	4	7	9	1	2	4	7	3
4	1
	21294	1	4	42	2	1	1	1	4	4	2	9	4	7	3	6
4	1	4	2	2	1	1	4	4	2	91	4	4	22	9			2		4149	47	3	
4	1	4	2	2	1	1	4	4	2	91	4	4	22	9	4	3	3	
4	1	4	2	2294	1	4	042	2	4	4	2	9	4	7	3	
4	1	4	2	2	1	1	4	4	2	91	4	4	22	9	4	7		9
3	3	1	4	2	9	4		4		4	2	91	4	4	92	29	4	1	4	4		
4	1	4	2	2		4		4	2	91	4	4	2	9	4	9	4	7	3	
	29	4	1	4	92	2	1	1	4	24	1	8	4	7	9	1	2