2
0
00
0
89
0200030
2
0
002
0230
2
0230
2
03
0
0
89
2
0
00
0
88
8
09
02330
2
0
60
0
89
020
030
2
0
00230
889
0200
0
849
030
23
0
8
8
09
02300
8
09
0230
2
00
2
0
60
0
89
020
430
2
0
0
0200
0
89
030
23
0
8
8
09
0230
2
0
00
0
89
0230
2
0
002
0020
89
020
0
0
0
8
09
0230
2
0230
2
03
0
0
89
0230
2
0
00
0
88
8
09
02330
2
0
60
0
89
020
030
2
0
00230
889
0200
0
849
030
23
0
8
8
0
2
0
00
0
89
00230
889
0200
0
89
030
23
0
8
8
09
0230
2
0
00
0
89
0230
2
0
002
0020
89
020
0
0
0
8
09
0230
2
0230
2
03
0
0
89
0230
2
0
00
0
88
8
09
02330
2
0
60
0
89
020
030
2
0
00230
889
0200
0
8900
0
80
2
0
00
0
88
8
09
02330
2
0
2
0
00
0
89
00230
889
0200
0
89
030
23
0
8
8
09
0230
2
0
00
0
89
0230
2
0
002
0020
89
020
0
0
0
8
09
0230
2
0230
2
03
0
0
89
0230
2
0
00
0
88
8
09
02330
2
0
60
0
89
020
030
2
0
00230
889
022
000
0
8
300
0
89