02322
3
20
000298
3
0
2
023
07230
21023
0023
0723
07230
022
3
20
00298
3
0020026
07235
2
020
00298
3
002230
21023
0023
07230
022
3
20
00298
3
6
07
2
020
00298
3
002230
21023
0023
07230
022
3
20
00298
3
0024023
0723530
022
3
20
00298
3
00200207230
022
3
20
00298
3
10020026
07235
2
020
00298
3
002230
21023
0023
07230
022
3
20
00298
3
6
07
2
020
0029
3
0020026
07235
2
020
30
21023
0023
07230
022
3
20
00298
3
6
07
2
020
00298
3
00220
00298
3
002230
21023
0023
07230
022
3
20
00298
3
6
230
02233
20
00298
3
0020026
07235
2
020
00298
3
002230
21023
0023
07230
022
3
20
00298
3
6
07
2
020
00298
3
002230
21023
0023
07230
022
3
20
00298
3
0024023
0723530
022
3
20
00298
3
002002023
0023
07230
022
3
200
022
3
20
00298
3
6
07
2
020
00298
3
00220
00298
3
002230
21023
0023
07230
022
3
20
00298
3
6
07
2
020
00298
3
002230
21023
0023
07230
022
3
20
00298
3
030
21023
0023
07230
022
3
20
00020023
07235
2
023
-07230
28
020
33
-07230
28
020
307
2
020
00298
3
002230
21023
0023
07230
022
3
20
00298
3
030
21023
0023
07230
022
3
8
3
00220
00298
3
002230
21023
0023
07230
022
3
20
00298
3
6
230
022
3
20
23
0023
07230
022
3
20
00298
3
6
230
022
3
20
00298
3
0020026
07235
2
020
00298
3
002230
21023
0023
07230
022
3
20
00298
3
6
07
2
020
00298
3
00228
3
00220
00298
3
002230
21023
0023
07230
022
3
20
00298
3
6
230
022
3
20
00298
3
0020026
07235
2
020
00298
3
0027230
022
3
20
00298
3
0024023
0723530
022
3
20
00298
3
002002023
0020
21023
0023
07230
022
3
20
00298
3
6
07
2
020
00298
3
002230
21023
0023
07230
022
3
20
00298
3
030
21023
0023
07230
022
3
20
00298
3
0020023
07235
2
020
00298
3
0023
-07230
28
020
33
-07230
28
020
307
2
020
00298
3
002230
21230
022
3
20
00298
3
0024023
0723530
022
3
20
00298
3
002002023
0023
07230
022
3
20
00298
3
0020026
07235
2
020
00298
330
022
3
20
00298
3
6
07
2
020
00298
3
00220
00298
3
002230
21023
0023
07230
022
3
20
00298
3
6
07
2
020
00298
3
002230
21023
0023
07230
022
3
20
00298
3
030
21023
0023
07230
022
3
20
00298
3
0020023
07235
2
020
00298
3
0023
-07230
28
020
33
-07230
28
020
307
2
020
00298
3
002230
21023
0023
07230
022
3
20
00298
3
030
21023
0023
07230
022
3
20
00298
3
0020023
07235
2
020
00298
3
0023
-07230
28
020
33
-07230
28
020
3