2
0
00
0
89
0200030
2
0
00230
889
0200
0
89
030
23
0
0
8
09
0230
2
00
2
0
60
0
89
020
030
2
0
00230
889
0200
0
89
09
0200
0
89
030
23
0
8
8
09
0230
2
0
00
0
89
0230
2
0
002
0020
89
020
0
0
0
8
09
0230
2
0230
2
03
0
0
30
2
0
00
0
88
8
09
02330
2
0
60
0
89
020
030
2
0
00230
889
0200
0
89
030
23
0
8
8
09
00
0
89
00230
889
0200
00
8
8
09
0230
2
0
00
0
89
0230
2
0
002
0020
89
020
0
0
0
8
09
0230
2
0230
2
03
0
0
89
0230
2
0
00
0
88
8
09
02330
2
0
60
0
89
020
030
2
0
00230
889
0200
89
030
23
0
0
8
09
0230
2
00
2
0
60
0
89
020
030
2
0
00230
889
0200
0
89
030
23
0
8
8
09
0230
2
0
00
0
89
0230
2
0
002
0020
89
020
0
0
0
8
09
0230
2
0230
2
03
0
0
89
0230
2
0
00
0
88
8
09
02330
2
0
60
0
89
020
030
2
0
00230
889
0200
0
89
030
23
0
8
8
09
0230
2
0
00
0
89
00230
889
0200
0
89
030
23
0
8
8
09
0230
2
0
00
0
80
89
02
30
23
0
8
8
09
0230
2
0
00
0
89
0230
2
0
002
0020
89
020
0
0
0
8
09
0230
2
0230
2
03
0
0
89
0230
2
0
00
0
88
8
09
02330
2
0
60
0
89
020
030
2
0
00230
889
0200
0
89
030
23
0
8
8
09
0230
2
0
00
0
89
00230
889
0200
0
89
030
23
0
8
8
09
0230
2
0
00
0
89
0230
2
0
002
0020
89
020
0
0
0
8
09
0230
29
9
0
7
0230
2
03
0
0
89
0230
2
0
00
0
88
8
09
02330
2
0
60
0
89
020
030
2
0
00230
889
0200
0
8900
0
89
030
23
0
0
8
09
0230
2
00
2
0
60
0
89
020
030
2
0
00230
889
0200
0
89
030
23
0
8
830
2
0
00
0
89
0230
2
0
002
0020
89
020
0
0
0
8
09
0230
2
0230
2
03
0
0
89
0230
2
0
00
0
88
8
09
02330
2
0
60
0
89
020
430
2
0
00230
889
0200
0
89
030
23
0
8
8
09
0230
2
0
300
0
89
00232
0020
89
020
0
0
0
8
09
0230
2
0230
2
03
0
0
89
0230
2
0
00
0
8870303
0
0
20W+