2
0
00
0
89
0200030
2
0
00230
889
0200
0
89
30
23
0
0
8
09
0230
2
00
2
0
60
0
89
020
030
2
0
00230
889
0200
0
89
030
23
0
8
8
09
0230
2
0
00
0
89
0230
2
0
002
0020
89
020
0
0
0
8
09
0230
2
0230
2
03
0
0
89
0230
2
0
00
0
88
8
09
02330
2
0
60
0
89
020
030
2
0
00230
889
0200
0
89
030
23
0
8
8
09
0230
2
0
00
0
89
00230
889
0200
0
89
030
23
0
8
8
09
0230
2
0
00
0
89
0230
2
0
002
0020
89
020
0
0
0
8
09
0230
2
0230
2
03
0
0
89
0230
2
0
00
0
88
8
09
02330
2
0
60
0
89
020
030
2
0
00230
889
0200
0
89
030
23
0
8
8
09
0230
2
0
00
0
89
0230
2
0
002
0020
89
020
030
2
0
00
30
889
0200
0
89
030
23
0
8
8
09
0230
2
0
00
0
89
02330
2
0
00230
889
0200
0
89
030
23
0
8
8
09
0230
2
0
00
0
89
0230
2
0
002
00230
30
8
88
11¾0230
8
8889
0208	11Ð
70303
0
0
20W+