seeds: 28965817 302170009 1752849261 48290258 804904201 243492043 2150339939 385349830 1267802202 350474859 2566296746 17565716 3543571814 291402104 447111316 279196488 3227221259 47952959 1828835733 9607836

seed-to-soil map:
3680121696 1920754815 614845600
1920754815 3846369604 448597692
193356576 570761634 505124585
2369352507 2535600415 31531965
2400884472 2567132380 1279237224
0 459278395 111483239
698481161 97868205 361410190
1059891351 0 15994868
111483239 15994868 81873337

soil-to-fertilizer map:
1633669273 1273301814 72865265
2398515176 2671190790 99210785
2397916384 3018946373 598792
4035432196 3061716397 20017393
3298612516 3793795301 14249501
4030007411 3051046904 283
4054343309 3743652226 17948405

fertilizer-to-water map:
0 1095885172 129797665
2661548513 1044284418 17872363
3282164642 3678907615 214830258
1440687421 2218635146 3215889720
3496994900 4208791298 256
3601493119 2929761569 72393067

water-to-light map:
2375927917 1595026882 126334140
1307603095 818620477 43777869
2050676589 1855896418 112224406
3618302244 2909504698 119958941
3078570200 3088215627 6211083
3084781283 3094426710 141266337
524666822 53020621 149058240
673725062 862398346 147671362
2364320682 2577001713 11607235
1941578413 1584221500 10805382
2162900995 2536766467 40235246
162015400 237365123 4480592
821396424 241845715 141336168
166495992 1138498800 212882164
4277433486 4220367555 17533810
3226047620 2229635217 307131250
2909428734 1968120824 34606070
1885573816 3954749082 56004597
2711875933 2868267590 41237108
0 726306378 92314099
2944034804 1721361022 134535396
1584221500 3392008740 301352316
962732592 34415039 18605582
2235705153 2101019688 128615529
4252936467 4237901365 24497019
92314099 202078861 35286262
981338174 400041457 326264921
379378156 1010069708 128429092
3591930858 3693361056 26371386
3785017329 3719732442 235016640
2502262057 4010753679 209613876
3533178870 3029463639 58751988
3738261185 2821511446 46756144
4020033969 2806534555 14976891
1952383795 2002726894 98292794
127600361 0 34415039
2753113041 3235693047 156315693
507807248 383181883 16859574
2203136241 4262398384 32568912
4035010860 2588608948 217925607

light-to-temperature map:seeds: 

seed-to-soil map:
7 7 7
7 7 4
7 7 8
7 7 0
7 7 7
7 7 8
7 7 8
7 7 9
7 7 9
7 7 7
7 7 4
7 7 7
7 7 8
7
2137189745 1335050925 1 7 2
7 7 8
7 7 8
00355790
639139367 24470321747 987829
1663612748