seeds: 289658917 302170009 177 5 7 5 7 5 8 0 5 8 0 8 5 8 0 5 8 0 8 5 7 7 7 5 5 1700 5 8 0 5 8 0 55 7 5 7 7 0 0 5 7 5 7 5 7 7 0 5 8 0 5 7 7 5 7 7 7 7 0 5 8 7 7 7 5 8 0 5 8 0 5 5 7 5 7 8 5 7 7 8 0 8 5 7 7 7 5 8 0 5 8 0 5 7 5 7 5 7 5 8 0 7 5 7 5 7 7 0 5 8 0 5 7 75 7 8 5 7 7 7 5 5 8 0 904201 112171460

seed-to-soil map:
1 20789605 3610190
1059291351 0 15337

soil-to-fertilizer map:
44309 3 179405

fertilizer-to-water map:
0 107569 7239

water-to-light map:
2375 47 25607

light-to-temperature map:
99367 4224029 12582143

temperature-to-humidity map:
2687600433 78532 4155575572

humidity-to-location map:
995 1156349110 11ÿ‘šœ14424
