seeds: 

seed-to-soil map:
3 7 9
7 7 97
77 7 8
7 7 923
777 7 9
7 7 8
7 7 924
77 7 6
7 77 8
7 7 924
77 7 8
7 7 924
77 7 8
7 7 924
77 7 8
7 7 924
77 7 8
7 7 923
777 7 9
7 7 8
7 7 924
77 7 6
7 77 8
7 7 924
77 7 8
7 7 924
77 7 8
7 7 924
77 7 8
7 7 924
77 7 89
7 7 8
7 7 924
77 7 6
7 77 8
7 7 924
77 7 8
7 7 924
77 7 8
7 7 924
77 7 8
7 7 928
7 77 8
7 7 924
77 7 7
7 7 8
7 77 8
7 7 92
4 7 9
7 7 97
7 7 8
7 7 924
7 77 8
7 7 924
77 7 7
7 7 8
7 77 8
7 7 924
7 7 9
7 7 97
7 7 8
7 7 94
78 7 8
5 7 8
7 7 924
77 7 6
7 7 8
7 7 924
77 7 8
7 7 924
77 7 8
7 7 924
77 7 8
7 77 8
7 7 924
7 7 7
7 7 8
7 77 889
7 7 8
7 7 924
77 7 6
7 77 8
7 7 924
77 7 8
7 7 924
77 7 8
7 7 924
77 7 8
7 7 928
7 77 8
7 7 924
77 7 7
7 7 8
7 77 8
7 7 92
4 7 9
7 7 97
7 7 8
7 7 924
7 77 8
7 7 924
77 7 7
7 7 8
7 77 8
7 7 924
7 7 9
7 7 97
7 7 8
7 7 94
78 7 8
5 7 8
7 7 924
77 7 6
7 7 8
7 7 924
77 7 8
7 7 924
77 7 8
7 7 924
77 7 8
7 77 8
7 7 924
7 7 7
7 7 8
7 78
seed7 s:7  