seeds: 

seed-to-soil map:
1 7 9
7 7 9
7 7 8
7 77 8
7 7 924
7 7 9
7 77 8
7 7 92
4 7 9
7 7 97
7 7 8
7 7 924
7 77 8
7 7 4
7 7 7
7 7 8
7 77 7
7 7 9
7 7 2
4 7 9
7 7 7
7 7 8
7 77 8
7 7 9
7 7 9
7 7 24
7 7 9
7 7 9
7 7 2
4 7 9
7 7 7
7 7 8
7 77 8
7 7 9
7 7 9
7 7 7
7 7 4
7 7 7
7 7 8
7 7 9
7 7 2
4 7 9
7 7 7
7 7 8
7 77 8
7 7 9
7 7 9
7 7 7
7 7 4
7 7 7
7 7 8
7 777 9
7 7 977
7 7 8
7 7 8
7 7 4
7 7 7
7 7 8
7 7 2
7 7 9
7 7 8
7 7 0
7 7 8
7 7 9
4 7 9
7 7 7
7 7 7
7 7 8
7 7 924
7 7 9
7 77 8
7 7 92
4 7 9
7 7 97
7 7 92
4 7 9
7 7 7
7 7 8
7 77 8
7 7 9
7 7 9
7 7 7
7 7 47
7 7 8
7 7 9
7 7 7
7 7 4
7 7 7
7 7 8
7 777 9
7 7 97
7 7 4
7 7 7
7 7 8
7 7 2
7 7 9
7 7 8
7 7 0
7 7 8
7 7 9
7 7 9
7 7 7
7 7 7
7 7 89
7 7 9
7 7 2
4 7 9
7 7 7
7 7 8
7 7 9
7 7 9
7 7 2
4 7 9
7 7 7
7 7 8
7 7 8
7 7 8
7 7 4
7 7 7
7 7 8
7 7 2
7 7 9
7 7 8
7 7 0
7 7 8
7 7 9
4 7 9
7 7 8
7 47 9
77 7 8
7 7 8
7 7 2
77 7 7
7 7 8
7 79 2