seeds: 

seed-to-soil map:
17 777 9
7 3 977
7 7 8
7 7 8
7 7 4
7 7 7
7 7 8
7 7 2
7 7 9
7 7 4
7 7 7
7 7 8
7 7 2
7 7 9
7 7 8
7 7 0
7 7 8
7 7 9
7 7 9
7 7 7
7 7 24
7 7 9
7 7 9
7 7 2
4 7 9
7 7 7
7 7 8
7 77 8
7 7 9
7 7 9
7 7 7
7 7 4
7 7 8
7 7 9
7 7 2
4 7 9
7 7 7
7 7 8
7 77 8
7 7 9
7 7 9
7 7 7
3 7 4
7 7 7
7 7 86
7 777 9
7 3 977
7 7 8
7 7 8
7 7 4
7 7 7
7 7 8
7 7 2
7 7 9
7 7 4
7 7 7
7 7 8
7 7 2
7 7 9
7 7 8
7 7 0
7 7 8
7 7 9
7 7 9
7 7 7
7 7 7
7 7 89
7 7 9
7 7 2
4 7 9
7 7 7
7 7 8
7 3 9
7 7 9
7 7 2
4 7 9
7 7 7
7 7 8
7 7 8
7 7 8
7 7 9
7 7 7
7 7 8
7 777 9
7 7 97
7 7 4
7 7 7
7 7 8
7 7 2
7 7 9
7 7 8
7 7 0
7 7 7
7 7 89
7 7 9
7 7 2
4 7 9
7 7 7
7 7 8
7 3 9
7 7 9
7 7 2
4 7 9
7 7 7
7 7 8
7 7 8
7 7 8
7 7 4
7 7 7
7 7 8
7 7 2
7 7 9
7 7 8
7 7 0
7 7 8
7 7 9
4 7 9
7 7 8
7 7 8
7 7 2
7 7 9
7 7 8
7 7 0
7 7 8
9 2