seeds: 28965817 302340018 1752849261 48290258 804904201 2432044 2150039939 385349830 126782202 0350474859 2566296746 17565716 3541814 291402104 447111316 488 3227221259 47952959 1828835733 9607836

seed-to-soil map:
3680121696 1920754815 614845600
00884472 2567132380 1279237224
0 459278395 111483239
698481161 97868205 480526101
1059891351 0 15994868
111483239 15994868 81873337

soil-to-fertilizer map:
1237 1273301814 72865265
2398515176 268 99210785
2397916384 018946373 598792
16 3061397 2007393
3298612516 379 14249501
400007411 3051046904 2833129
1906984482 204872691 14620134
864506893 1590633724 149044542
1029530319 442871336 36727018
17196 270934193 68546178
1 31141 28822192
10197 1263534129 685
3852235341 14 69892
2385228698 1577946038 12687686
2234322470 235 15096228
0 170310677 54562015
3208946111 380804 89666405
1209615399 839480291 424053838
4032840540 401982568 1485376
2497725961 2174737461 293042810
2002543511 1346167079 231778959
3312862017 3475611771 13
3197 1739678266 354749094
1013551435 3012735174 6211199
4014277153 4 15730258
313 314393 2158
1990150794 24 12392717
3051046903 1546895 32671711
30040671 3761600631 32194670
148429321 0 170310676
673489091 2810472988 10197620
3083718215 3053033 7836364
54562014 019545165 13554410
175900785 479598354 14797736
76811920 2360 80310101
170653452 390399053 52
4054343309 3743652226 175

fertilizer-to-water map:
0 1072 91297

water-to-light map:
2375927917 1 912226406
3618302244 2909504698 7

light-to-temperature map:
2137189745 5029 1258523

temperature-to-humidity map:
26833 7435 180
3281981 2291603041 575572

humidity-to-location map:
1919084105 115634911 5111484î—34151»Õ2
