seeds: 28965817 302170009 1752848522 48290258 804904201 243492043 2150339939 385349830 1267802202 350474859 2566296746 17565716 3543571814 291402104 447111316 279196488 3227221259 47952959 1828835735 9607836

seed-to-soil map:
3680121696 1920754815 614845600
1920754815 3846369604 448597692
193356576 570761634 505124585
2369352507 2535600415 31531965
2400884472 2567132380 1279237224
0 459278395 111483239
698481161 97868205 934254359
1059891351 0 15994868
111483239 15994868 81873337

soil-to-fertilizer map:
1633669273 1273301814 7
673489091 2480172988 191017802
1066257337 627576051 143358062
2790768771 2770401575 242333599
3091554979 4043467944 117391132
3416264960 3897711207 144271361
3912575233 3373909851 101701920
4072291714 3639354606 104297620
3083718615 3053880033 7836364
54562015 3019545165 13557205
1759006785 479598354 147977697
68119220 2094427360 80310101
1706534502 390399053 52472283
4054343309 3743652226 17948405

fertilizer-to-water map:
0 1095885172 129797665
2661548513 1044284418 17872363
3282164642 3678907615 214830258
1440687421 2218635146 325889720
3496994900 4208791298 25912548
3253828209 4136945159 5561683
1797056017 864689597 109403664
3259389892 4186016548 22774750
2578517508 1225682837 83031005
3193832436 3618912124 59995491
3695649169 3214450646 211194594
820325042 974093261 70191157
1284591017 1074888739 20996433
2929761569 3893737873 85668135
1305587450 2605461705 73959171
2168339930 1062156781 12731958
2465234843 2135490203 52666067
3522907448 4108091872 882860
3523790308 4255675252 39292044
2517900910 1308713842 60616598
3563082352 3176039879 38410767
3015429704 3979406008 128685864
191493119 2929761569 72393067

water-to-light map:
2375927917 1595026882 126334140
1307603095 518620477 43777869
205067 7 8
7 7 2
7 7 7
7 7 4
7 7 7
7 7 8
7 7 2
7 7 9
7 7 8
7 7 0
7 7 8
7 7 9
7 7 9
7 7 7
7 7 7
7 7 8
7 7 2
7 7 8
7 7 9
7 7 8
7 7 6589 1855896418 112224406
3618302244 2909504698 119958941
3078570200 3
1498443546 345400238 24431344
1416692641 1051790026 81750951
1541487009 1733630896 243863962
79004094 2194801987 5553698
1149193536 1342265550 29480816
2997158500 3191476309 220034442
2715114305 3573409942 126485175
2446452559 2629702986 182296534
