seeds: 

seed-to-soil map:
7 7 7
7 7 4
7 7 8
7 2 2
7 7 7
7 7 4
7 7 7
7 7 8
7 7 8
7 7 2
4 7 9
7 7 7
7 7 8
7 3 9
7 7 9
7 7 2
4 7 9
7 7 7
7 7 8
7 7 8
7 7 8
7 6 7
7 7 8
7 7 8
7 7 0
7 7 8
7 7 9
7 7 8
7 7 7
7 7 8
7 7 8
7 7 2
7 7 8
7 7 9
7 7 9
7 7 7
7 7 8
7 77 8
7 7 9
7 7 9
7 7 8
7 7 4
7 7 7
7 7 8
7 7 2
7 7 9
7 7 4
7 7 7
7 7 8
7 7 2
7 7 9
7 7 8
7 7 0
7 7 8
7 7 9
7 7 9
7 7 7
7 7 7
7 7 898
7 7 8
7 7 2
7 7 9
7 7 9
7 7 2
4 7 9
7 7 7
7 7 8
7 7 8
7 7 8
7 6 7
7 7 8
7 7 8
7 7 0
7 7 8
7 7 9
7 7 8
7 7 7
7 7 8
7 7 8
7 7 2
7 7 8
7 7 9
7 7 9
7 7 7
7 7 8
7 77 8
7 7 9
7 7 9
7 7 8
7 7 4
7 7 7
77 7 2
7 7 9
7 7 9
7 7 2
4 7 9
7 7 7
7 7 8
7 7 8
7 7 8
7 7 2
7 7 9
7 7 4
7 7 7
7 7 8
7 7 2
7 4 9
7 7 8
7 7 0
7 7 8
7 7 4
7 7 7
7 77 2
4 7 9
7 7 7
7 7 8
7 7 8
7 7 8
7 7 4
7 7 7
7 7 8
7 7 2
7 7 9
7 7 2
7 7 9
7 7 8
7 7 0
7 7 8
7 7 9
7 7 9
7 7 7
7 7 8
7 7 2
7 7 8
7 7 9