seeds: 28965817 302170009 1752849261 48290258 804904201 243492043 2150339939 385349830 1267802202 350474859 2566296746 17565716 3543571814 291402104 447111316 279196488 3227221259 47952959 1828835733 9607836

seed-to-soil map:
3680121696 1920754815 614845600
1920754815 3846369604 448597692
193356576 570761634 505124585
2369270355 2535600415 31531965
2400884472 2567132380 1279237224
0 459278395 111483239
698481161 97868205 361410190
1059891351 0 15994868
111483239 15994868 81873337

soil-to-fertilizer map:
1633669273 1273301814 72865265
2398515176 2671190790 99210785
2397916384 3018946373 598792
4034325916 3061716397 20017393
3298612516 3793795301 14249501
4030007411 3051046904 283
4054343309 3743652226 17948405

fertilizer-to-water map:
0 1095885172 129797665
2661548513 1044284418 17872363
3282164642 3678907615 214830258
1440687421 2218635146 3215889720
3496994900 4208791298 256
3601493119 2929761569 72393067

water-to-light map:
2375927917 1595026882 126334140
1307603095 818620477 43777869
2050676589 1855896418 112224406
3618302244 2909504698 119958941
3078570200 3088215627 6211062
1880563756 1695010547 38620349
1011274752 913871242 137918784
219359383 556211847 136823589
1785350971 250187453 95212785
2960678386 4129583835 27243623
540622614 1977494858 95287351
35618201987 5553698
1149193536 1342265550 29480816
2997158500 3191476309 220034442
2715114305 3573409942 126485175
2446452559 2629702985 182296534
