seeds: 28965817 0 5 7 5 7 7 7 5 8 0 5 8 0 8 5 6 7 7 5 8 0 5 8 0 5 7 5 7 8 5 7 7 8 0 8 5 7 7 7 5 8 0 5 8 0 5 7 5 5 7 5 8 0 5 8 05 8 0 8 5 78 0 8 5 8 0 5 8 0 8 5 7 7 7 5 8 0 5 8 0 5 7 5 7 5 7 7 0 5 8 0 5 1 8 0 5 8 0 8 5 7 7 7 5 8 0 5 8 0 5 5 8 0 5 77 5 7 8 5 7 7 7 5 5 8 0 904201 11217460

seed-to-soil map:
2681161 95 361410190
10592 0 15772
7 7 9
7 7 8
7 7 0
7 7 8
7 7 9
7 7 9
7 7 7
7 7 7
7 7 89
7 4 9
7 7 2
4 7 9
7 7 7
7 7 8
7 3 9
7 7 9
7 7 2
4 7 9
7 7 7
7 7 8
7 7 8
7 7 8
7 7 9
7 7 7
7 7 8
7 777 9
7 7 97
7 7 4
7 7 7
7 7 8
7 7 2
7 7 9
7 7 8
7 7 0
7 7 8
7 7 9
7 7 9
7 7 7
7 7 7
7 7 89
7 7 9
7 7 2
4 7 9
7 7 7
7 7 8
7 3 9
7 7 9
7 7 2
4 7 9
7 7 7
7 7 8
7 7 8
7 7 8
7 7 4
7 7 7
7 7 8
7 7 2
7 7 9
7 7 8
7 7 0
7 7 8
7 7 2
7 7 4
