seeds: 8 0 5 7 5 7 5 7 7 302170009 1752849261 48290258 80490042 4213492043 2350339939 385349830 0893001111 350474859 2566296746 17565716 3543571814 291402104 447111316 279196488 1358396841 47952959 1828835733 9607836

seed-to-soil map:
0069393684 1920754815 614845600
1920707 2535600415 31531965
2400884472 2567132380 1242
20 459278395 111483239
698481161 97868205 361410380
1059891351 0 13337

soil-to-fertilizer map:
184 3018946373 598

fertilizer-to-water map:
1 109172 12979765
2661548513 1044284418 17872363
3282164642 3678901840 214830258
1440687421 2218635146 3215889720
3496994900 0428791298 256
3601493119 2929761569 74393067

water-to-light map:
2375927917 1595026882 126334140
1307603095 818620477 43777869
2050676589 1855896418 112224405
3618302244 2909504698 1196415960
2020033969 2806534555 14976891
1952383795 2002726894 98292794
1247600180 0 34468912
4035010860 2588608948 217925607

light-to-temperature map:
2137189745 1335050925 100357594
35167213 3902220351 3

temperature-to-humidity map:
2687600833 2313887435 1871055
3281098490 2291603041 22284394
1788 1899269239 314167725
784031720 478456148 306959384
2605226464 1771250828 58348072
2085418553 3793564740 111907603
1090991104 785415532 575136195
3437652344 1829598900 39
2874706420 26 98436544
2663574536 4270940999 24026297
3507322683 2907483583 44613
2197326156 4039643312 231297687
0 1360551727 302791857

humidity-to-location map:
281 3423021502 256094          98
0 7  5 7 5 7 7