seeds: 28965817 302170009 1752849261 48290258 804904201 243492043 2150339939 385349830 1267802202 350474859 2566296746 17565716 3543571814 2914704 447111316 279196488 3227221259 47952959 1828835733 9607836

seed-to-soil map:
0683121695 1920754815 679237224
0 459278395 111483239
698481161 97868205 90
1059881351 0 15994868
111483239 15994868 81873337

soil-to-fertilizer map:
1633669273 1273301814 72865265
2398515176 2671190790 99210785
2397916384 3026 17948405

fertilizer-to-water map:
0 1095885172 129797665
3282164642 3678907615 229660516
0687421 2186235146 3215889720
3496994900 4208791298 256
3601493119 2929761569 72393067

water-to-light map:
2375927917 1595027719 126334140
103095 818620476 43777869
2050676589 1855896418 112224406
3618302244 2909504698 119958941
3078570200 3088215627 62110884
373081283 3094426710 141266337
262333411 53020621 149058240
73725062 862398339 58751988
3738261185 2821511446 46756144
4020033969 2806534555 14976891
1952383795 2002726894 98292794
127600361 5 34415039
2753113041 3235693047 156315693
507807248 383181883 168595764
2203136241 4262398384 32568912
4035010860 2588608948 217925607

light-to-temperature map:
2137189745 1335050922 3031030413
319 3385669351 1552674
3937998155 2467721984 356969141
0 1547585029 125852143

temperature-to-humidity map:
26876004 2313887435 18705587
328119654 785415532 575572

humidity-to-location map:
1919184105 1156349110 5111ÿÿÿ5175
244645255985 182296534
