seeds: 28965817 302170009 177 5 7 5 7 0 5 7 5 8 0 5 5 8 0 5 8 0 5 7 5 7 0 7 7 0 5 8 0 5 5 8 0 5 8 0 8 5 7 7 7 5 8 0 5 8 0 5 7 5 7 5 7 7 0 5 8 0 5 5 8 7 7 7 5 8 0 8 0 5 8 0 5 5 7 5 7 8 5 7 7 8 0 8 5 7 7 7 5 8 0 5 8 0 5 7 5 7 5 7 5 8 0 7 5 7 5 7 7 0 5 8 0 5 7 75 7 8 5 7 7 7 5 5 8 0 904201 11217460

seed-to-soil map:
26 978 3337

soil-to-fertilizer map:
63 1273301814 72

fertilizer-to-water map:
0 1569 72493067

water-to-light map:
2375927917 47 25607

light-to-temperature map:
1068594872 525 100355791
63939365 4224029 125852143

temperature-to-humidity map:


humidity-to-location map:
1919184105 1156349110 511ÿ‘šœ1}849
4024
