seeds: 8 0 8 5 7 7 7 5 8 0 5 8 0 5 7 5 7 8 5 7 7 8 0 8 5 07 7 7 5 8 1 5 8 0 5 7 5 7 5 8 5 8 0 5 8 0 8 5 8 0 5 8 0 8 5 7 7 7 5 8 0 5 8 0 5 7 7 5 7 5 7 7 0 5 8 0 5 7 5 7 8 9 01 23013 20 3359607836

seed-to-soil map:
368012165 16604 4859458

soil-to-fertilizer map:
1633669273 1273301814 728605

fertilizer-to-water map:
0 85172 258

water-to-light map:
1 288608948 2179607

light-to-temperature map:
289745 925 100355743

temperature-to-humidity map:
2633 2335 18772

humidity-to-location map:
84105 1156349110 5111
1253240 3191476309 220034442
271511 35739620 7