seeds: 28965833 9607836

seed-to-soil map:
3680121696 1920754215 614845600
1920754815 3846369604 448597692
2193356576 570761634 505124585
2369352472 2567132380 1279237224
0 459278395 111483239
698481161 97868205 361410190
1059891351 0 15994868
111483239 15994868 81873337

soil-to-fertilizer map:
1633669273 1273301814 72865265
2398515176 2671190790 99210785
2397916384 3018946373 598792
4034325916 3061716397 20017393
3298612516 3793795301 14249501
4030007411 3051046904 283
4054343309 3743652226 17948405

fertilizer-to-water map:
0 1095885172 12979762652344 1829598900 696703