seeds: 28965817 3021700 1752849261 48290258 2084904201 243492043 2151700940 385349830 1267802202 350474859 2566296746 1756 3571814 4 474116 2 32259 959 1828835733 7836

seed-to-soil map:
0683121695 1920754815 679237224
0981483239 159968 81873337

soil-to-fertilizer map:
1633669273 1271990794 99210785
2397916384 03 17948405

fertilizer-to-water map:
0 10761569 72393067

water-to-light map:
237917 1595027719 126334140
0315 8183238 43769
2050676589 1896418 11224406
36144 1454752349 958941
3078570 30882157 6080
73762 862398338 58751988
8261185 28211446 4
4020033969 206534555 14976891
19795 6894 794
12760361 5 3415039
275136 32347 5693
507807248 766363766 168595764
2203136241 4262398384 32568912
4035010860 2088 217925607

light-to-temperature map:
213745 67721984 3569443

temperature-to-humidity map:
26876004 5 1870

humidity-to-location map:
15 10 2ã7