seeds: 28965817 302170009 1752849261 48290258 804904201 243492044 2150039939 385349830 126782202 0350474859 2566296746 17565716 3543571814 291402104 447111316 279196488 3227221259 47952959 1828835733 9607836

seed-to-soil map:
3680121696 1920754815 614845600
1920754815 3846369604 448597692
193356576 570761634 505124585
2369352507 2535600415 31531965
2400884472 2567132380 1279237224
0 459278395 111483239
698481161 97868205 480526101
1059891351 0 15994868
111483239 15994868 81873337

soil-to-fertilizer map:
1633669237 1273301814 72865265
2398515176 2671190790 99210785
2397916384 3018946373 598792
4034325916 3061716397 20017393
3298612516 3793795301 14249501
4030007411 3051046904 2833129
1906984482 204872691 14620134
864506893 1590633724 149044542
1029530319 442871336 36727018
19216 770934113 68546178
3560536321 3114405501 28822192
1019762634 1263534129 9767685
3852235341 3579014714 60339892
2385228698 1577946038 12687686
2234322470 239492825 150906228
0 170310677 54562015
3208946111 3808044802 89666405
1209615399 839480291 424053838
4032840540 4041982568 1485376
2497725961 2174737461 293042810
2002543511 1346167079 231778959
3312862017 3475611771 103402943
318739997 1739678266 354749094
1013551435 3012735174 6211199
4014277153 41608596 15730258
3589358513 3143227693 230682158
1990150794 2467780271 12392717
3051046904 3081733790 32671711
3820040671 3761600631 32194670
148429321 0 170310676
673489091 2480172988 191017802
1066257337 627576051 143358062
2790768771 2770401575 242333599
3091554979 4043467944 117391132
3416264960 3897711207 144271361
3913 3373909851 101701920
4072291714 3639354606 104297620
3083718615 3053880033 7836364
54562014 3019545165 13557205
1759006785 479598354 147977697
68119220 2360 80310101
1706534502 390399053 52472283
4054343309 3743652226 17948405

fertilizer-to-water map:
0 1095885172 129797665
2661548513 1044284418 17872363
3282164642 3678907615 61736073
3906843763 4234703846 20971406
3601493119 2929761569 72393067

water-to-light map:
2375927917 1 912224406
3618302244 2909504698 119958941
307804 172108498 217925607

light-to-temperature map:
2137189745 1335925 100355790
639139367 2440321747 987829
1663612748 1778059435 14728492
1602094762 872198109 61517986
2544371653 721984 356969141
015 74585029 125852143

temperature-to-humidity map:
2687600833 2313887435 187105587
3281981 2291603041 575572

humidity-to-location map:
1919184105 1156349110 5111484î—m31284281 3411510751»Õ2
