seeds: 28965817 302170009 1752849261 48290258 804904201 243492043 2150339939 385349830 1267802202 350474859 2566296746 17565716 3543571814 291402104 447111316 279196488 3227221259 47952959 1828835733 9607836

seed-to-soil map:
3680121696 1920754815 614845600
1920754815 3846369604 448597692
193356576 570761634 505124585
2369352507 2535600415 31531965
2400884472 2567132380 1279237224
0 459278395 111483239
698481161 97868205 361410190
1059891351 0 15994868
111483239 15994868 81873337

soil-to-fertilizer map:
1633669237 1273301814 72865265
2ñ3 ———3