seeds: 8 5 8 0 5 8 0 8 7 5 8 0 5 8 0 5 7 5 8 0 5 8 0 8 5 7 7 7 5 8 7 5 8 0 0 5 8 0 5 7 0 8 7777 5 7 5 8 0 5 8 0 8 5 88 0 5 8 0 8 5 7 7 7 5 8 0 5 8 0 5 7 5 7 5 7 7 0 5 8 0 5 5 5 8 0 5 8 0 5 7 5 7 8 5 7 7 8 0 8 5 7 5 8 0 5 8 0 5 7 5 7 5 7 5 8 0 5 8 0 8 5 8 0 5 8 0 8 5 8 0 5 8 0 8 5 7 7 5 8 0 5 8 0 8 5 8 0 5 8 0 8 5 7 5 8 0 8 5 7 8 0 5 8 0 5 7 5 7 5 7 7 0 5 8 0 5 5 8 0 5 7 7 7 5 8 0 5 8 0 5 7 5 7 8 5 7 7 8 0 8 5 7 5 8 0 5 8 0 5 7 5 7 5 7 5 8 0 5 8 0 8 5 8 0 5 8 0 8 5 8 0 5 8 5 7 5 8 0 5 8 0 8 5 7 7 7 5 8 7 5 8 0 0 5 8 0 5 7 0 8 7777 5 7 5 8 0 5 8 0 8 5 88 0 5 8 0 8 5 7 7 7 5 8 0 5 8 0 5 7 5 7 5 7 7 0 5 8 0 5 5 5 8 0 5 8 0 5 7 5 7 8 5 7 7 8 0 8 5 7 5 8 0 5 8 0 5 7 5 7 5 7 5 8 0 5 8 0 8 5 8 0 5 8 0 8 5 8 0 5 8 0 8 5 7 7 5 8 0 5 8 0 8 5 8 0 5 8 0 8 5 7 5 8 0 8 5 7 8 0 5 8 0 5 7 5 7 5 7 7 0 5 8 0 5 5 8 0 5 7 7 7 5 8 0 5 8 0 5 7 5 7 8 5 7 7 8 0 8 5 7 5 8 0 5 8 0 5 7 5 7 5 7 5 8 0 5 8 0 8 5 8 08 0 8 7 5 8 0 5 8 0 5 7 5 8 0 5 8 0 8 5 7 7 7 5 8 7 5 8 0 0 5 8 0 5 7 0 8 7777 5 7 5 8 0 5 8 0 8 5 88 0 5 8 0 8 5 7 7 7 5 8 0 5 8 0 5 7 5 7 5 7 7 0 5 8 0 5 5 5 8 0 5 8 0 5 7 5 7 8 5 7 7 8 0 8 5 7 5 8 0 5 8 0 5 7 5 7 5 7 5 8 0 5 8 0 8 5 8 0 5 8 0 8 5 8 0 5 8 0 8 5 7 7 5 8 0 5 8 0 8 5 8 0 5 8 0 8 5 7 5 8 0 8 5 7 8 0 5 8 0 5 7 5 7 5 7 7 0 5 8 0 5 5 8 0 5 7 7 7 5 8 0 5 8 0 5 7 5 7 8 5 7 7 8 0 8 5 7 5 8 0 5 8 0 5 7 5 7 5 7 5 8 0 5 8 0 8 5 8 0 5 8 0 8 5 8 0 5 8 5 7 5 8 0 5 8 0 8 5 7 7 7 5 8 7 5 8 0 0 5 8 0 5 7 0 8 7777 5 7 5 8 0 5 8 0 8 5 88 0 5 8 0 8 5 7 7 7 5 8 0 5 8 0 5 7 5 7 5 7 7 0 5 8 0 5 5 5 8 0 5 8 0 5 7 5 7 8 5 7 7 8 0 8 5 7 5 8 0 5 8 0 5 7 5 7 5 7 5 8 0 5 8 0 8 5 8 0 5 8 0 8 5 8 0 5 8 0 8 5 7 7 5 8 0 5 8 0 8 5 8 0 5 8 0 8 5 7 5 8 0 8 5 7 8 0 5 8 0 5 7 5 7 5 7 7 0 5 8 0 5 5 8 0 5 7 7 7 5 8 0 5 8 0 5 7 5 7 8 5 7 7 8 0 8 5 7 5 8 0 5 8 0 5 7 5 7 5 7 5 8 0 5 8 0 8 5 8 0 5 8 0 8 5 8 0 5 8 0 8 5 7 7 5 8 0 5 8 0 8 5 8 0 5 8 0 8 5 7 5 8 0 8 5 7 7 7 5 0 8 5 7 7 5 8 0 5 8 0 8 5 8 0 5 8 0 8 5 7 5 8 0 8 5 7 7 7 5 8 0 5 5 8 0 8 5 8 0 5 8 0 8 5 7 7 5 8 0 5 8 0 8 5 8 0 5 8 0 8 5 7 5 8 0 8 5 7 7 7 5 0 8 5 7 7 5 8 0 5 8 0 8 5 8 0 5 8 0 8 5 7 5 8 0 8 5 7 7 7 5 8 0 5 8 0 7 22

seed-to-soil map:


soil-to-fertilizer map:


fertilizer-to-water map:
5 14 3

water-to-light map:


light-to-temperature map:
64 05 4

temperature-to-humidity map:


humidity-to-location map:
6 7 4