seeds: 7 5 7 6 17565716 3543571814 291402104 447111316 279196488 3227221259 47952959 1828835733 9607836

seed-to-soil map:
3680121696 1920754815 614845600
1920754815 3846369604 448597692
193356576 570761634 505124585
2369352507 2535600415 31531965
2400884472 2567132380 1279237224
0 459278395 111483239
698481161 97868205 361410190
1059891351 0 15994868
111483239 15994868 81873337

soil-to-fertilizer map:
1633669273 1273301814 72865265
2398515176 2671190790 99210785
2397916384 3018946373 598792
4034325916 3061716397 20017393
3298612516 3793795301 14249501
4030007411 3051046904 283
4054343309 3743652226 17948405

fertilizer-to-water map:
0 1095885172 129797665
2661548513 1044284418 17872363
3282164642 3678907615 214830258
1440687421 2218635146 3215889720
3496994900 4208791298 256
3601493119 2929761569 72393067

water-to-light map:
2375927917 1595026882 126334140
1307603095 818620477 43777869
2050676589 1855896418 112224406
3618302244 2909504698 119958941
3078570200 3088215627 6211083
3084781283 3094426710 141266337
524666822 53020621 149058240
673725062 862398346 147671362
2364320682 2577001713 11607235
1941578413 1584221500 10805382
2162900995 2536766467 40235246
162015400 237365123 4480592
821396424 241845715 141336168
166495992 1138498800 212882164
4277433486 4220367555 17533810
3226047620 2229635217 307131250
2909428734 1968120824 34606070
1885573816 3954749082 56004597
2711875933 2868267590 41237108
0 726306378 92314099
2944034804 1721361022 134535396
1584221500 3392008740 301352316
962732592 34415039 18605582
2235705153 2101019688 128615529
4252936467 4237901365 24497019
92314099 202078861 35286262
981338174 400041457 326264921
379378156 1010069708 128429092
3591930858 3693361056 26371386
3785017329 3719732442 235016640
2502262057 4010753679 209613876
3533178870 3029463639 58751988
3738261185 2821511446 46756144
4020033969 2806534555 14976891
1952383795 2002726894 98292794
127600361 0 34415039
2753113041 3235693047 156315693
507807248 383181883 16859574
2203136241 4262398384 32568912
4035010860 2588608948 217925607

light-to-temperature map:
2137189745 1335050925 100355790
639139367 2440321747 987829
1663612748 1778059435 153830272
1122754252 1950103191 82536600
1929621334 1199531530 135519395
1286703174 2032639791 207137687
245313533 981575774 217955756
2597564380 2824691125 293777778
895004176 331442633 25226735
1493840861 236388681 616173
1494457034 764560381 107637728
1817443020 1435406715 112178314
1205290852 356669368 33552643
474799702 0 164339665
2341054397 2260378974 100255179
1043066658 2360634153 79687594
125852143 390222011 119461390
3924383937 3130691909 13614218
2467721984 3747288823 76649669
2065140729 164339665 72049016
920230911 1673437172 104622263
640127196 509683401 254876980
1024853174 1931889707 18213484
2331983314 2251307891 9071083
2237545535 237004854 94437779
3912160931 3118468903 12223006
1238843495 933716095 47859679
3326002417 3517222025 230066798
3556069215 3144306127 241363224
3797432439 4180238804 114728492
1602094762 872198109 61517986
2544371653 4127046077 53192727
2891342158 3823938492 303107585
463269289 2239777478 11530413
3194449743 3385669351 131552674
3937998155 2467721984 356969141
0 1547585029 125852143

temperature-to-humidity map:
2687600833 2313887435 187105587
3281196981 2291603041 22284394
1771250828 1899269239 314167725
784031720 47847 5 7