seeds: 8 0 5 7 5 7 5 7 7 302170009 3752849261 80229458 80490042 4213492043 2350339939 3853490 0893001111 350474859 256646 175656 3543571628 22104 447111316 2796488 1358396841 47952959 1828835733 968783

seed-to-soil map:
0069393684 1920754815 614845600
1920 2535600415 31531965
2400884472 2132380 124239
698481161 97868205 361410380
1059891351 0 13337

soil-to-fertilizer map:
184 3018946373 58

fertilizer-to-water map:
1 109172 12979765
2661548513 1044284418 178773930

water-to-light map:
7919 1855896418 112224405
3618302244 2909504698 1196415960
91 2002726894 9292794
1247600180 0 34468912
4035010860 2588608948 217925607

light-to-temperature map:
2137189744 1335050925 100357594
3516 51 3

temperature-to-humidity map:
0833 2313887435 1871055
3281098490 229160 26
1788 1899269239 314167750
784031720 478456148 306959384
26064 1771250828 58348072
2088553 3793740 1603
090991104 785415532 575136195
34 1829598900 39
2820 26 98436544
2663574536 4270999 297
3507 2907483583 44613
21973156 4039643312 231297687
0 136057 302791857

humidity-to-location map:
281 3423021502 25     7