seeds: 28966 279196488 3227221259 47952959 1828835733 9607836

seed-to-soil map:
3680121696 1920754815 614845600
1920754815 3846369604 448597692
193356576 570761634 505124585
2369352507 2535600415 31531965
2400884472 2567132380 1279237224
0 459278395 111483239
698481161 97868205 361410190
1059891351 0 15994868
111483239 15994868 81873337

soil-to-fertilizer map:
1633669237 1273301814 72865265
2398515176 2671190790 99210785
2397916384 3018946373 598792
4034325916 3061716397 20017393
3298612516 3793795301 14249501
40300074 170310676 54562015
3208946111 3808044802 89666405
1209615399 839480291 424053838
4032840540 4041982568 1485376
2497725961 2174737461 293042810
2002543511 1346167079 231778959
3312862017 3475611771 103402943
318739997 1739678266 354749094
1013551435 3012735174 6211199
4014277153 4160859076 15730258
3589358513 3143227693 230682158
1990150794 2467780271 12392717
3051046904 3081733790 32671711
3820040671 3761600631 32194670
148429321 0 170310676
673489091 2480172988 191017802
1066257337 627576051 143358062
2790768771 2770401575 242333599
3091554979 4043467944 117391132
3416264960 3897711207 144271361
3912575233 3373909851 101701920
4072291714 3639354606 104297620
3083718615 3053880033 7836364
54562015 3019545165 13557205
1759006785 479598354 147977697
68119220 2094427360 80310101
1706534502 390399053 52472283
4054343309 3743652226 17948405

fertilizer-to-water map:
0 1095885172 129797665
2661548513 1044284418 17872363
3282164642 3678907615 214830258
1440687421 2218635146 325889720
3592 345400238 24431344
1416692641 1051790026 81750951
1541487009 1733630896 243863962
79004094 2194801987 5553698
1149193536 1342265550 29480816
2997158500 3191476309 220034442
2715114305 3573409942 126465678
2446452559 2629702985 182296534
