seeds: 

seed-to-soil map:
7 7 7
7 7 4
7 7 8
7 7 2
7 7 7
7 7 4
7 7 7
7 7 8
7 7 4
7 7 7
7 7 8
7 7 2
7 77 8
7 7 0
7 7 8
7 7 9
7 15994868 81873337

soil-to-fertilizer map:
1633669273 1273301814 5
2398515176 2671190790 99210785
2397916384 3018946373 598792
4034325916 3061716397 20017393
2338612516 3793795301 14249501
3309 3743652226 17948405

fertilizer-to-water map:
0 1095885172 129797665
248513 1644284418 17872363
3282164 2218635146 3215889720
3490 91298 256
3601493119 2929761569 72393067

water-to-light map:
2375927917 1595026882 126334140
1307603095 818620374 74777869
2050676589 1855896418 112224406
3618302244 2138972316 11995
2502262057 4010753679 209613876
3533178870 302463639 58751988
8261185 282156 46756144
4020033969 280657 156315693
507807248 3838608948 217925607

light-to-temperature map:
7189745 1335050925 10035579
639139367 2440321747 987829
166312748 178059435 1272
1122754252 195010391 82536600
1929621334 1199531530 135519395
1286703174 2032637991 207137687
245313533 981575774 21795
2597564380 2824691125 293777778
895004176 331442633 25226735
1493840861 236388681 616173
1494457034 764560381 107637728
2 0 1643395
2347 2260378974 100255179
1043066658 2360634153 79687594
125852143 3902220351 131552674
3937155 2467721984 356969141
0 154755029 125852143

temperature-to-humidity map:
2687600833 231341 22288757
1771250828 1899269239 314167725
784031720 4788 306959384
2605226464 1771250828 58348072
208553 3793564740 1907603
1090991104 785415532 5751395
3437652344 1829598900 696705339
2874706420 2507993092 389039942
3303481375 3905472343 134170969
305575572 0 478456148
3263746362 2890032964 17450619
2527060387 221343696 78166077
2428623843 3695128196 4
266354536 427 24062297
3507322683 2907483583 787644613
2197326156 4039166112 231297687
0 1360551727 305375572

humidity-to-location map:
1919184105 1156349110 51114849
4031284281 3411510751 25609498
0 171183359 79004094
1253227229 2072782209 12201972
0 7 8
7 7 2
7 7 2
7 7 8
7 7 2
7 7 9
7 7 8
7 7 0
7 7 8
7 7 9
7 7 2
7 7 8
7 07 9