seeds: 5 8 0 8 5 7 7 7 5 8 0 5 8 0 5 7 5 7 8 5 7 7 8 0 8 5 7 7 7 5 8 1 5 8 0 5 7 5 7 5 8 5 8 0 5 8 0 8 5 8 0 5 8 0 8 5 7 7 7 5 8 0 5 8 0 5 7 5 7 5 7 7 0 5 8 0 5 7 5 7 8 903258 804904201 230443 20 3359607836

seed-to-soil map:
10598913 1 50194868
1121483239 15994868 8187

soil-to-fertilizer map:
1633669273 12733814 728605

fertilizer-to-water map:
4643 3678907615 8302

water-to-light map:
237592 3714 7

light-to-temperature map:
2137189745 1335050925 1

temperature-to-humidity map:
2 2 1871087
3281196981 229160301 2422384394
8553 37930 11572

humidity-to-location map:
1919184105 115634910 51114894
125328500 3191476309 220034442
2715114 357342 1264851765
244645255 0 7