7,0,3
7,0,33
7,0,3
6,0,3
1,0,3
7,0,3
7,0,33
7,0,3
6,0,3
1,0,3
7,0,3
6,0,33
7,0,3
6,0,32
6,0,33
7,0,3
6,0,33
6,0,3
1,0,3
7,0,3
7,0,33
7,0,3
6,0,3
1,0,3
7,0,3
6,0,33
7,0,3
6,0,32
6,0,33
7,0,3
6,0,3
7,0,33
7,0,3
6,0,3
1,0,3
7,0,3
7,0,33
7,0,3
6,0,3
1,0,3
7,0,3
67,0,3
7,0,33
7,0,3
6,0,3
1,0,3
7,0,3
7,0,33
7,0,3
6,0,3
1,0,3
7,0,3
6,0,33
7,0,3
6,0,32
6,0,33
7,0,3
6,0,3
7,0,33
7,0,3
6,0,3
1,0,3
7,0,3
7,0,33
7,0,3
6,0,3
1,00,3
1,0,3
7,0,3
7,0,33
7,0,3
6,0,3
1,0,3
7,0,3
6,0,33
7,0,3
6,0,32
6,0,33
7,0,3
6,0,33
6,0,3
1,0,3
7,0,3
7,0,33
7,0,3
6,0,3
1,0,3
7,0,3
6,0,33
7,0,3
6,0,32
6,0,33
7,0,3
6,0,3
7,0,33
7,0,3
6,0,3
1,0,3
7,0,3
7,0,33
7,0,3
6,0,3
1,0,3
7,0,3
67,0,3
7,0,33
7,0,3
6,0,3
1,0,3
7,0,3
7,0,33
7,0,3
6,0,3
1,0,3
7,0,3
6,0,33
7,0,3
6,0,32
6,0,33
7,0,3
6,0,3
7,0,33
7,0,3
6,0,3
1,0,3
7,0,3
7,0,33
7,0,3
6,0,3
1,07,7,0,3
6,0