7,0,3
7,0,33
7,0,3
6,0,3
1,0,3
7,0,3
73,9,3
0,0,3
3,0,3
6,0,3
1,0,3
6,0,3
1,0,3
7,0,3
1,0,3
7,0,1
6,0,3
7,0,1
6,0,3
7,0,6
6,0,3
0,0,3
3,0,3
6,0,3
1,0,3
6,0,3
1,0,3
7,0,3
7,0,6
6,0,1
6,0,3
7,0,6
6,0,3
0,0,3
3,0,3
6,0,3
1,0,3
6,0,3
6,0,3
7,0,3
1,0,3
7,0,3
1,00,3
1,0,3
7,0,1
6,0,3
7,0,3
1,0,3
7,0,3
6,0,3
7,0,3
1,0,3
1,0,3
6,0,3
1,0,3
7,0,3
6,0,3
7,0,3
1,0,3
7,0,3
6,00,3
6,0,3
1,0,3
7,0,3
6,0,3
1,0,3
6,0,3
1,0,3
1,0,3
6,0,3
1,0,3
7,0,3
61,0,3
7,0,3
1,0,3
7,0,3
6,0,3
7,0,3
1,0,3
1,0,3
6,0,3
1,0,3
7,0,3
6,0,3
7,0,3
1,0,3
7,00,3
6,0,3
7,0,3
6,0,32
6,0,33
7,0,3
6,0,3
7,0,33
7,0,6
6,0,1
6,0,3
7,0,6
6,0,3
0,0,3
3,0,3
6,0,3
1,0,3
6,0,3
1,0,3
7,0,3
1,0,3
7,0,1
6,0,3
7,0,1
6,0,3
7,0,6
6,0,3
0,0,3
3,0,3
6,0,3
1,0,3
6,0,3
6,0,33
7,0,33
7,0,3
6,0,3
1,0,3
7,0,3
7,0,33
7,0,3
6,0,3
1,07,7,0,3
6,0