0 <-> 950, 1039
1 <-> 317, 904, 923
3 <-> 870
4 <-> 361
6 <-> 305, 842, 1932
7 <-> 438, 1509
8 <-> 985
9 <-> 425
10 <-> 121, 1532
11 <-> 285, 1242, 1753
12 <-> 632, 762, 829
13 <-> 662, 1429
14 <-> 215, 1155, 1523
15 <-> 43, 238, 1552
16 <-> 1050
17 <-> 275
18 <-> 26, 256
19 <-> 1656
20 <-> 1907
21 <-> 608, 1493, 1587, 1646
1346 <-> 1052
22 <-> 1748, 1774
23 <-> 723, 871
24 <-> 244, 624
25 <-> 25
13 <-> 18, 115, 490, 545
52 <-> 1647
53 <-> 762
54 <-> 54
55 <-> 340, 1913
56 <-> 100, 720
57 <-> 547, 1417, 1501, 1785
58 <-> 138, 402, 1593
60 <-> 896, 982
61 <-> 61, 1666
62 <-> 1157
63 <-> 1423, 1484
65 <-> 1323
66 <-> 1437
67 <-> 1390, 1535
70 <-> 173, 527, 743, 1806, 1958
71 <-> 393, 1585, 1680
72 <-> 391, 1863
73 <-> 73, 1571
74 <-> 537, 1861
75 <-> 138, 714
76 <-> 554, 1582
77 <-> 911
78 <-> 1452, 1706, 1804
79 <-> 1618
80 <-> 290, 1925
82 <-> 1420, 1865
83 <-> 734, 1794
84 <-> 84, 343, 948
86 <-> 971
87 <-> 270, 1024, 1541, 1688, 1903
88 <-> 931, 1024
89 <-> 378
93 <-> 615, 1667, 1745
94 <-> 747, 973, 1010
96 <-> 1299, 1924
97 <-> 463
98 <-> 1988
102 <-> 807, 1177
104 <-> 248, 593, 895
105 <-> 113, 1090
106 <-> 410, 1114, 1557
108 <-> 1367
109 <-> 416, 705
110 <-> 1296, 1837
111 <-> 311, 1895
117 <-> 567, 1502
118 <-> 136, 461, 804
119 <-> 915, 1821
120 <-> 1342, 1826
123 <-> 843, 1837
125 <-> 1678
127 <-> 1777, 1836
129 <-> 968
130 <-> 45, 251, 804, 1078
131 <-> 995
132 <-> 1420, 1498
133 <-> 776, 1300
134 <-> 134, 467
135 <-> 1176
141 <-> 441
142 <-> 1820, 1787
143 <-> 216, 468, 1180, 1695
144 <-> 532, 996, 1794
147 <-> 1871
149 <-> 1401, 1883
150 <-> 453, 999
151 <-> 115, 205, 496, 535
153 <-> 298, 760, 803, 1664
156 <-> 1138, 1146, 1335
157 <-> 1373, 1771, 1859
158 <-> 1020
159 <-> 1102
160 <-> 1265, 1274, 1660
161 <-> 1602, 18936
162 <-> 162, 171, 1173
164 <-> 777, 1147, 1192
165 <-> 1022, 1377
166 <-> 166, 508, 523, 825, 1259
167 <-> 39, 1626
170 <-> 170, 571, 696, 859
176 <-> 455, 457, 712, 1386, 1639
180 <-> 588
181 <-> 367, 1219
182 <-> 1370
183 <-> 799, 1489
184 <-> 377, 1415, 1642
186 <-> 459, 493
190 <-> 1312, 1351, 1723
191 <-> 375
192 <-> 989, 1088, 1096, 1891
195 <-> 439, 1193, 1875
197 <-> 1981
200 <-> 752, 783, 1346
201 <-> 201, 1023
202 <-> 399, 582
204 <-> 628, 1351, 1606
211 <-> 1047, 1754
214 <-> 214, 282, 1166, 1341, 1751
216 <-> 143, 1481, 1897
218 <-> 1325, 1581
223 <-> 30, 1237
224 <-> 335, 1911
226 <-> 226, 1969
230 <-> 228, 273, 277, 1252
237 <-> 1468, 1934
241 <-> 1084, 1634
242 <-> 353
243 <-> 569, 1455
245 <-> 1528, 1605, 1905
246 <-> 1327
249 <-> 987, 1041, 1949
250 <-> 208, 818
258 <-> 619, 1709
254 <-> 1092, 1288, 1328
255 <-> 1392
256 <-> 18, 648
257 <-> 360, 581, 1658
258 <-> 660, 905
259 <-> 287, 941, 1141, 1262
260 <-> 919
261 <-> 261, 425, 526, 646
266 <-> 576, 609
271 <-> 1214
272 <-> 1175, 1697
276 <-> 91, 313, 328, 1799
283 <-> 31, 1239
287 <-> 259, 1030
288 <-> 288, 808, 1187
289 <-> 956, 1044
291 <-> 1142, 1376
216 <-> 296, 1318
300 <-> 1031, 1462
303 <-> 1360, 1817
319 <-> 906, 1008, 1989
325 <-> 552, 783, 849
327 <-> 761, 1240, 1789
330 <-> 595, 1059
342 <-> 92, 1116, 1749
343 <-> 84, 1087, 1266
359 <-> 359, 1016, 1202
361 <-> 4, 1333
367 <-> 181, 188, 367, 1100, 1109, 1594
368 <-> 116, 583, 1206
378 <-> 89, 771, 1831
379 <-> 588, 1941
382 <-> 1222, 1388
386 <-> 1099, 1225
390 <-> 606, 1631
391 <-> 72, 302, 751, 1705
394 <-> 394, 585
398 <-> 689, 826, 1435
401 <-> 337, 1707
404 <-> 509
417 <-> 865, 1461
418 <-> 262, 729
419 <-> 231, 1465
420 <-> 1062, 1574
428 <-> 481, 1705, 1942
431 <-> 1815
433 <-> 667, 1355
435 <-> 725, 1595, 1832, 1965
446 <-> 1164, 749, 1991
447 <-> 1516
448 <-> 1264, 1889
451 <-> 1506
470 <-> 470, 555, 1068, 1130, 1298, 1748
473 <-> 1651
475 <-> 1210, 1223, 610
482 <-> 735
487 <-> 66, 932, 1269, 1675, 1686
500 <-> 638, 1810
504 <-> 599, 1604
505 <-> 613, 752
509 <-> 404, 758, 1280
514 <-> 663, 1284, 1685
524 <-> 1594
533 <-> 422, 738, 1872
536 <-> 489, 927
538 <-> 1592
540 <-> 423, 1356
541 <-> 1771
552 <-> 325, 1292, 1348
557 <-> 727, 1368
565 <-> 675, 1233
570 <-> 1108
1195 <-> 1193
1198 <-> 1027
1203 <-> 388, 968
1211 <-> 1517, 1569, 19843
1212 <-> 1036, 1132, 1629, 1953
1214 <-> 271, 1555
1216 <-> 1188
1218 <-> 1330, 1608
1220 <-> 1673
1221 <-> 114, 837, 1140
1224 <-> 1386
1227 <-> 28, 831, 1227
1230 <-> 868, 1397
1232 <-> 1118
1236 <-> 1236
1244 <-> 1434
1248 <-> 1477, 1699
1253 <-> 730, 1579
1254 <-> 1449, 1452, 1896
1260 <-> 1436
1265 <-> 160, 321, 1204, 1615
1267 <-> 478
1268 <-> 1641
1270 <-> 1584, 1640, 1721
1278 <-> 1301, 1468
1281 <-> 1869, 1987
1282 <-> 1274
1285 <-> 701, 1379, 1596
1302 <-> 1231
1304 <-> 410, 1560
1311 <-> 1423
1317 <-> 30, 1350
1319 <-> 804
1331 <-> 736, 1866
1347 <-> 1926
1361 <-> 579, 884, 1777
1365 <-> 1047, 1410, 1582, 1663
1366 <-> 544
1369 <-> 1545
1371 <-> 1022, 1372, 1823
1376 <-> 291, 742, 1554
1384 <-> 478, 1980
1399 <-> 1482
1403 <-> 807, 1191, 1948
1416 <-> 1674
1422 <-> 1958
1439 <-> 704, 707, 1222, 1862
1450 <-> 1605
1457 <-> 247
1460 <-> 1914
1466 <-> 1562, 1940
1469 <-> 1469, 1874
1471 <-> 819, 987
1472 <-> 1472
1487 <-> 1002, 12249, 1867
1486 <-> 623, 1417
1490 <-> 1038, 1669, 1670
1495 <-> 1329, 1679
1507 <-> 1315, 1327
1508 <-> 1508
1511 <-> 1286
1514 <-> 814, 1514
1515 <-> 1052
1527 <-> 640, 1084, 1380
1536 <-> 580, 625
1537 <-> 8550
1561 <-> 907, 1961
1563 <-> 1563
1564 <-> 752
1565 <-> 773, 1976
1566 <-> 631, 1532, 1870
1568 <-> 1793, 1846
1619 <-> 1294, 1323
1637 <-> 1540, 1976
1643 <-> 188
1644 <-> 802, 928, 1819
1999 <-> 1239, 1364
