0 <-> 31, 32, 22, 25, 33
1 <-> 34, 35, 36
2 <-> 37, 38, 39
3 <-> 40, 41, 42, 43
4 <-> 44, 45
5 <-> 46, 47, 48, 49
6 <-> 50, 51, 52, 53, 54, 55, 56
7 <-> 57, 58, 50, 59, 60, 61, 62
8 <-> 63, 37, 64, 65, 22, 34, 66
9 <-> 67, 68, 69, 70
10 <-> 71, 72, 73, 55, 74, 12, 75, 76
11 <-> 77, 78, 79, 80, 81, 82, 83
12 <-> 84, 85, 86, 87, 88
13 <-> 11, 89, 90, 91, 92
14 <-> 93
15 <-> 94, 95, 96
16 <-> 97, 48, 98, 99
17 <-> 100, 101
18 <-> 102, 103, 104
19 <-> 105, 106, 107
20 <-> 108, 37, 109, 110, 111, 112
21 <-> 113, 114, 115, 116, 29, 117
22 <-> 109, 61, 118, 119, 120, 26
23 <-> 121, 122
24 <-> 123, 124, 125
25 <-> 7, 126, 127
26 <-> 128
27 <-> 129, 130, 131, 132
28 <-> 133, 134, 135
29 <-> 136, 137, 138, 84, 139, 140, 141, 94
30 <-> 142, 143
