0 <-> 950, 1039
4 <-> 361
5 <-> 5
7 <-> 438, 1509
107 <-> 107
108 <-> 1367
109 <-> 416, 705
110 <-> 1296, 1837
111 <-> 311, 1895
112 <-> 112, 668, 1720
113 <-> 505, 629, 1786
114 <-> 1221
115 <-> 151
116 <-> 368, 725, 1889
175 <-> 635
177 <-> 618, 1102
179 <-> 2862, 876, 1633
181 <-> 367, 1219
183 <-> 799, 1489
184 <-> 377, 1415, 1642
185 <-> 185
66 <-> 18, 192, 76, 5, 180, 88, 148, 33
187 <-> 1524
188 <-> 367, 686, 930, 1643
189 <-> 1433
190 <-> 1312, 1351, 1723
191 <-> 375
192 <-> 989, 1088, 1096, 1891
194 <-> 1974
195 <-> 439, 1193, 1875
198 <-> 1385
199 <-> 471
200 <-> 752, 783, 1346
201 <-> 201, 1023
202 <-> 399, 582
203 <-> 318, 1011
204 <-> 628, 1351, 1606
205 <-> 151
207 <-> 137, 328
209 <-> 357, 766, 853
211 <-> 1047, 1754
212 <-> 601
213 <-> 1660
215 <-> 14
216 <-> 143, 1481, 1897
217 <-> 602
219 <-> 426, 739, 1209
220 <-> 1854
64 <-> 6, 124
12 <-> 170
221 <-> 614, 811
222 <-> 542, 963, 1420
223 <-> 30, 1237
163 <-> 32
13 <-> 73
224 <-> 335, 1911
225 <-> 1374, 1751
39 <-> 79, 106, 60
227 <-> 274, 966
1987 <-> 1170, 1281
1988 <-> 98, 168, 1988
1989 <-> 319, 671
1992 <-> 544, 696
1993 <-> 550
1994 <-> 825, 1749
42 <-> 107, 72, 56, 71
1995 <-> 332, 690
1996 <-> 1183
1997 <-> 376, 746
1998 <-> 414, 829
