0 <-> 950, 1039
1 <-> 317, 904, 923
3 <-> 870
4 <-> 361
6 <-> 305, 842, 1932
7 <-> 438, 1509
8 <-> 985
9 <-> 425
10 <-> 121, 1532
11 <-> 285, 1242, 1753
12 <-> 632, 762, 829
13 <-> 662, 1429
14 <-> 215, 1155, 1523
15 <-> 43, 238, 1552
16 <-> 1050
17 <-> 275
20 <-> 1907
21 <-> 608, 1493, 1587, 1646
22 <-> 1748, 1774
23 <-> 723, 871
24 <-> 244, 624
26 <-> 18, 490, 545, 1123, 1958
28 <-> 832, 1227
30 <-> 223, 1317, 1773
31 <-> 283
32 <-> 921
33 <-> 395, 1772
34 <-> 1170
35 <-> 471, 885, 1119
36 <-> 936, 1831
37 <-> 263, 678, 1356, 1683, 1714
38 <-> 1238
40 <-> 804, 1127, 1419
42 <-> 1632, 1788
43 <-> 15, 403, 866
44 <-> 497, 503, 1305
78 <-> 46, 154
45 <-> 130, 881, 1158
47 <-> 867, 1391, 1630
50 <-> 1687, 1966
51 <-> 138, 454, 1105
52 <-> 1647
53 <-> 340, 1913
57 <-> 547, 1417, 1501, 1785
58 <-> 138, 402, 1593
59 <-> 1620, 1915
60 <-> 896, 982
61 <-> 61, 1666
62 <-> 1157
63 <-> 1423, 1484
68 <-> 1597
69 <-> 414
70 <-> 173, 527, 743, 1806, 1958
71 <-> 393, 1585, 1680
72 <-> 391, 1863
73 <-> 73, 1571
74 <-> 537, 1861
75 <-> 138, 714
76 <-> 554, 1582
78 <-> 1452, 1706, 1804
79 <-> 1618
80 <-> 290, 1925
82 <-> 1420, 1865
83 <-> 734, 1795
84 <-> 84, 343, 948
86 <-> 971
87 <-> 270, 1024, 1541, 1688, 1903
88 <-> 931, 1027
90 <-> 954, 1519
92 <-> 342
93 <-> 615, 1667, 1745
749 <-> 492, 698
750 <-> 1973
751 <-> 148, 391
752 <-> 200, 505, 627, 1564
753 <-> 348, 521, 769, 1638
756 <-> 1031
757 <-> 338
758 <-> 509
759 <-> 1010
760 <-> 153, 873, 1313, 1864
763 <-> 231, 1606
764 <-> 677, 1117
765 <-> 822, 864, 1040
766 <-> 209, 707, 798, 1649
767 <-> 767, 1445
768 <-> 1723
772 <-> 917
773 <-> 1565
774 <-> 522
776 <-> 133, 625
777 <-> 164, 462, 879, 1890
779 <-> 838, 869, 1545
780 <-> 576, 587, 1531
782 <-> 432, 569, 583
783 <-> 200, 325, 1072
784 <-> 497, 595, 1343, 1982
785 <-> 279, 1935
786 <-> 1603
787 <-> 834, 1277, 1534
788 <-> 1478
790 <-> 1342, 1464
791 <-> 553, 1344
792 <-> 1141, 1746, 1757
795 <-> 795, 1693
796 <-> 1819
797 <-> 818, 1960
800 <-> 600
801 <-> 1228
802 <-> 1644
804 <-> 40, 118, 130, 1025, 1319, 1977
806 <-> 803, 1707
807 <-> 102, 807, 969
810 <-> 210, 1758, 1824
812 <-> 489, 582
813 <-> 1447, 1626
814 <-> 1103, 1511, 1729, 1900
816 <-> 1636
819 <-> 916, 1471
2 <-> 765, 1853
824 <-> 1533
225 <-> 166, 841, 1290, 1994
826 <-> 398, 781, 1548
828 <-> 306, 568
830 <-> 717, 889, 1047
832 <-> 28, 1427, 1576
833 <-> 1024, 1048, 1974
835 <-> 1019
836 <-> 1480, 1589, 1682
837 <-> 1221
839 <-> 356, 874
841 <-> 825, 927
843 <-> 123, 1419, 1661, 1678
844 <-> 1310, 1557
845 <-> 887, 1180
846 <-> 846, 1020
847 <-> 628, 933
850 <-> 850, 965, 1537
852 <-> 923, 1821
854 <-> 681, 854, 1152
858 <-> 726, 1796, 1843
860 <-> 530
861 <-> 1562
863 <-> 1789
868 <-> 497, 1230, 1629
869 <-> 532, 731, 779
872 <-> 1976
874 <-> 839, 1028
875 <-> 657, 1573
876 <-> 179, 876, 1703
877 <-> 648, 1676
880 <-> 1001, 1970
69 <-> 84, 144, 139
886 <-> 511, 1057
890 <-> 571, 1715
893 <-> 1884
894 <-> 1222
896 <-> 60, 865, 1575, 1756
898 <-> 1805
899 <-> 587, 1949
900 <-> 903, 1147
901 <-> 901, 1648, 1888
904 <-> 1, 649, 1497
905 <-> 258
906 <-> 319, 1927
907 <-> 1561, 1752
911 <-> 1713
917 <-> 772, 1169, 1822
920 <-> 1181
921 <-> 32, 1658
923 <-> 1, 852, 1206, 1528
924 <-> 1344, 1531, 1777
925 <-> 973
926 <-> 934, 1530, 1856
927 <-> 536, 841, 1908
929 <-> 1196, 1650
932 <-> 498
933 <-> 847, 1064
934 <-> 926, 1488
935 <-> 1918
936 <-> 36, 1577
937 <-> 304
941 <-> 259, 406, 1458, 1542, 1986
942 <-> 1357
943 <-> 332, 1150, 1513
944 <-> 229, 1727
945 <-> 566, 672
946 <-> 499, 1239, 1301
949 <-> 707
952 <-> 1461, 1655
955 <-> 978
956 <-> 289
958 <-> 365
959 <-> 1352, 1423
962 <-> 1878
964 <-> 263, 740
966 <-> 227
967 <-> 408, 1605
968 <-> 129, 1203
972 <-> 1723
974 <-> 286, 1870
975 <-> 1736
976 <-> 976
977 <-> 1882
979 <-> 1096, 1526
981 <-> 1950
983 <-> 1185
984 <-> 325
986 <-> 584, 986, 1160
987 <-> 249, 1471, 1912
989 <-> 192, 489, 1279
990 <-> 855, 990
991 <-> 397, 1961
992 <-> 993, 1921
994 <-> 994
995 <-> 131, 995, 1099
996 <-> 144, 279
997 <-> 1829
998 <-> 998
999 <-> 150, 653
1000 <-> 1862
1002 <-> 1239, 1477
1003 <-> 1206, 1339, 1737
1004 <-> 1876
1007 <-> 1839, 1917
1008 <-> 319
1009 <-> 563, 1926
1010 <-> 94, 759, 951, 1656
1011 <-> 203, 685, 1011
1012 <-> 1538, 1894
1013 <-> 275
1014 <-> 586, 602
1015 <-> 575
1016 <-> 359
1018 <-> 528, 1326, 1329
1021 <-> 21
1022 <-> 165, 1371
1023 <-> 201, 1610
1025 <-> 292, 454, 804, 1200
1026 <-> 1026
1027 <-> 1027, 1198, 1289
1029 <-> 413, 1029, 1885
1030 <-> 287
1031 <-> 548, 756
1032 <-> 300, 1519
1033 <-> 1662
1034 <-> 580, 1038, 1118
1035 <-> 1859
1036 <-> 465, 676, 1212
1037 <-> 152, 1919
1041 <-> 249
1042 <-> 1791
1043 <-> 381
1045 <-> 1334, 1985
1046 <-> 1115
1047 <-> 211, 830, 1217, 1365
1049 <-> 1049, 1876
1050 <-> 16, 1151
1051 <-> 576, 633, 1404, 19712
1053 <-> 455
1055 <-> 1595
1056 <-> 1237
1057 <-> 886, 1122, 1554
1059 <-> 330
1060 <-> 424, 1554
1061 <-> 1695
1062 <-> 345, 420, 1476
1063 <-> 1063
1065 <-> 805
1067 <-> 688
1068 <-> 470
1070 <-> 1197, 1714
1073 <-> 388, 611
1075 <-> 464, 506
1078 <-> 130
1079 <-> 689, 821, 1189
1082 <-> 1917
1083 <-> 705
1084 <-> 241, 1527, 1692
1085 <-> 1910
1086 <-> 1751
1087 <-> 343
1088 <-> 192
1089 <-> 1448
1090 <-> 105
1092 <-> 254, 518, 590, 1470
1095 <-> 316, 1095
1097 <-> 1097, 1294
1098 <-> 1098
1099 <-> 386, 995, 1581
1100 <-> 367, 639
1101 <-> 1228
1104 <-> 1738
1106 <-> 703
1107 <-> 1730
1108 <-> 570, 1614
1109 <-> 282, 367
1111 <-> 634
1112 <-> 1112, 1213, 1426, 1761
1113 <-> 1425
1114 <-> 106
1116 <-> 342
1118 <-> 1034, 1232, 1760
1119 <-> 35, 1990
1120 <-> 1120
1121 <-> 1890
1124 <-> 698
1126 <-> 634, 1387, 1916
1127 <-> 40, 307, 1697
1128 <-> 1854
1129 <-> 1615
1131 <-> 1093
1133 <-> 596
1134 <-> 559, 1298
1135 <-> 1820
1138 <-> 156, 578, 1104, 1912
1139 <-> 1854
1140 <-> 1221, 1591
1143 <-> 1328
1144 <-> 1402, 1823
2290 <-> 1728
1148 <-> 380, 621
1152 <-> 854, 1437, 1528, 1609, 1764
1153 <-> 1153, 1964
1154 <-> 1419
1155 <-> 14, 1616
1159 <-> 1159, 1549, 1747
1162 <-> 730, 1069, 1600
1163 <-> 434, 1176, 1814, 1900
1165 <-> 1181
1166 <-> 214, 1529
1168 <-> 664
1171 <-> 620
1174 <-> 364
1175 <-> 272, 1246
1180 <-> 143, 845, 1933
1182 <-> 614, 1592
1183 <-> 172, 1455, 1517, 1910, 1996
1184 <-> 618
1186 <-> 484
1187 <-> 288
1188 <-> 491, 494, 1216, 1711
1190 <-> 400
1196 <-> 929, 1691
1204 <-> 1265
1208 <-> 530, 1156, 1169, 1389
1212 <-> 1036, 1132, 1629, 1953
1219 <-> 181, 1137
1220 <-> 1673
1228 <-> 385, 801, 1101, 1594
1231 <-> 715, 1302
1233 <-> 565
1234 <-> 1918
1235 <-> 1235
1236 <-> 1236
1238 <-> 38, 1624
1240 <-> 327, 1240
1241 <-> 659, 736
1245 <-> 554, 735, 1617
1246 <-> 1175, 1899
1247 <-> 1337, 1739, 1954
1250 <-> 683
1253 <-> 730, 1579
1254 <-> 1449, 1452, 1896
1258 <-> 1706
1259 <-> 166, 1668
1263 <-> 599
1264 <-> 448
1267 <-> 478
1270 <-> 1584, 1640, 1721
1272 <-> 1333, 1801
1274 <-> 160, 1282
1275 <-> 1722
1285 <-> 2701, 1379, 1596
1287 <-> 577, 1882
1292 <-> 552, 1548
1294 <-> 1097, 1619
1298 <-> 470, 1134, 1462, 3557
1301 <-> 303, 380, 643, 722, 902, 946, 1278
1785 <-> 57, 626, 1769
1786 <-> 113
1787 <-> 142, 1312
1794 <-> 83, 144, 1724
1797 <-> 480, 564, 1524
1798 <-> 624
1799 <-> 276, 389, 1550, 1815
1807 <-> 267, 1110
1808 <-> 139
1809 <-> 1001
1810 <-> 500, 1562, 1714
1811 <-> 1504
1812 <-> 1923
1813 <-> 483, 913, 1813
1816 <-> 408, 737
1817 <-> 315, 1956
1818 <-> 1150, 1952
1820 <-> 736, 1135, 1701
1824 <-> 308, 810, 961, 1664
1826 <-> 120, 1621
1830 <-> 1474, 1759
1834 <-> 592
1843 <-> 858, 1211, 1492, 1623
1846 <-> 393, 1568, 1598, 1846
1848 <-> 1848
1849 <-> 1226
1861 <-> 74, 630
1862 <-> 1000, 1314, 1439, 1718
1868 <-> 18220, 453, 842, 1199
1914 <-> 603, 1460
1920 <-> 421, 1790
1922 <-> 1483
1924 <-> 96, 100
1927 <-> 906, 1555
1928 <-> 370, 1429, 1444
1929 <-> 671
1930 <-> 1670
1931 <-> 1336
1935 <-> 322, 785, 1559, 1803
1937 <-> 1937
1939 <-> 1522
1940 <-> 1466
1942 <-> 428, 1345
1944 <-> 1699
1947 <-> 733, 1632
1951 <-> 1679
1955 <-> 528, 1475
1957 <-> 599
1959 <-> 1749
1960 <-> 797, 1671
1962 <-> 1519
1963 <-> 1963
1965 <-> 435
1969 <-> 226, 1770
1975 <-> 1547
1978 <-> 549, 1307
1980 <-> 1384
1981 <-> 197, 648
1983 <-> 857, 1353, 1983
1988 <-> 98, 168, 1988
1992 <-> 601, 696
1993 <-> 550
