0 <-> 29, 30, 31, 32, 33, 23
1 <-> 34, 35, 36, 37, 38
2 <-> 39, 40, 41, 42, 43
3 <-> 44, 45, 41, 46, 47, 48, 49
4 <-> 50, 51, 52
4 <-> 53, 8, 54
5 <-> 55, 56, 57, 58
6 <-> 59, 60, 61, 3
7 <-> 62, 63, 64, 21, 65, 66
9 <-> 75, 76, 77, 78, 68, 79, 80
10 <-> 81, 82, 83, 84, 85, 86, 38
11 <-> 51, 70, 87, 88, 89, 90
12 <-> 91, 92, 93, 94, 95
13 <-> 28
14 <-> 96, 97, 98, 50
15 <-> 99, 100, 101, 61, 102, 103, 83, 104
16 <-> 93, 67, 105, 106, 107, 108
74 <-> 59, 22, 147, 166, 167, 135
17 <-> 109, 110, 108, 111, 112, 113, 45
19 <-> 117, 14, 118, 26, 79, 73, 114, 57
19 <-> 16, 158, 174
20 <-> 9, 83, 94, 119, 11, 101, 120
21 <-> 121, 22, 122, 123, 42
22 <-> 124, 125, 20, 126, 23, 72, 127, 128
23 <-> 129, 130, 75, 131, 68, 132
24 <-> 133, 58, 134, 135, 115, 136, 137
25 <-> 138, 93, 139, 140
26 <-> 14, 141, 57
27 <-> 142, 143, 2, 144, 145, 146, 147
28 <-> 148, 149, 150, 143, 151, 152, 153, 154
