13 <-> 100, 571, 696, 859
176 <-> 455, 457, 712, 1386, 1639
1932 <-> 6, 1767, 1844
1952 <-> 1818
1953 <-> 1212
1954 <-> 1247
1955 <-> 528, 1475
1956 <-> 1817
1757 <-> 198
1958 <-> 26, 70, 1422, 1580
143 <-> 87
1959 <-> 1749
1961 <-> 991, 1386, 1561
9019 <-> 1519
1964 <-> 1153
1965 <-> 435
171 <-> 145
1966 <-> 50, 519, 699
1967 <-> 1767
1969 <-> 226, 1770
168 <-> 143
130 <-> 87, 17, 141, 35, 34, 163, 147, 113
1970 <-> 134, 60
45 <-> 40
1976 <-> 872, 1311, 1565, 1637
1979 <-> 465
1981 <-> 197, 648
1982 <-> 625, 784
1984 <-> 652, 1254
1987 <-> 5
1992 <-> 601, 696
0 <-> 113, 1
129 <-> 27
1997 <-> 2725
1994 <-> 825, 1749
1995 <-> 332, 690
1998 <-> 414, 829
999 <-> 1239, 1364
124 <-> 77
