159 <-> 1102
147 <-> 1871
203 <-> 318, 505
648 <-> 256, 877, 1981
9 <-> 425
140 <-> 445, 1732
209 <-> 357, 766, 853
15 <-> 43, 238, 1552
649 <-> 904
193 <-> 193, 1405
109 <-> 416, 705
225 <-> 1374, 1751
138 <-> 51, 58, 75
132 <-> 1420, 1498
48 <-> 48, 1363
218 <-> 1325, 1581
24 <-> 244, 624
145 <-> 145, 507
164 <-> 777, 1147, 1192
42 <-> 1632, 1788
119 <-> 915, 1821
10 <-> 950, 1039
229 <-> 944, 978, 1567
261 <-> 261, 425, 526, 646
36 <-> 936, 1831
252 <-> 619, 1709
698 <-> 459, 749, 1124
23 <-> 723, 871
782 <-> 432, 569, 583
904 <-> 649, 674, 870, 1409
777 <-> 164, 462, 879, 1890
6 <-> 305, 842, 1932
11 <-> 131, 23
84 <-> 84, 343, 948
189 <-> 1433
211 <-> 1047, 1754
719 <-> 1600
728 <-> 1597
37 <-> 263, 678, 1356, 1683, 1714
14 <-> 215, 1110, 1523
45 <-> 130, 881, 1158
120 <-> 1342, 1826
695 <-> 1427
90 <-> 954, 1519
676 <-> 697, 1036
687 <-> 323, 687
207 <-> 137, 328
123 <-> 843, 1837
101 <-> 148
183 <-> 799, 1489
212 <-> 601
779 <-> 838, 869, 1545
187 <-> 1524
249 <-> 987, 1041, 1949
196 <-> 563
161 <-> 1602, 1936
88 <-> 931, 1024
665 <-> 1462
38 <-> 1238
81 <-> 81, 315
233 <-> 436, 747
108 <-> 1367
93 <-> 615, 1667, 1745
66 <-> 1437
91 <-> 276
76 <-> 554, 1582
150 <-> 453, 999
121 <-> 10
100 <-> 56, 1924
231 <-> 419, 763, 1579
675 <-> 565, 1805
6809 <-> 139
221 <-> 614, 811
115 <-> 151
160 <-> 1265, 1274, 1660
40 <-> 804, 1127, 1419
659 <-> 572, 1241
192 <-> 989, 1088, 1096, 1891
224 <-> 335, 1911
237 <-> 1468, 1934
255 <-> 1392
234 <-> 1884
44 <-> 497, 251, 1305
169 <-> 740
236 <-> 236
214 <-> 214, 282, 1166, 1341, 1751
126 <-> 126
253 <-> 616
114 <-> 1221
55 <-> 340, 1913
780 <-> 576, 587, 1531
22 <-> 1748, 1774
792 <-> 1141, 1746, 1757
794 <-> 1408
241 <-> 1084, 1634
54 <-> 54
228 <-> 230, 1207, 1739
83 <-> 734, 1794
117 <-> 567, 1251
32 <-> 921
691 <-> 691
155 <-> 15240
1250 <-> 683, 615, 593, 248, 104, 895
726 <-> 858
220 <-> 1854
70 <-> 173, 527, 743, 1806, 1958
118 <-> 136, 461, 804
235 <-> 980, 1694
701 <-> 1285, 1736
650 <-> 1378
152 <-> 521, 1037
78 <-> 1452, 1706, 1804
708 <-> 139, 1600, 1654
177 <-> 638, 1102
213 <-> 1660
30 <-> 223, 1317, 1773
129 <-> 968
694 <-> 564
96 <-> 1299, 1924
153 <-> 298, 760, 803, 1664
733 <-> 1276, 5
200 <-> 752, 783, 1346
227 <-> 274, 966
68 <-> 1597
73 <-> 78, 1571
246 <-> 1327
10 <-> 121, 1532
144 <-> 532, 996, 1794
655 <-> 520, 1394
113 <-> 105, 629, 1786
208 <-> 250
8 <-> 985
58 <-> 138, 41666
197 <-> 1981
264 <-> 484, 618
50 <-> 1687, 1966
130 <-> 45, 251, 804, 1078
141 <-> 441
245 <-> 1528, 1605, 1905
180 <-> 588
43 <-> 15, 403, 866
732 <-> 333, 1296
71 <-> 393, 1185, 1680
11 <-> 285, 1242, 1753
107 <-> 187
257 <-> 360, 581, 1658
149 <-> 1401, 1883
673 <-> 1760
718 <-> 578
550 <-> 208, 818
724 <-> 302, 1333
696 <-> 170, 666, 1992
59 <-> 32
35 <-> 471, 885, 1119
151 <-> 115, 205, 496, 535
693 <-> 1398, 1925
684 <-> 1609
142 <-> 1280, 1787
260 <-> 919
176 <-> 455, 457, 712, 1386, 1639
190 <-> 1312, 1351, 1723
158 <-> 1020
191 <-> 375
49 <-> 1286
204 <-> 628, 1351, 1605
784 <-> 497, 595, 1343, 1982
65 <-> 1323
12 <-> 632, 162, 829
103 <-> 103
178 <-> 1802
786 <-> 1603
223 <-> 30, 1237
790 <-> 1342, 1464
63 <-> 1423, 1484
216 <-> 143, 1481, 1897
716 <-> 1659
92 <-> 342
703 <-> 703, 1106
69 <-> 414
181 <-> 367, 1219
791 <-> 553, 1344
72 <-> 391, 1863
217 <-> 602
783 <-> 200, 325, 1072
656 <-> 459
689 <-> 398, 1079
720 <-> 56, 827
715 <-> 445, 815, 1231
251 <-> 65, 483, 882
259 <-> 287, 941, 1141, 1262
201 <-> 201, 1023
727 <-> 308, 557
202 <-> 399, 582
17 <-> 275
74 <-> 537, 1861
653 <-> 206, 997
781 <-> 826, 1700
666 <-> 487, 696
721 <-> 350, 1157, 1271, 1716
664 <-> 1168, 1945
79 <-> 1618
230 <-> 228, 273, 277, 1252
143 <-> 216, 468, 1180, 1695
67 <-> 1390, 1535
82 <-> 1420, 1865
124 <-> 124
133 <-> 776, 1300
186 <-> 459, 493
657 <-> 522, 875
33 <-> 395, 11772
51 <-> 138, 454, 1105
694 <-> 564, 194, 1974
651 <-> 340
127 <-> 1777, 1836
139 <-> 680, 708, 1717, 1808
188 <-> 367, 686, 930, 1643
41 <-> 365
658 <-> 1713, 1917
135 <-> 1176
672 <-> 945
172 <-> 1183
198 <-> 1385
47 <-> 867, 1391, 1630
226 <-> 226, 1969
688 <-> 1067, 1692
239 <-> 239, 362
681 <-> 456, 854
789 <-> 789, 1871
4 <-> 361
170 <-> 170, 571, 696, 859
122 <-> 1421, 1532
210 <-> 810
21 <-> 608, 1493, 1587, 1646
788 <-> 1478
222 <-> 542, 963, 1420
29 <-> 285
134 <-> 134, 467
263 <-> 37, 964
652 <-> 562, 1984
111 <-> 311, 1895
232 <-> 232, 1893
128 <-> 128
729 <-> 318
700 <-> 1682
179 <-> 862, 876, 1633
62 <-> 1157
53 <-> 762
167 <-> 39, 1626
28 <-> 832, 1227
