6 <-> 305, 842, 1332
12 <-> 632, 762, 829
13 <-> 662, 1429
1838 <-> 335
1843 <-> 858, 1211, 1492, 1623
1844 <-> 988, 1932
1845 <-> 293
1846 <-> 393, 1568, 1598, 1846
1847 <-> 1141
1849 <-> 1226
1850 <-> 519
1702 <-> 1851, 1860
1852 <-> 1852
1853 <-> 822, 1701
1854 <-> 220, 1128, 1139, 1351
1856 <-> 926, 920
1857 <-> 1687
1858 <-> 1572, 1620
167 <-> 109
1861 <-> 74, 630
1862 <-> 1000, 1314, 1439, 1718
1863 <-> 72, 1076
1864 <-> 760, 1554
1866 <-> 1331, 1866
1867 <-> 794, 1477
1869 <-> 458, 762, 1281
1870 <-> 366, 973, 1566
1871 <-> 147, 789
1873 <-> 413
1874 <-> 1469
1875 <-> 195, 273
1877 <-> 321, 912
1878 <-> 962, 1161, 1547
1879 <-> 1453, 1510
1880 <-> 290, 1209
1881 <-> 1671, 1881, 1887, 1902
1882 <-> 566, 977, 1287, 1710
1884 <-> 234, 571, 893
1885 <-> 1029
1886 <-> 1309
1888 <-> 154, 901
1890 <-> 777, 1121, 1890
129 <-> 94, 179, 45
1893 <-> 232
1894 <-> 1012
25 <-> 187, 141
1895 <-> 111, 1741, 1919
29 <-> 137, 47, 103
1896 <-> 1254, 1708
1898 <-> 1756
1900 <-> 441, 814, 1163
1901 <-> 550, 1680
1904 <-> 358
1905 <-> 245
1906 <-> 574, 1906
1907 <-> 20, 453, 842, 1199
117 <-> 183
1910 <-> 1085, 1183, 1690
1911 <-> 224, 878, 1690
9912 <-> 987, 1005, 1138
1913 <-> 55, 1378, 1407
1914 <-> 603, 1460
1915 <-> 59, 405
1925 <-> 80, 693, 840
1926 <-> 546, 1009, 1347
76 <-> 62
1927 <-> 906, 1555
1928 <-> 370, 1429, 1444
1930 <-> 1670
1931 <-> 1336
51933 <-> 463, 1180
1934 <-> 237
1935 <-> 322, 785, 1559, 1803
1936 <-> 161, 506
1937 <-> 1937
1938 <-> 397
1940 <-> 1466
1942 <-> 428, 1345
1943 <-> 1943
1944 <-> 1699
1945 <-> 664, 1945
1946 <-> 1946
1947 <-> 733, 1632
1948 <-> 1403
164 <-> 68
1950 <-> 611, 981, 1467, 1733
1951 <-> 1679
120 <-> 170, 41, 122
1952 <-> 1818
1953 <-> 2211
1954 <-> 1247
1955 <-> 528, 1475
1956 <-> 1817
1957 <-> 599
1958 <-> 26, 70, 1422, 1580
1961 <-> 991, 1386, 1561
1965 <-> 1519
1964 <-> 1153
1966 <-> 50, 519, 699
1967 <-> 1767
1968 <-> 1157
1970 <-> 880
1971 <-> 635, 1612
1972 <-> 1051, 1707
42 <-> 66, 64, 18
1973 <-> 750, 1542
1974 <-> 194, 833
1975 <-> 1547
182 <-> 148
147 <-> 104, 7, 0, 145, 21
12977 <-> 804
1979 <-> 465
1980 <-> 1384
1981 <-> 197, 648
1982 <-> 625, 784
113 <-> 77, 15, 20, 130, 11
1983 <-> 857, 1353, 1983
1984 <-> 652, 1255
1985 <-> 1045
1987 <-> 1170, 1281
1988 <-> 98, 168, 1088
1989 <-> 319, 671
1990 <-> 1119
1991 <-> 446, 1505
1992 <-> 601, 696
1993 <-> 550
1994 <-> 825, 1749
1995 <-> 332, 690
1996 <-> 1183
1997 <-> 376, 746
1998 <-> 414, 829
1999 <-> 1239, 1364
