0 <-> 89, 90
1 <-> 91, 92
2 <-> 93, 94, 95
3 <-> 96
4 <-> 4
5 <-> 97
6 <-> 6
7 <-> 98
8 <-> 99, 100
9 <-> 101
10 <-> 102
11 <-> 103, 104
12 <-> 105, 106, 107
13 <-> 108
14 <-> 109, 110
15 <-> 111, 112, 113
16 <-> 114
17 <-> 115, 116
18 <-> 117
19 <-> 118, 119, 120
20 <-> 121, 122, 123, 124
21 <-> 125, 126
22 <-> 127
23 <-> 128, 23
24 <-> 129, 130
25 <-> 131
26 <-> 132
27 <-> 133
28 <-> 134, 135
29 <-> 136
30 <-> 137
31 <-> 138, 139
32 <-> 140
33 <-> 141, 142
34 <-> 143
35 <-> 144
36 <-> 145, 146
37 <-> 37
38 <-> 147, 38
39 <-> 39
40 <-> 148, 149, 150, 151, 152, 153
41 <-> 154
42 <-> 155, 156, 157, 158
43 <-> 159
44 <-> 160
45 <-> 161
46 <-> 162
47 <-> 163, 164
48 <-> 165, 166
49 <-> 167
50 <-> 168
51 <-> 169
52 <-> 170, 171, 172, 173
53 <-> 174
54 <-> 175
55 <-> 176, 177, 178
56 <-> 179
57 <-> 180
58 <-> 58
59 <-> 181
60 <-> 182
61 <-> 183
62 <-> 184
63 <-> 185
64 <-> 186
65 <-> 187
66 <-> 188, 189
67 <-> 190
68 <-> 191
69 <-> 192, 193
70 <-> 194, 195
71 <-> 196
72 <-> 197, 198
73 <-> 199, 200
74 <-> 201
75 <-> 202, 203
76 <-> 204
77 <-> 205, 206
78 <-> 207, 208
79 <-> 209, 210
80 <-> 211
81 <-> 212
82 <-> 213, 214
83 <-> 215
84 <-> 216, 217
85 <-> 218
86 <-> 219
87 <-> 220, 221
88 <-> 222, 223
