40 <-> 73
32 <-> 1
135 <-> 0, 178, 109, 46
34 <-> 11, 56, 61, 68, 90, 121, 170
116 <-> 31, 35, 43, 45, 185, 197, 199
148 <-> 12, 28, 54, 67, 77, 95
156 <-> 30
150 <-> 59, 21, 55
134 <-> 125, 87, 10, 114
86 <-> 163
398 <-> 689, 825, 1435
400 <-> 64, 1190
78 <-> 71, 7, 36
401 <-> 337, 1707
517 <-> 174, 1665
117 <-> 180, 48
521 <-> 153, 612, 709, 753
525 <-> 1778
536 <-> 489, 927
58 <-> 162, 69, 82, 102, 81, 191, 160
194 <-> 38, 6
537 <-> 74, 755, 1756
13 <-> 137, 173
538 <-> 1592
141 <-> 92, 147, 110, 70, 105, 20
17 <-> 122
545 <-> 26
547 <-> 57, 294
548 <-> 1031, 1517, 1741
550 <-> 624, 1901, 1993
551 <-> 1132
554 <-> 76, 1245
198 <-> 23, 174
63 <-> 33
88 <-> 37, 46, 50, 142, 151, 42, 75
555 <-> 470
5 <-> 331, 820, 1562
100 <-> 182, 183
557 <-> 727, 1368
562 <-> 593, 652
108 <-> 172
3 <-> 146
