152 <-> 521, 1237
164 <-> 777, 1147, 1192
180 <-> 588
184 <-> 377, 415, 1642
186 <-> 459, 493
190 <-> 1312, 1351, 1723
191 <-> 375
197 <-> 1981
38 <-> 39
200 <-> 752, 783, 1346
201 <-> 201, 1023
202 <-> 399, 582
204 <-> 628, 1351, 1606
206 <-> 653
207 <-> 137, 328
208 <-> 250
209 <-> 357, 766, 853
210 <-> 810
212 <-> 601
213 <-> 1660
215 <-> 14
216 <-> 143, 1481, 1897
84 <-> 138, 21, 99
217 <-> 602
218 <-> 1325, 1581
219 <-> 426, 739, 1209
222 <-> 542, 963, 1420
223 <-> 30, 1237
224 <-> 335, 1911
235 <-> 1374, 1751
226 <-> 226, 1969
228 <-> 230, 1207, 1739
231 <-> 419, 763, 1579
232 <-> 232, 1893
237 <-> 1468, 1934
238 <-> 15
241 <-> 1084, 1634
248 <-> 104
251 <-> 130, 484, 882
252 <-> 619, 1709
253 <-> 616
254 <-> 1092, 1288, 1328
255 <-> 1392
256 <-> 18, 648
257 <-> 360, 581, 1658
258 <-> 662, 905
259 <-> 287, 941, 1141, 1262
260 <-> 919
262 <-> 418, 634
264 <-> 484, 618
265 <-> 486
648 <-> 256, 877, 1981
652 <-> 562, 1984
40 <-> 180, 89, 166, 128
655 <-> 520, 1394
657 <-> 522, 875
658 <-> 1713, 1917
659 <-> 572, 1412
660 <-> 258, 1396
661 <-> 883
662 <-> 13
663 <-> 364, 514
664 <-> 1168, 1945
665 <-> 1462
666 <-> 487, 6433
671 <-> 1929, 1989
672 <-> 945
673 <-> 1760
674 <-> 870, 1409
675 <-> 565, 1805
676 <-> 697, 1036
677 <-> 397, 764
104 <-> 194
679 <-> 355, 1201
680 <-> 139
681 <-> 456, 854
622 <-> 412
683 <-> 615, 1250
684 <-> 1609
685 <-> 1011
688 <-> 1067, 1692
689 <-> 398, 1079
690 <-> 1485, 1995
691 <-> 691
693 <-> 1398, 1925
694 <-> 564
31 <-> 70, 111, 85, 46, 164
695 <-> 1427
698 <-> 459, 749, 1124
699 <-> 1966
700 <-> 1682
701 <-> 1285, 1736
702 <-> 1401
705 <-> 109, 1083
706 <-> 706, 1398
707 <-> 766, 949, 1439
41 <-> 186, 105
708 <-> 139, 1600, 1654
709 <-> 521, 1742
710 <-> 574
711 <-> 811
713 <-> 1512, 1586
714 <-> 75
715 <-> 445, 815, 1231
716 <-> 1659
718 <-> 578
26 <-> 72, 105
721 <-> 350, 1157, 1271, 1712
722 <-> 1225, 1301
56 <-> 122, 92
724 <-> 302, 1333
725 <-> 116, 435, 1651
726 <-> 858
727 <-> 308, 557
728 <-> 1597
729 <-> 318
122 <-> 5, 159
730 <-> 778, 947, 1162, 1253, 1425
731 <-> 869
150 <-> 37, 179
165 <-> 90, 57, 67
777 <-> 164, 462, 879, 890
779 <-> 838, 869, 1545
781 <-> 826, 1700
783 <-> 200, 325, 1072
784 <-> 497, 595, 1343, 1982
786 <-> 1603
787 <-> 834, 1277, 1534
788 <-> 1478
789 <-> 789, 1871
792 <-> 1141, 1746, 1757
793 <-> 148
794 <-> 1408
