0 <-> 162, 163
1 <-> 164, 165, 166
2 <-> 2
3 <-> 167
4 <-> 168
5 <-> 169, 170, 171
6 <-> 172, 173
7 <-> 174
8 <-> 175
9 <-> 176, 177
10 <-> 178, 179, 180
11 <-> 181, 182, 183
12 <-> 184, 185
13 <-> 186, 187, 188
14 <-> 189, 190
15 <-> 39, 191, 192
16 <-> 193
17 <-> 194
18 <-> 25, 195
19 <-> 196
20 <-> 197
21 <-> 198, 199, 200, 201
22 <-> 202, 203
23 <-> 204, 205
24 <-> 206, 207
25 <-> 18, 208, 209, 210, 211
26 <-> 212, 213
27 <-> 178
28 <-> 214, 215, 216
29 <-> 217
30 <-> 218, 219
31 <-> 220
32 <-> 221, 222, 223
33 <-> 224, 225
34 <-> 226, 227, 228, 229, 230
35 <-> 231
36 <-> 117
37 <-> 232
38 <-> 233, 234
39 <-> 15, 235, 236
40 <-> 237, 238, 239
41 <-> 240, 241, 242
42 <-> 243, 244, 245
43 <-> 43, 246
44 <-> 247
45 <-> 248, 249
46 <-> 250, 251, 252
47 <-> 253
48 <-> 182
49 <-> 254, 255
50 <-> 256, 257, 258, 259
51 <-> 250, 260, 261
52 <-> 262, 263
53 <-> 264, 265
54 <-> 266
55 <-> 267, 268
56 <-> 56, 269
31 <-> 101, 51, 83
57 <-> 270
58 <-> 271
59 <-> 272, 273, 274
60 <-> 275
61 <-> 276
62 <-> 277, 278, 279, 280, 281
63 <-> 282, 278
64 <-> 283
65 <-> 284, 285
66 <-> 286
67 <-> 287
68 <-> 288, 289, 290
69 <-> 291, 292, 293
70 <-> 294, 295
71 <-> 296, 297
72 <-> 298, 299, 300
73 <-> 78, 301
74 <-> 302, 303
75 <-> 304, 305
76 <-> 306, 307
77 <-> 308, 309, 310
78 <-> 73, 311, 312
79 <-> 313, 314, 315
80 <-> 316, 317, 318
81 <-> 319, 320
82 <-> 321, 322
83 <-> 323, 177
84 <-> 324, 305
85 <-> 325, 326
86 <-> 86
87 <-> 327
88 <-> 328, 329, 330, 104, 116
89 <-> 41, 331, 318, 332
90 <-> 333
91 <-> 334, 335
92 <-> 336, 337
93 <-> 93, 338
94 <-> 339
95 <-> 340, 341, 342, 343
96 <-> 344
97 <-> 345, 346
98 <-> 347, 348, 349, 350
99 <-> 351, 352, 353
100 <-> 100, 354
101 <-> 355
102 <-> 356, 357, 358, 359, 360
103 <-> 361, 362
104 <-> 363, 364
105 <-> 365, 366, 367, 368
106 <-> 369
107 <-> 370
108 <-> 371, 372, 373
109 <-> 374, 375, 376
110 <-> 377
111 <-> 378, 379
112 <-> 112, 380, 381
113 <-> 382, 383, 384
114 <-> 385, 386, 387
115 <-> 388, 389
116 <-> 116, 390, 391, 392, 393
117 <-> 36, 394
118 <-> 395
119 <-> 119, 396, 397, 398
120 <-> 399, 400
121 <-> 401, 402, 403
122 <-> 404
123 <-> 405, 406
124 <-> 407
125 <-> 408
126 <-> 409, 182, 410
127 <-> 411, 412, 413
128 <-> 414
129 <-> 415, 416, 417, 418, 419
130 <-> 420, 421
131 <-> 285
132 <-> 132
133 <-> 422
134 <-> 423
135 <-> 424
136 <-> 425, 426
137 <-> 427
138 <-> 428, 429
139 <-> 430, 431
140 <-> 432, 433
141 <-> 434, 435
142 <-> 318
143 <-> 436
144 <-> 437, 438
68 <-> 439
145 <-> 440
146 <-> 441
147 <-> 442, 443
148 <-> 444, 445
149 <-> 446, 447, 149
150 <-> 448, 449
151 <-> 450
152 <-> 451
153 <-> 220, 410
154 <-> 452, 453
155 <-> 454, 397
156 <-> 455
157 <-> 392, 456
158 <-> 457, 458
159 <-> 459
160 <-> 460, 183
161 <-> 461, 462
