0 <-> 65
1 <-> 66
2 <-> 67
69 <-> 147, 115, 137, 114, 198, 67, 180
3 <-> 68
4 <-> 69
5 <-> 70, 71
6 <-> 72
7 <-> 73
11 <-> 77
12 <-> 78, 79, 80
13 <-> 81
15 <-> 83, 84
36 <-> 85
17 <-> 86, 87
18 <-> 11
19 <-> 88
20 <-> 89
196 <-> 120, 167
21 <-> 21
22 <-> 90
23 <-> 91
24 <-> 92
25 <-> 93
26 <-> 94, 95
27 <-> 96
28 <-> 97, 98, 99
29 <-> 8
30 <-> 100, 101, 102
31 <-> 103
32 <-> 104, 105
33 <-> 106
34 <-> 107
35 <-> 108
36 <-> 109, 110
7 <-> 172, 102, 163, 142, 46, 194, 81
37 <-> 111
38 <-> 112
39 <-> 113
40 <-> 114
41 <-> 115
43 <-> 117, 118
44 <-> 119
46 <-> 121
47 <-> 122, 123
48 <-> 124, 125
49 <-> 126
50 <-> 127, 128
52 <-> 130
54 <-> 132
55 <-> 133, 134
56 <-> 135
60 <-> 139
61 <-> 140
62 <-> 141
63 <-> 142
64 <-> 143
