0 <-> 950, 1039
1 <-> 317, 904, 923
3 <-> 870
4 <-> 361
5 <-> 5
6 <-> 32, 1896
1255 <-> 1984
1256 <-> 1256
1257 <-> 532
1258 <-> 1706
1259 <-> 166, 1668
1261 <-> 459
1263 <-> 599
1266 <-> 343
1268 <-> 1641
1269 <-> 498
1270 <-> 1584, 1640, 1721
1271 <-> 721
1272 <-> 1333, 1801
1274 <-> 160, 1282
1277 <-> 466, 787, 1277
1278 <-> 1301, 1468
1279 <-> 939, 989
1280 <-> 142, 509
1281 <-> 1869, 1987
1283 <-> 940, 1652
1284 <-> 514, 1459
1285 <-> 701, 1379, 1596
1862 <-> 49, 1286, 1511
1287 <-> 577, 1882
1288 <-> 254
1291 <-> 1509
1292 <-> 552, 1548
37 <-> 3, 158, 183, 143, 20, 110, 179, 29
1293 <-> 857
1296 <-> 110, 732
1297 <-> 928
1298 <-> 470, 1134, 1462, 1557
1299 <-> 96, 301, 1356
1300 <-> 133
1301 <-> 303, 380, 643, 722, 902, 946, 1139
1303 <-> 480
1304 <-> 410, 1560
1308 <-> 1308, 1613
1309 <-> 1309, 1736, 1886
1310 <-> 844, 1410, 1976
1311 <-> 1423
1312 <-> 190, 1787
1313 <-> 760
1314 <-> 1862
1315 <-> 1507, 1675
1316 <-> 396, 1789
1317 <-> 30, 1350
1318 <-> 296, 346
1319 <-> 804
1320 <-> 1779
1321 <-> 1533, 1727
1322 <-> 1024
97 <-> 152, 3, 88
1323 <-> 65, 1619
1324 <-> 429
1325 <-> 218
1326 <-> 1018
1327 <-> 246, 1507
1329 <-> 1018, 1329, 1495
1331 <-> 736, 1866
1332 <-> 747
1334 <-> 1045, 1334, 1546
1336 <-> 951, 1931
1338 <-> 1743
1340 <-> 1502, 1883
1341 <-> 214
1342 <-> 120, 644, 790
1343 <-> 405, 784
1344 <-> 791, 924, 1626
1345 <-> 1345, 1547, 1942
1346 <-> 200, 1052
1347 <-> 1926
1348 <-> 552
1351 <-> 190, 204, 411, 1854
1352 <-> 959
1354 <-> 1478
1355 <-> 433, 1575
1356 <-> 37, 540, 1299
1357 <-> 942, 1357
1358 <-> 1356
1359 <-> 1703
1360 <-> 315
1361 <-> 579, 884, 1777
1362 <-> 865
1363 <-> 48
1365 <-> 1047, 1410, 1582, 1663
1366 <-> 544
1367 <-> 108, 1899
1368 <-> 557, 1381
1369 <-> 1545
1370 <-> 182, 889
1372 <-> 670, 1371, 1734
1374 <-> 225, 1539
1376 <-> 291, 742, 1554
1377 <-> 165, 1006
1378 <-> 650, 1913
1380 <-> 1441, 1527, 1855
1382 <-> 1613
1383 <-> 892, 1916
1384 <-> 478, 1980
1385 <-> 198, 1775
1387 <-> 1126
1388 <-> 382, 910
1389 <-> 1208, 1389
1390 <-> 67, 1583
1391 <-> 47
1392 <-> 255, 1645
1393 <-> 910
1395 <-> 450, 1419
1396 <-> 472, 660, 1921
1398 <-> 693, 706
1399 <-> 1482
1400 <-> 564, 1518, 1828
1402 <-> 1144
1403 <-> 827, 1191, 1948
1404 <-> 1051
1405 <-> 193, 502
1407 <-> 1407, 1698, 1913
1408 <-> 794, 1918
1409 <-> 674, 1409
1411 <-> 1411
1412 <-> 857, 1682
80 <-> 189, 103
1413 <-> 1364
1414 <-> 851
1415 <-> 184 27
28 <-> 832, 1227
29 <-> 285
30 <-> 223, 1317, 1773
31 <-> 283
32 <-> 921
33 <-> 3969, 1843
1212 <-> 1036, 1132, 1, 629, 1953
1214 <-> 271, 1555
1217 <-> 1047, 1386
1218 <-> 1330, 1608
1219 <-> 181, 1137
1221 <-> 114, 837, 1140
1222 <-> 382, 894, 1439
1225 <-> 299, 386, 722, 1093
1226 <-> 1226, 1849
1228 <-> 770, 801, 1101, 1594
1230 <-> 868, 1397
1231 <-> 715, 1302
1233 <-> 565
1234 <-> 1918
1237 <-> 223, 1056
1238 <-> 38, 1624
1239 <-, 483
1486 <-> 623, 1417
1491 <-> 405, 1923
1555 <-> 586, 1214, 1927
1559 <-> 415, 1935
1586 <-> 713, 953
1593 <-> 58
1603 <-> 148, 7859, 1311
1424 <-> 426
1425 <-> 730, 1113, 1590
1426 <-> 1112
1427 <-> 695, 832
1428 <-> 603, 798
1435 <-> 398, 422, 1244, 1889
1437 <-> 66, 1152
1462 <-> 300, 588, 665, 1298
1474 <-> 622, 1830
1481 <-> 216, 339, 483
1486 <-> 623, 1417
1491 <-> 405, 1923
1555 <-> 586, 1214, 1927
1559 <-> 415, 1935
1586 <-> 713, 953
1593 <-> 58
1603 <-> 148, 786
49 <-> 121, 117
1725 <-> 620, 922, 1624
