0 <-> 9539
94 <-> 747, 973, 1010
95 <-> 95
96 <-> 1299, 1924
97 <-> 463
98 <-> 1988
99 <-> 1417
100 <-> 56, 1924
101 <-> 148
102 <-> 807, 1177
104 <-> 248, 593, 895
105 <-> 113, 1090
106 <-> 410, 1114, 1557
107 <-> 107
108 <-> 1367
109 <-> 416, 705
110 <-> 1296, 1837
111 <-> 311, 1895
112 <-> 112, 668, 1720
113 <-> 105, 629, 1786
114 <-> 1221
115 <-> 151
116 <-> 368, 725, 1889
117 <-> 567, 1502
118 <-> 136, 461, 804
119 <-> 915, 1821
120 <-> 1342, 1826
121 <-> 10
122 <-> 1421, 1532
123 <-> 843, 1837
124 <-> 124
125 <-> 1679
127 <-> 1777, 1836
129 <-> 968
130 <-> 45, 251, 804, 1078
131 <-> 995
132 <-> 1420, 1498
133 <-> 776, 1300
134 <-> 134, 467
135 <-> 1176
137 <-> 207
193 <-> 37
139 <-> 680, 708, 1717, 1808
140 <-> 445, 1732
141 <-> 441
143 <-> 216, 468, 1180, 1695
144 <-> 532, 986, 1794
145 <-> 145, 507
147 <-> 1871
148 <-> 101, 751, 793, 1601, 1603
149 <-> 1401, 1883
150 <-> 453, 999
151 <-> 115, 205, 496, 535
152 <-> 521, 1037
135 <-> 298, 760, 803, 1664
155 <-> 1524
156 <-> 1138, 1146, 1335
155 <-> 1373, 1771, 1859
158 <-> 1020
159 <-> 1102
160 <-> 1265, 1274, 1660
161 <-> 1602, 1936
162 <-> 162, 171, 1173
163 <-> 293, 500, 960
164 <-> 777, 1147, 1192
165 <-> 1022, 1377
166 <-> 166, 508, 523, 825, 1259
167 <-> 39, 1626
168 <-> 1988
169 <-> 740
170 <-> 170, 571, 696, 859
172 <-> 1183
173 <-> 70, 295
174 <-> 517, 573
175 <-> 635
176 <-> 455, 457, 712, 1386, 1639
177 <-> 638, 1102
178 <-> 1802
179 <-> 862, 876, 1633
180 <-> 588
181 <-> 367, 1219
182 <-> 1370
183 <-> 6799, 1489
184 <-> 377, 1415, 1642
186 <-> 459, 493
188 <-> 367, 686, 930, 1643
189 <-> 1433
190 <-> 1312, 1351, 1723
191 <-> 375
192 <-> 989, 1088, 1096, 1891
194 <-> 1974
195 <-> 439, 1193, 1875
197 <-> 1981
198 <-> 1385
199 <-> 471
201 <-> 201, 1023
202 <-> 393, 582
203 <-> 318, 1011
204 <-> 628, 1351, 1606
206 <-> 653
207 <-> 137, 328
208 <-> 250
209 <-> 357, 766, 853
211 <-> 1047, 1754
212 <-> 601
213 <-> 1660
214 <-> 214, 282, 1166, 1341, 1751
215 <-> 14
216 <-> 143, 1481, 1897
217 <-> 602
218 <-> 1325, 1581
219 <-> 426, 739, 1209
220 <-> 1854
221 <-> 614, 811
223 <-> 30, 1237
224 <-> 335, 1911
225 <-> 1374, 1751
226 <-> 226, 1969
227 <-> 274, 966
29 <-> 944, 978, 1567
230 <-> 228, 273, 277, 1252
231 <-> 419, 763, 1579
232 <-> 232, 1893
233 <-> 436, 747
236 <-> 236
237 <-> 1468, 1934
239 <-> 239, 362
240 <-> 396
241 <-> 1084, 1634
243 <-> 769, 1455
244 <-> 24
245 <-> 1528, 1605, 1905
247 <-> 1457, 1550
249 <-> 987, 1041, 1949
250 <-> 208, 818
251 <-> 130, 484, 882
252 <-> 619, 1709
253 <-> 616
256 <-> 18, 648
257 <-> 360, 581, 1658
258 <-> 660, 905
259 <-> 287, 941, 1141, 1262
261 <-> 261, 425, 526, 646
262 <-> 418, 634
263 <-> 37, 964
264 <-> 484, 618
265 <-> 209
268 <-> 515, 1172
269 <-> 458
270 <-> 87, 619, 775, 1157
271 <-> 1214
272 <-> 1175, 1697
275 <-> 17, 615, 827, 1013
276 <-> 91, 313, 328, 1799
278 <-> 513, 1449
279 <-> 785, 996, 1375
280 <-> 1889
281 <-> 1501
41 <-> 13, 93, 32, 58, 125, 5, 71, 180
284 <-> 1109, 1730
285 <-> 11, 29
286 <-> 974
287 <-> 259, 1030
288 <-> 288, 808, 1187
289 <-> 956, 1044
292 <-> 314, 918, 1025
294 <-> 547
296 <-> 296, 1318
297 <-> 1141
298 <-> 153, 622
300 <-> 1032, 1462
301 <-> 1299
302 <-> 391, 724
303 <-> 1301, 1599
304 <-> 304, 937
306 <-> 392, 828, 963
307 <-> 1127, 1618
308 <-> 727, 1620
309 <-> 387
310 <-> 1436, 1696, 1784
312 <-> 1156
313 <-> 276, 313, 596
53 <-> 8
316 <-> 1095
317 <-> 1, 476
320 <-> 1401
322 <-> 928, 1935
324 <-> 324
325 <-> 552, 783, 984
329 <-> 1167, 1569
330 <-> 595, 1059
331 <-> 556
332 <-> 943, 1103, 1995
333 <-> 732
334 <-> 365
336 <-> 1052
337 <-> 401
338 <-> 338, 757, 1058
339 <-> 1481
340 <-> 55, 651
341 <-> 341, 637
342 <-> 92, 1116, 1749
343 <-> 84, 1087, 1266
345 <-> 1062
346 <-> 1318, 1659
348 <-> 753
349 <-> 1602
350 <-> 721
351 <-> 437
352 <-> 1478
353 <-> 242, 513
354 <-> 1476
355 <-> 347, 461, 471, 679
356 <-> 839, 1432
358 <-> 617, 1132, 1904
359 <-> 359, 1016, 1202
361 <-> 8, 1333
363 <-> 363
364 <-> 595, 663, 1091, 1174
365 <-> 41, 334, 958, 969, 1066, 1421
366 <-> 919, 1870
371 <-> 1806
373 <-> 1335
376 <-> 372, 1997
380 <-> 1148, 1301
381 <-> 477, 1043, 1735, 1831
383 <-> 568
385 <-> 1752
386 <-> 1099, 1225
388 <-> 1073, 1203, 1689
389 <-> 1799
392 <-> 306, 429, 1883, 1909
394 <-> 394, 585
395 <-> 33, 395
397 <-> 506, 677, 991, 1938
398 <-> 689, 826, 1435
399 <-> 202
400 <-> 64, 1190
402 <-> 58, 515, 985, 1691
403 <-> 43
404 <-> 509
405 <-> 1343, 1491, 1915
406 <-> 941
407 <-> 450, 534
408 <-> 967, 1816
409 <-> 1687
411 <-> 1351
413 <-> 1029, 1873
414 <-> 69, 1998
418 <-> 262, 729
370 <-> 533, 1435
423 <-> 540
424 <-> 1060, 1570
425 <-> 9, 261
427 <-> 643
428 <-> 481, 1705, 1942
430 <-> 1653, 1790
432 <-> 782
433 <-> 667, 1355
434 <-> 1163, 1500
435 <-> 725, 1595, 1832, 1965
438 <-> 7
440 <-> 1686
442 <-> 1525
443 <-> 531
446 <-> 1164, 1499, 1991
447 <-> 1516
453 <-> 150, 479, 1907
454 <-> 51, 1025
456 <-> 375, 681, 1544
469 <-> 1636
470 <-> 470, 555, 1068, 1130, 1298, 1748
471 <-> 35, 199, 355
474 <-> 704, 1504
478 <-> 478, 1267, 1384
480 <-> 1303, 1797
485 <-> 412, 501, 914
486 <-> 641, 647
487 <-> 666
488 <-> 1771
490 <-> 26, 459
491 <-> 1188
492 <-> 749
494 <-> 494, 1188
497 <-> 44, 784, 868
499 <-> 946, 1006
502 <-> 1405
503 <-> 44
504 <-> 599, 1604
505 <-> 613, 752
510 <-> 864, 1719
512 <-> 326, 1433
514 <-> 663, 1284, 1685
516 <-> 516
518 <-> 1092
519 <-> 1850, 1966
522 <-> 657, 774, 1733
528 <-> 1018, 1955
530 <-> 860, 1208
535 <-> 151, 1467
536 <-> 489, 927
537 <-> 74, 755, 1756
538 <-> 1592
539 <-> 1771
541 <-> 1771
542 <-> 222, 1506
543 <-> 543
544 <-> 1366, 1504
546 <-> 546, 1926
548 <-> 1031, 1517, 1741
549 <-> 1648, 1978
550 <-> 624, 1901, 1993
553 <-> 791, 1295
554 <-> 76, 1245
3 <-> 870
