0 <-> 950, 1039
1 <-> 317, 904, 923
3 <-> 870
4 <-> 361
5 <-> 5
6 <-> 305, 842, 1932
7 <-> 438, 1509
8 <-> 985
9 <-> 425
10 <-> 121, 1532
11 <-> 285, 1242, 1753
20 <-> 1907
21 <-> 608, 1493, 1587, 1646
22 <-> 1748, 1774
23 <-> 723, 871
24 <-> 244, 624
78 <-> 25
26 <-> 18, 490, 545, 1123, 1958
28 <-> 832, 1227
29 <-> 285
30 <-> 223, 1317, 17733
10 <-> 66, 157, 132, 111
33 <-> 395, 1772
34 <-> 1170
35 <-> 471, 885, 1119
36 <-> 936, 1831
37 <-> 263, 678, 1356, 1683, 1714
39 <-> 167
40 <-> 804, 1127, 1419
89 <-> 152, 161
41 <-> 365
42 <-> 1632, 1788
43 <-> 15, 403, 866
44 <-> 497, 503, 1305
45 <-> 130, 881, 1158
46 <-> 46, 744
47 <-> 866, 1391, 1630
48 <-> 286
50 <-> 1687, 1966
51 <-> 138, 454, 1105
52 <-> 1647
53 <-> 762
54 <-> 54
55 <-> 340, 1913
56 <-> 100, 720
57 <-> 547, 1417, 1501, 1785
58 <-> 138, 402, 1593
59 <-> 1620, 1915
60 <-> 896, 982
62 <-> 1157
11 <-> 199, 179, 122, 19, 0, 139, 58, 4
63 <-> 1423, 1484
64 <-> 64, 7400
65 <-> 1323
67 <-> 1390, 1535
68 <-> 1597
69 <-> 414
70 <-> 173, 527, 743, 1806, 1479
71 <-> 393, 1585, 1680
72 <-> 391, 1863
75 <-> 138, 714
77 <-> 611
83 <-> 734, 1794
84 <-> 84, 347
322 <-> 928, 1935
323 <-> 688
325 <-> 552, 783, 984
326 <-> 512
327 <-> 761, 1240, 1789
328 <-> 207, 276
329 <-> 1167, 1569
330 <-> 595, 1059
331 <-> 556
332 <-> 943, 1103, 1995
334 <-> 365
335 <-> 223
