0 <-> 757, 332, 758
1 <-> 1
2 <-> 759
3 <-> 3
4 <-> 760, 761, 698
5 <-> 762, 763
6 <-> 764
7 <-> 765
8 <-> 766, 767
9 <-> 768, 769, 770
10 <-> 771, 772, 286
11 <-> 773, 774
12 <-> 775, 488, 776
71 <-> 1326, 780, 1325, 1532, 636, 392
13 <-> 31, 777, 778
14 <-> 779
15 <-> 780
16 <-> 781, 782, 783, 784
17 <-> 785, 786
18 <-> 787, 788
71 <-> 94, 14
19 <-> 789, 790, 791, 792, 716
20 <-> 20
21 <-> 793, 794, 795
22 <-> 796
22 <-> 797, 87
23 <-> 798
24 <-> 799, 800
25 <-> 801
26 <-> 802, 803, 8
2047 <-> 805, 806, 807, 808, 809
28 <-> 810
29 <-> 811
30 <-> 812, 813
32 <-> 816, 817, 818
33 <-> 819, 316, 820
1283 <-> 865, 62, 355, 601, 1284
35 <-> 309, 822, 823
36 <-> 824
37 <-> 825, 826, 827
38 <-> 828
39 <-> 39
40 <-> 829, 686
41 <-> 830, 831, 832, 833
42 <-> 825, 834, 835
43 <-> 836, 688
44 <-> 44, 837
45 <-> 838, 839
46 <-> 46, 840
47 <-> 841
48 <-> 842
49 <-> 843, 844
50 <-> 845
51 <-> 846
52 <-> 116, 847, 848, 609, 716
53 <-> 849, 850, 851
54 <-> 54, 852
55 <-> 853, 854
56 <-> 855
57 <-> 856, 857, 858
239 <-> 1577, 106, 1129, 1128, 609, 1127, 52
58 <-> 859
60 <-> 60, 862
61 <-> 863, 864
63 <-> 866
64 <-> 867, 404, 868, 869, 870
65 <-> 871, 407
66 <-> 872
67 <-> 873, 874
68 <-> 875
69 <-> 876
71 <-> 231, 368, 392
72 <-> 72
74 <-> 831
76 <-> 881, 882, 883
79 <-> 79
80 <-> 888
81 <-> 889, 205
82 <-> 890, 675
83 <-> 83, 891, 892
84 <-> 77, 893, 894
85 <-> 895, 896
86 <-> 94, 897, 271
88 <-> 88
91 <-> 863, 899
92 <-> 251, 900
93 <-> 93, 901
95 <-> 903, 904, 905, 906
96 <-> 907, 908
99 <-> 152, 913, 504, 914
100 <-> 915, 916, 601
101 <-> 101, 917
48 <-> 96, 74
102 <-> 102
103 <-> 918, 234, 919, 920, 921
104 <-> 922, 923
105 <-> 924, 925, 926, 927
106 <-> 928
107 <-> 929
108 <-> 477, 930, 931
109 <-> 932, 933, 653
110 <-> 934, 935
111 <-> 111, 936, 937
915 <-> 601, 1200, 290, 916, 100
112 <-> 938, 939, 940
113 <-> 617, 941, 942
114 <-> 114, 943, 944, 945, 560
1237 <-> 1239, 321, 1613, 646, 470, 1612
115 <-> 946
116 <-> 52, 947
117 <-> 948, 949
118 <-> 950
119 <-> 951, 952, 209, 953, 954
120 <-> 955, 456
121 <-> 956, 957, 958
122 <-> 959
123 <-> 960
124 <-> 961, 962
557 <-> 1481, 1482, 529
125 <-> 963, 964, 965
126 <-> 126
127 <-> 966, 967
128 <-> 968
129 <-> 969, 970, 971, 972
130 <-> 973
131 <-> 974, 975, 976
132 <-> 977
133 <-> 133, 978
134 <-> 979
135 <-> 981, 982, 662
1359 <-> 810, 415, 28
136 <-> 983
137 <-> 984
138 <-> 985
139 <-> 235, 986, 987
141 <-> 988, 989
142 <-> 990, 991
143 <-> 992, 975, 993
144 <-> 994, 995
145 <-> 996
146 <-> 911, 243, 820
147 <-> 997
148 <-> 418, 998
149 <-> 999
150 <-> 1000
151 <-> 151, 1001, 494, 1002, 1003
152 <-> 99, 1004, 1005
153 <-> 1006
154 <-> 1007, 1008
155 <-> 1009, 1010, 526
156 <-> 1011, 1012
157 <-> 1013, 1014, 863
158 <-> 1015, 1016
159 <-> 1017, 1003
160 <-> 1018, 1019
161 <-> 1020, 589, 1021
162 <-> 1022
163 <-> 1023, 1024
164 <-> 1025
165 <-> 1026, 314, 983
166 <-> 1027
167 <-> 829
168 <-> 1028, 1029
171 <-> 1031, 1032
172 <-> 966
173 <-> 1033, 1034
174 <-> 1035, 1036
175 <-> 1037, 1038
176 <-> 1039, 1040
177 <-> 1041, 1042
178 <-> 1043
179 <-> 1044
180 <-> 1045, 1032, 1046
181 <-> 1047
184 <-> 98, 1050
186 <-> 1053, 1054
187 <-> 1055, 1056
188 <-> 1057
189 <-> 1058
191 <-> 1059, 191
193 <-> 1062, 1063
194 <-> 1064, 744
196 <-> 1065, 861
197 <-> 1066
198 <-> 1067
199 <-> 1068, 1069, 1070
200 <-> 1071
201 <-> 1072
202 <-> 1073
203 <-> 203, 1074
204 <-> 1075, 1076, 1077
205 <-> 81, 1078
206 <-> 206, 1065
207 <-> 1079, 1080
210 <-> 1082, 1083
212 <-> 1085
213 <-> 1086
214 <-> 1087, 284
215 <-> 1088, 490, 1089, 1090
217 <-> 1092, 1093
218 <-> 1094, 1095, 1096
219 <-> 1097, 1098
220 <-> 845
222 <-> 1100, 1101, 308, 554, 1102
224 <-> 1104, 1105
225 <-> 1106, 1107
226 <-> 1108, 547
230 <-> 1111, 1112, 1113
13 <-> 129, 101, 134
232 <-> 232
233 <-> 1116, 1117
235 <-> 139, 1119, 1120, 1121
236 <-> 1122, 1079, 1123, 1124
237 <-> 1125
238 <-> 1126
239 <-> 106, 1127, 1128, 1129
56 <-> 195, 89, 38, 78, 80, 102
240 <-> 1130
241 <-> 1131, 993
243 <-> 146, 1134, 267, 1135
244 <-> 244, 1136
246 <-> 872, 1137
247 <-> 585
249 <-> 1139
250 <-> 867
252 <-> 1142, 1143, 1144, 671
253 <-> 1145, 1103, 1146
254 <-> 1147, 1148, 1149
255 <-> 283, 1150
256 <-> 1151, 1152, 1153
257 <-> 816, 1154, 1155, 1156
258 <-> 1157, 700
260 <-> 1158, 1159, 1160
261 <-> 1161
262 <-> 262, 1162
263 <-> 1022, 1163
2614 <-> 1164, 1165
265 <-> 479, 1166, 1167
266 <-> 266, 1168
267 <-> 243, 1169
268 <-> 1170
271 <-> 321, 86, 819, 1174
272 <-> 1175, 989
273 <-> 1176, 1177
274 <-> 1178, 1179, 1180, 1181
275 <-> 1182
276 <-> 276
278 <-> 1184, 1185
279 <-> 1186
280 <-> 1063, 1187, 1188
282 <-> 1189
283 <-> 1062, 255, 1190
284 <-> 779, 214, 284, 1191
285 <-> 1192, 1193
286 <-> 10, 1194
287 <-> 1195, 1196, 418
288 <-> 1197
289 <-> 1198, 1067, 1199
290 <-> 1200
291 <-> 1201, 1202, 1072
293 <-> 945, 341
294 <-> 1204, 1205, 1206, 1207
295 <-> 1208, 887
296 <-> 992, 1209
297 <-> 1210
300 <-> 1213, 1214, 868
301 <-> 1215
302 <-> 1216, 1217, 735
303 <-> 1218, 1219, 639
304 <-> 1068
305 <-> 1220
306 <-> 1221, 242, 1222
307 <-> 1223, 1224, 1225
308 <-> 1100, 5548, 1101, 1102, 1226, 633, 222, 1204
309 <-> 35
310 <-> 1227, 539, 1228
311 <-> 1091, 1229
312 <-> 292, 1230
313 <-> 1231, 1232
314 <-> 165, 1233
315 <-> 1016
181 <-> 82, 5, 48
316 <-> 33
317 <-> 1234, 318
318 <-> 1235, 317
319 <-> 1236
320 <-> 730, 427
321 <-> 1237, 1238, 616, 470, 1239, 1240
322 <-> 1241
324 <-> 1242, 1243
326 <-> 1244
327 <-> 1245
329 <-> 1246, 1247
330 <-> 330, 1248, 928
331 <-> 1249, 589
332 <-> 0, 1250, 1251
333 <-> 1252, 1253
334 <-> 1254
335 <-> 1255, 1256
336 <-> 1257
338 <-> 82, 1260, 523, 1261
339 <-> 1165, 1149, 1262
340 <-> 345, 1263, 650
341 <-> 1264, 293, 1265
342 <-> 1266, 1267, 1171
343 <-> 518, 1268
344 <-> 1269
345 <-> 340, 1270
347 <-> 1273
348 <-> 950, 1161, 1274
349 <-> 579
350 <-> 1275, 1276, 1277, 1278, 1279
352 <-> 161, 1281
353 <-> 1282
357 <-> 1286
359 <-> 811
360 <-> 1288, 838
362 <-> 805, 946
363 <-> 1240, 1291
364 <-> 811, 1292
365 <-> 365
99 <-> 1293, 385, 152, 1004, 1005
369 <-> 1296, 1297
370 <-> 1298
372 <-> 1299, 1300
373 <-> 1301, 373
374 <-> 1302, 1303, 1304
375 <-> 1305
376 <-> 1306
379 <-> 1311, 379
380 <-> 380, 1312
381 <-> 381
382 <-> 382
313 <-> 1313, 383, 1314
384 <-> 384
386 <-> 1315, 873, 1316
387 <-> 1317, 1318
388 <-> 523, 1319, 1320
390 <-> 1323
391 <-> 1324, 692
394 <-> 779
395 <-> 1329, 1006
396 <-> 1330
397 <-> 1331
398 <-> 398
400 <-> 1335, 1336
401 <-> 401
402 <-> 1337, 1338
403 <-> 140, 1339
407 <-> 407, 1344, 1345
408 <-> 1346, 408, 1347
409 <-> 1348
411 <-> 1351, 1071, 528, 1352
412 <-> 1353, 1354
413 <-> 1355, 1356
460 <-> 1404, 68, 875
414 <-> 1357, 1358
417 <-> 1361
419 <-> 1340
420 <-> 1364, 1365
421 <-> 1147, 1366, 1367, 727
422 <-> 1368, 987, 1369
423 <-> 951
424 <-> 424
96 <-> 908, 1344, 1345, 907, 407
425 <-> 1370
429 <-> 1375
431 <-> 914
433 <-> 1380
434 <-> 1209
435 <-> 1381
436 <-> 811, 1382
437 <-> 1383
438 <-> 1384
439 <-> 986
440 <-> 1385, 855
441 <-> 1386, 1387
442 <-> 442
443 <-> 819
444 <-> 1388, 1003
445 <-> 1034
446 <-> 1389, 1390, 1061
447 <-> 685
449 <-> 1391
450 <-> 584
451 <-> 1392
452 <-> 1393, 1394, 1395, 1396
453 <-> 1397, 453
454 <-> 454
456 <-> 1399, 120, 522
457 <-> 1400
458 <-> 1401, 1402
459 <-> 1403, 969
461 <-> 461, 1405, 1406, 1407
462 <-> 1102
463 <-> 1408
464 <-> 1052
465 <-> 1355, 1409, 1049
466 <-> 466
467 <-> 1117
468 <-> 468
471 <-> 1412
104 <-> 104
472 <-> 1383
473 <-> 1413
476 <-> 1417, 587
477 <-> 108, 1085, 1418, 1310
478 <-> 533, 1419
480 <-> 1423, 1200
481 <-> 1424
483 <-> 1426
484 <-> 1427, 1428
485 <-> 1404, 1429
486 <-> 1056, 842, 1261, 1058, 1430
487 <-> 1205
488 <-> 12, 1431
490 <-> 1433, 867, 215, 1434
491 <-> 491, 1435, 1436
492 <-> 1438, 501, 615, 1439
493 <-> 1440
494 <-> 151, 1441
496 <-> 585, 525
500 <-> 1445, 1446
501 <-> 1447, 492
502 <-> 1448, 1449, 1450, 1451
604 <-> 955, 788, 120, 456
503 <-> 858
505 <-> 1453, 1454, 1278
506 <-> 1011, 1455
507 <-> 1456, 1457, 1327, 685, 1458
508 <-> 1459
509 <-> 1460
510 <-> 1461
511 <-> 1462, 1463, 1464, 1465
513 <-> 840
514 <-> 1191
515 <-> 1142, 1466
516 <-> 516
517 <-> 982
519 <-> 1468, 1469, 1470
520 <-> 1331
521 <-> 1190, 1471
528 <-> 1479, 474, 1228, 1480
530 <-> 1483, 1484
531 <-> 4485, 1486
535 <-> 1492
536 <-> 1493, 1494, 1495, 1413
537 <-> 1496, 1497, 1498, 1499
538 <-> 1500
540 <-> 1502, 590
542 <-> 542
543 <-> 543
545 <-> 1505
546 <-> 1506
547 <-> 853, 226, 1507
548 <-> 1508, 1509, 1510
549 <-> 1318, 1511
552 <-> 1512, 552, 1513
554 <-> 222, 1516
555 <-> 1517, 856, 676
556 <-> 1029
557 <-> 557
558 <-> 915
559 <-> 857
560 <-> 114, 1520
561 <-> 1521
562 <-> 966
563 <-> 3275
127 <-> 75, 111
715 <-> 1624, 655, 1623, 1562
564 <-> 1522
566 <-> 1524, 1024, 1525, 1412
567 <-> 1391
1295 <-> 1210, 328, 71, 1148, 620, 368
568 <-> 1526
569 <-> 1513
570 <-> 1269
571 <-> 1527, 1528, 1529
572 <-> 1530
574 <-> 1524, 1531
576 <-> 1534, 1535
577 <-> 1536, 1537
578 <-> 349, 1538
580 <-> 1540, 1541, 1542
581 <-> 1543, 581, 1544
582 <-> 1545, 667
583 <-> 1393
586 <-> 1547, 1548
588 <-> 1550, 1551, 807
589 <-> 1552, 1427, 1553, 1495, 331, 1554, 575
591 <-> 203
593 <-> 1558, 1559
594 <-> 41, 1560, 1561
595 <-> 1536, 974
596 <-> 1130, 1562, 1563
597 <-> 1564, 1565
598 <-> 1518, 502
600 <-> 1566
602 <-> 1568
605 <-> 875, 1570, 1571, 1572
606 <-> 1573
607 <-> 1574, 524
608 <-> 1575, 1576
610 <-> 1578, 1579
611 <-> 939, 1580, 1581
612 <-> 1582
613 <-> 1583
614 <-> 1584, 1585, 614
618 <-> 1588, 1171
619 <-> 1589, 1590, 1591
621 <-> 585
622 <-> 482, 1594, 1595
623 <-> 1596, 1253
624 <-> 1597, 1598
626 <-> 1599
627 <-> 1600, 627
628 <-> 1601, 1602
629 <-> 1271, 872, 1359, 1603
631 <-> 1604
632 <-> 1339
633 <-> 1226, 1204
634 <-> 1015
635 <-> 1605
637 <-> 157
638 <-> 776
640 <-> 1608, 698
642 <-> 849, 1566, 1609, 642
643 <-> 1422
644 <-> 1610
646 <-> 1612, 1613
647 <-> 647
652 <-> 1619, 836
653 <-> 109, 1620
655 <-> 1623, 1624
659 <-> 1109
661 <-> 1629
1043 <-> 825, 37, 826, 178, 827
664 <-> 1633, 866, 1559
666 <-> 1636, 666, 1637, 1638
669 <-> 1644
671 <-> 252, 1646, 671
672 <-> 1647, 1648
165 <-> 186
673 <-> 1064
676 <-> 555, 1651
677 <-> 1652
680 <-> 1414
681 <-> 1655
682 <-> 1081, 682
683 <-> 1655, 922, 761, 1656
687 <-> 1660, 1661
688 <-> 43, 1662
689 <-> 1663, 1664, 1665, 1666, 1667
691 <-> 1550, 1668
693 <-> 1671, 1482
695 <-> 1674
696 <-> 1675
702 <-> 1051
703 <-> 1046
706 <-> 1683, 1684
709 <-> 709
711 <-> 855, 1685, 1686, 1687
713 <-> 1332, 1689
714 <-> 1690
718 <-> 1183, 1636
719 <-> 1694, 953, 1252
722 <-> 1095
723 <-> 1696, 1611, 1697
728 <-> 1702, 1278
731 <-> 1703, 1208, 1138, 1704
734 <-> 1708
737 <-> 801, 1628
738 <-> 1711, 1712, 738
741 <-> 1440, 1274
743 <-> 945, 1693
746 <-> 1310
748 <-> 287, 1716
750 <-> 378, 1718, 477
751 <-> 1719, 613
755 <-> 1725, 262
756 <-> 1726, 239, 270, 1727
