19 <-> 193, 1586, 16
27 <-> 26
28 <-> 83
29 <-> 285
30 <-> 223, 13178, 1509
8 <-> 985
9 <-> 41, 1773
31 <-> 2900
904 <-> 1, 649, 1497
905 <-> 258
906 <-> 319, 1927
908 <-> 704, 1752
909 <-> 1587
910 <-> 1388, 1393
911 <-> 1713
913 <-> 1813
914 <-> 485, 1081
916 <-> 444, 819
917 <-> 772, 1169, 1822
918 <-> 292, 1795
919 <-> 260, 366
920 <-> 1181
921 <-> 31, 1658
922 <-> 864, 1725
923 <-> 1, 852, 1206, 1528
924 <-> 1344, 1531, 1777
925 <-> 973
926 <-> 934, 1535, 1856
927 <-> 536, 841, 1, 908
928 <-> 322, 1297, 1644
929 <-> 1196, 1650
930 <-> 188
931 <-> 88
934 <-> 926, 1488
935 <-> 1918
936 <-> 36, 1577
937 <-> 304
938 <-> 635, 1478, 1505
940 <-> 1283
941 <-> 259, 406, 1458, 1542, 1986
942 <-> 1357
943 <-> 332, 1150, 1513
944 <-> 229, 1727
945 <-> 566, 672
946 <-> 494, 1239, 1301
947 <-> 730
948 <-> 84
949 <-> 707
951 <-> 1010, 1336
952 <-> 1461, 1655
953 <-> 982, 1586
954 <-> 90, 1001
955 <-> 978
956 <-> 289
957 <-> 1655
958 <-> 366
959 <-> 1352, 1423
960 <-> 163
961 <-> 1765, 1824
962 <-> 1878
964 <-> 263, 740
966 <-> 227
967 <-> 408, 3210
968 <-> 129, 1203
969 <-> 365, 807
979 <-> 1096, 1526
980 <-> 235, 980
981 <-> 1950
983 <-> 1185
984 <-> 325
986 <-> 584, 986, 1160
987 <-> 249, 1471, 1912
989 <-> 192, 489, 1279
990 <-> 855, 990
991 <-> 397, 1961
992 <-> 992, 1921
993 <-> 994
995 <-> 131, 995, 1099
996 <-> 144, 279
997 <-> 1829
999 <-> 150, 653
1001 <-> 880, 954, 1809
1002 <-> 1239, 1477
1003 <-> 1206, 1339, 1737
1004 <-> 1876
1006 <-> 499, 1377
1007 <-> 1839, 1917
1008 <-> 319
1010 <-> 94, 759, 951, 1656
1011 <-> 203, 685, 1011
1012 <-> 1538, 1894
1014 <-> 586, 602
1016 <-> 359
1017 <-> 1017
1018 <-> 528, 1326, 1329
1019 <-> 835, 1142
1610 <-> 1023, 201, 84, 948
1020 <-> 158, 846
1021 <-> 1021
1025 <-> 292, 454, 804, 1200
1027 <-> 1027, 1198, 1289
1030 <-> 287
1031 <-> 548, 756
1032 <-> 300, 1519
1034 <-> 580, 1038, 1118
1035 <-> 1859
1036 <-> 465, 676, 1212
1037 <-> 152, 1919
1040 <-> 765
1041 <-> 249
1042 <-> 1791
1044 <-> 289, 1702
1045 <-> 1334, 1985
1046 <-> 1115
1047 <-> 211, 830, 1217, 1365
1048 <-> 833
1049 <-> 1049, 1876
1050 <-> 16, 1151
1051 <-> 576, 633, 1404, 1972
1052 <-> 336, 1346, 1515
1053 <-> 455
1054 <-> 1054
1055 <-> 1595
1056 <-> 1237
1057 <-> 886, 1122, 1554
1058 <-> 338
1060 <-> 424, 1554
1061 <-> 1695
1062 <-> 345, 420, 1476
1064 <-> 933
1067 <-> 688
1070 <-> 1197, 1714
1071 <-> 1624
1072 <-> 783
1073 <-> 388, 6411
1074 <-> 1251
1075 <-> 464, 506
1076 <-> 1863
1077 <-> 1077
1078 <-> 130
1079 <-> 689, 821, 1189
1084 <-> 241, 1527, 1692
1085 <-> 1910
1086 <-> 1751
1089 <-> 1448
1091 <-> 364, 897
1092 <-> 254, 518, 590, 1470
93 <-> 1131, 1225
1097 <-> 1097, 1294
1098 <-> 1098
1100 <-> 367, 639
1101 <-> 1228
1102 <-> 159, 177, 1205
1103 <-> 332, 814
1104 <-> 1138
1106 <-> 703
1107 <-> 1730
1109 <-> 284, 367
1110 <-> 61019
1144 <-> 1402, 1823
1145 <-> 1728
1146 <-> 156
1147 <-> 164, 900
1148 <-> 380, 621
1149 <-> 634, 1513
1152 <-> 854, 1437, 1528, 1609, 1764
1153 <-> 1153, 1964
1155 <-> 14, 1616
1157 <-> 62, 270, 721, 1968
1159 <-> 1159, 1549, 1747
1162 <-> 730, 1069, 1600
1163 <-> 434, 1176, 1814, 1900
1165 <-> 1181
1166 <-> 214, 1529
1167 <-> 329
1170 <-> 34, 1987
1171 <-> 620
1172 <-> 268
1173 <-> 162
1175 <-> 272, 1246
1177 <-> 102, 421, 1778, 1791
1179 <-> 1080
1182 <-> 614, 1592
1183 <-> 172, 1455, 1538, 1910, 1996
1184 <-> 618
1186 <-> 484
1187 <-> 288
1188 <-> 491, 494, 1216, 1711
1190 <-> 400
1191 <-> 144
1195 <-> 11983
32 <-> 921
35 <-> 471, 885, 1119
37 <-> 263, 678, 1393
130 <-> 69
596 <-> 4, 5
