10 <-> 950, 1039
1 <-> 317, 904, 923
2 <-> 2
3 <-> 870
4 <-> 361
5 <-> 5
6 <-> 305, 842, 1932
7 <-> 4
380 <-> 1148, 1301
381 <-> 477, 1043, 1735, 1831
382 <-> 1222, 1388
384 <-> 344, 578
385 <-> 1752
386 <-> 1099, 1225
387 <-> 293, 309
388 <-> 5073, 1203, 1689
389 <-> 1799
390 <-> 606, 1631
391 <-> 72, 302, 751, 1705
392 <-> 306, 429, 1883, 1909
393 <-> 71, 1846
394 <-> 394, 585
395 <-> 33, 395
396 <-> 240, 13115, 985, 1691
403 <-> 43
405 <-> 1343, 1491, 1915
406 <-> 941
407 <-> 450, 534
408 <-> 967, 1816
409 <-> 1687
410 <-> 106, 1304
412 <-> 485, 682
413 <-> 1029, 1873
414 <-> 69, 1998
415 <-> 1559
416 <-> 109, 1757
417 <-> 865, 1461
418 <-> 262, 729
419 <-> 231, 1465
420 <-> 1062, 1574
421 <-> 1177, 1920
422 <-> 533, 1435
423 <-> 540
424 <-> 1060, 1570
425 <-> 9, 261
426 <-> 229, 1414
427 <-> 643
428 <-> 481, 1705, 1942
430 <-> 1653, 1790
431 <-> 1815
432 <-> 782
433 <-> 667, 1355
434 <-> 2163, 15071, 1725
621 <-> 1148
622 <-> 298, 1474
623 <-> 1486, 1623
624 <-> 24, 550, 1798
625 <-> 776, 1536, 1982
627 <-> 752
628 <-> 204, 847
629 <-> 113, 1731
630 <-> 616, 1861
631 <-> 1566
633 <-> 1051, 1792
634 <-> 262, 1111, 1126, 1149
635 <-> 175, 938, 1971
636 <-> 477
637 <-> 341
638 <-> 177, 1704
639 <-> 1100
640 <-> 1527
641 <-> 486, 641
642 <-> 1192
643 <-> 427, 529, 1301
644 <-> 1342
645 <-> 618
646 <-> 261, 321
647 <-> 486
648 <-> 256, 877, 1981
650 <-> 1378
651 <-> 340
652 <-> 562, 1984
653 <-> 206, 999
654 <-> 654
655 <-> 520, 1394
656 <-> 459
67 <-> 522, 875
658 <-> 1713, 1917
659 <-> 472, 1241
660 <-> 258, 1396
661 <-> 883
662 <-> 13
663 <-> 364, 514
664 <-> 1168, 1945
692 <-> 692
693 <-> 1398, 1925
694 <-> 564
695 <-> 1427
697 <-> 676
698 <-> 459, 749, 1124
699 <-> 1966
700 <-> 1682
701 <-> 1285, 1736
702 <-> 1401
703 <-> 703, 1106
704 <-> 474, 908, 1439
705 <-> 109, 1083
706 <-> 706, 1398
707 <-> 766, 949, 1439
708 <-> 139, 1600, 1654
709 <-> 521, 1742
711 <-> 811
712 <-> 176
713 <-> 1512, 1586
714 <-> 75
715 <-> 445, 815, 1231
717 <-> 830, 1738
718 <-> 578
719 <-> 1600
720 <-> 56, 827
721 <-> 350, 1157, 1271, 1716
722 <-> 1225, 1301
723 <-> 23, 723
725 <-> 116, 435, 1651
726 <-> 858
727 <-> 308, 557
728 <-> 1597
730 <-> 778, 947, 1162, 1253, 1425
731 <-> 869
732 <-> 333, 1296
733 <-> 1276, 1947
734 <-> 83
735 <-> 482, 1245
736 <-> 1241, 1331, 1820
737 <-> 1816
738 <-> 533
739 <-> 219
740 <-> 169, 964
741 <-> 741
742 <-> 1376
743 <-> 70, 1276
744 <-> 46
745 <-> 851
746 <-> 613, 1094, 1997
747 <-> 94, 233, 1332
748 <-> 748
749 <-> 492, 698
750 <-> 1973
752 <-> 200, 505, 627, 1564
753 <-> 348, 521, 769, 1638
754 <-> 771
756 <-> 1031
757 <-> 100
759 <-> 1010
760 <-> 153, 873, 1303, 1864
761 <-> 327
762 <-> 12, 53, 267, 1869
763 <-> 231, 1606
764 <-> 677, 1117
765 <-> 822, 864, 1040
766 <-> 209, 707, 798, 1649
767 <-> 767, 1445
768 <-> 1723
770 <-> 1228
777 <-> 164, 462, 879, 1890
779 <-> 838, 869, 1545
780 <-> 576, 587, 1531
781 <-> 826, 1700
782 <-> 432, 569, 583
783 <-> 200, 325, 1072
784 <-> 497, 595, 1343, 1982
786 <-> 1603
787 <-> 834, 1277, 1534
788 <-> 1478
789 <-> 789, 1871
790 <-> 1342, 1464
791 <-> 553, 1344
792 <-> 1141, 1746, 1757
793 <-> 148
794 <-> 1408
