0 <-> 9550, 103
1 <-> 317, 904, 923
2 <-> 2
4 <-> 361
24 <-> 66
6 <-> 305, 842, 1932
8 <-> 985
10 <-> 121, 1532
26 <-> 18, 490, 545, 1123, 1958
30 <-> 323, 1317, 1773
33 <-> 3295, 1772
35 <-> 471, 885, 1119
37 <-> 263, 678, 1356, 1683, 1714
39 <-> 167
40 <-> 804, 1127, 1419
42 <-> 1632, 1788
43 <-> 15, 403, 866
44 <-> 497, 503, 1305
45 <-> 130, 881, 1158
46 <-> 40
59 <-> 1620, 1915
61 <-> 61, 1666
62 <-> 1157
63 <-> 1423, 1484
66 <-> 1437
74 <-> 537, 1861
75 <-> 138, 714
76 <-> 554, 15828, 1903
89 <-> 378
90 <-> 654, 1519
91 <-> 276
94 <-> 747, 973, 1010
96 <-> 1299, 1924
98 <-> 1988
99 <-> 1417
100 <-> 56, 1924
101 <-> 148
104 <-> 248, 593, 895
106 <-> 410, 1114, 1557
109 <-> 416, 705
60 <-> 144
114 <-> 1221
117 <-> 567, 1502
176 <-> 455, 457, 714, 1386, 1639
177 <-> 638, 1102
179 <-> 862, 876, 1633
80 <-> 588
182 <-> 1370
183 <-> 799, 1489
197 <-> 1981
198 <-> 1385
199 <-> 471
202 <-> 399, 582
203 <-> 318, 1011
204 <-> 628, 1351, 1606
205 <-> 151
206 <-> 653
112 <-> 195, 151, 47, 109, 142
207 <-> 137, 328
208 <-> 250
209 <-> 357, 766, 853
210 <-> 810
171 <-> 152, 71
212 <-> 601
214 <-> 2314, 282, 1166, 1341, 159, 739, 1209
221 <-> 614, 811
222 <-> 542, 963, 1420
223 <-> 30, 1237
224 <-> 335, 1911
225 <-> 1374, 1751
227 <-> 274, 966
228 <-> 230, 12071
1987 <-> 1170, 1281
1998 <-> 414, 829
