0 <-> 24, 25, 26, 27, 28, 19
1 <-> 29, 30, 31, 32, 33
2 <-> 34, 35, 36, 37, 38
3 <-> 39, 40, 41, 42, 43
4 <-> 44, 34
5 <-> 45, 46, 47
6 <-> 48, 49, 50, 51, 52, 53
7 <-> 54, 55, 56, 57, 58
8 <-> 59, 60, 47, 61, 62, 63, 33
9 <-> 64, 65, 66, 67, 68, 69
10 <-> 70, 71, 72, 73, 74
11 <-> 75, 76, 57, 77, 78, 79, 47, 80
12 <-> 81, 53, 20, 37
13 <-> 72, 81, 82, 83, 84, 85
14 <-> 86, 87, 88, 89
15 <-> 90, 91
16 <-> 89, 92, 93, 94
17 <-> 41, 47, 73, 95, 9, 57, 96
18 <-> 97, 98, 17, 99, 19, 100, 101, 102
19 <-> 103, 104, 105, 106, 91, 107
20 <-> 108, 109, 110, 111, 92, 112, 3
21 <-> 113, 72, 114, 115
22 <-> 116, 117, 2, 118, 119, 120, 121
23 <-> 122, 123, 124, 117, 125, 126, 127, 128
