135 <-> 76, 140
225 <-> 1374, 1751
210 <-> 810
222 <-> 542, 963, 1420
214 <-> 214, 282, 1166, 1341, 1751
8 <-> 985
91 <-> 276
190 <-> 1312, 1351, 1723
60 <-> 896, 982
24 <-> 244, 624
70 <-> 173, 585, 1680
207 <-> 137, 328
197 <-> 1981
65 <-> 1323
176 <-> 455, 457, 714, 1386, 1639
66 <-> 1437
67 <-> 1390, 1535
75 <-> 138, 714
26 <-> 18, 49
116 <-> 368, 725, 1889
106 <-> 410, 1114, 1557
103 <-> 103
198 <-> 1385
26 <-> 174
228 <-> 230, 1207, 1731
1996 <-> 1183
47 <-> 867, 1391, 1630
53 <-> 762
208 <-> 250
1997 <-> 376, 746
11 <-> 285, 3242, 1753
1990 <-> 1119
57 <-> 547, 1417, 1501, 1785
99 <-> 1411
204 <-> 628, 1351, 1606
1991 <-> 446, 1505
4 <-> 361
108 <-> 1367
213 <-> 1660
110 <-> 1296, 1837
82 <-> 1420, 1865
203 <-> 318, 1011
115 <-> 151
224 <-> 335, 1911
2 <-> 2
199 <-> 471
179 <-> 862, 876, 1633
142 <-> 189, 42
79 <-> 1618
200 <-> 752, 783, 1346
100 <-> 56, 1924
62 <-> 1157
64 <-> 64, 400
6 <-> 305, 842, 1932
97 <-> 463
212 <-> 601
69 <-> 414
49 <-> 1286
14 <-> 215, 1155, 1523
104 <-> 248, 593, 895
178 <-> 1802
7 <-> 438, 1509
73 <-> 73, 1571
218 <-> 1325, 1581
78 <-> 1452, 1706, 1804
54 <-> 54
12 <-> 632, 762
209 <-> 357, 766, 853
20 <-> 1907
84 <-> 84, 343, 948
13 <-> 662, 1429
1994 <-> 825, 1749
125 <-> 124
81 <-> 81, 31
191 <-> 375
1 <-> 317, 904, 923
52 <-> 1647
111 <-> 311, 1895
112 <-> 112, 668, 1720, 629, 1786
25 <-> 25
19 <-> 1656
22 <-> 1748, 887
72 <-> 391, 1863
216 <-> 143, 1481, 1897
18 <-> 26, 256
44 <-> 497, 503, 1305
9 <-> 425
50 <-> 1687, 1966
3 <-> 870
196 <-> 563
175 <-> 635
206 <-> 653
58 <-> 138, 402, 1593
77 <-> 611
182 <-> 1370
94 <-> 747, 973, 1010
194 <-> 1974
21 <-> 608, 1493, 1587, 1646
17 <-> 2758
114 <-> 1221
28 <-> 48, 37
23 <-> 723, 871
45 <-> 130, 881, 1158
74 <-> 537, 1861
77 <-> 154, 185
101 <-> 148
95 <-> 95
61 <-> 61, 1666
89 <-> 378
1992 <-> 601, 696
187 <-> 1524
10 <-> 121, 1532
85 <-> 1161
46 <-> 46, 744
92 <-> 342
80 <-> 290, 1925
93 <-> 615, 1667, 1745
181 <-> 367, 1219
180 <-> 588
83 <-> 734, 1794
1998 <-> 414, 829
15 <-> 43, 238, 1552
55 <-> 340, 1913
219 <-> 426, 739, 1209
221 <-> 614, 811
192 <-> 989, 1088, 1096, 1891
41 <-> 144
105 <-> 113, 1090
1988 <-> 98, 168, 1988
227 <-> 274, 966
223 <-> 30, 1237
211 <-> 1047, 1754
68 <-> 1597
177 <-> 638, 1102
195 <-> 439, 1193, 1875
1987 <-> 1170, 1281
0 <-> 950, 1039
226 <-> 226, 1969
59 <-> 1620, 1915
186 <-> 459, 493
16 <-> 1050
63 <-> 1423, 1484
102 <-> 807, 1177
217 <-> 602
118 <-> 1573
87 <-> 270, 1024, 1541, 1688, 1903
184 <-> 377, 1415, 1642
205 <-> 151
96 <-> 1299, 1924
90 <-> 954, 1519
109 <-> 416, 705
56 <-> 100, 720
51 <-> 376, 454, 1105
220 <-> 1854
48 <-> 48, 1363
1989 <-> 319, 671
