0 <-> 117, 118
1 <-> 119, 120, 121
2 <-> 122
3 <-> 123
4 <-> 124, 125
5 <-> 126, 127
6 <-> 128, 129, 130
7 <-> 131, 132
8 <-> 133, 134, 135
9 <-> 136
10 <-> 137, 138
11 <-> 139
12 <-> 140, 141, 142
13 <-> 143, 13
14 <-> 144
15 <-> 145
16 <-> 146
17 <-> 147
18 <-> 148
19 <-> 149, 150
20 <-> 20
21 <-> 151
22 <-> 152
23 <-> 153
24 <-> 154
25 <-> 25, 155
26 <-> 26
27 <-> 156
28 <-> 157, 158
29 <-> 159, 160, 161, 162
30 <-> 163
31 <-> 164, 165
32 <-> 166, 32
33 <-> 167
34 <-> 168, 169, 170
35 <-> 171
36 <-> 172
37 <-> 173, 174
38 <-> 175, 176
39 <-> 177, 178, 179, 180
40 <-> 181, 182, 183
41 <-> 184
42 <-> 42, 185
43 <-> 186
44 <-> 187, 188, 44
45 <-> 189
46 <-> 54
47 <-> 190
48 <-> 191
49 <-> 192, 193
50 <-> 194, 195
51 <-> 196
52 <-> 197
53 <-> 198
54 <-> 199, 200, 201
55 <-> 202
56 <-> 203, 204, 205
57 <-> 206, 207, 208
58 <-> 209, 210
59 <-> 211, 212
60 <-> 213, 214, 215
61 <-> 216, 217, 218, 219
62 <-> 220, 221
63 <-> 222
64 <-> 223, 224
65 <-> 225
66 <-> 226, 227, 228
67 <-> 229, 230
68 <-> 231, 232, 233
69 <-> 234
70 <-> 235
71 <-> 237
72 <-> 238, 239
73 <-> 240
74 <-> 241
75 <-> 242, 243
76 <-> 244, 245, 246, 247, 248, 249
77 <-> 250
78 <-> 251, 252, 253, 254
79 <-> 255
80 <-> 256
81 <-> 257
82 <-> 258, 259
83 <-> 260
84 <-> 261
85 <-> 262, 263, 264, 265
86 <-> 266
87 <-> 267, 268, 269
88 <-> 270
89 <-> 271
90 <-> 90
91 <-> 272
92 <-> 273
93 <-> 274
94 <-> 275
95 <-> 276
96 <-> 277, 278
97 <-> 279
98 <-> 280
99 <-> 281, 282
100 <-> 283, 284
101 <-> 285
102 <-> 286, 287
103 <-> 288
104 <-> 289, 290
105 <-> 291
106 <-> 292, 293
107 <-> 294, 295
108 <-> 296, 297
109 <-> 298
110 <-> 299
111 <-> 300, 301
112 <-> 302
113 <-> 303, 304
114 <-> 305, 306
56 <-> 307, 308
115 <-> 309, 310
116 <-> 311, 312
