0 <-> 90, 91
1 <-> 92, 93
2 <-> 94, 95, 96
3 <-> 97
4 <-> 4
5 <-> 98
6 <-> 6
7 <-> 99
8 <-> 100, 101
9 <-> 102
10 <-> 103
11 <-> 104, 105
12 <-> 106, 107, 108
13 <-> 109
14 <-> 110, 111
15 <-> 112, 113, 114
16 <-> 115
17 <-> 116, 117
18 <-> 118
19 <-> 119, 120, 121
20 <-> 122, 123, 124, 125
21 <-> 126, 127
22 <-> 128
23 <-> 129, 23
24 <-> 130, 131
25 <-> 132
26 <-> 133
27 <-> 134
28 <-> 135
29 <-> 136, 137
30 <-> 138
31 <-> 139
32 <-> 140, 141
33 <-> 142
34 <-> 143, 144
35 <-> 145
36 <-> 146
37 <-> 147, 148
38 <-> 38
39 <-> 149, 39
40 <-> 40
41 <-> 150, 151, 152, 153, 154, 155
42 <-> 156
43 <-> 157, 158, 159, 160
44 <-> 161
45 <-> 162
46 <-> 163
47 <-> 164
48 <-> 165
49 <-> 166, 167
50 <-> 168, 169
51 <-> 170
52 <-> 171
53 <-> 172
54 <-> 173
55 <-> 174, 175, 176, 177
56 <-> 178
57 <-> 179
58 <-> 180, 181, 182
59 <-> 183
60 <-> 184
61 <-> 61
62 <-> 185
63 <-> 186
64 <-> 187
65 <-> 188
66 <-> 189
67 <-> 190
68 <-> 191, 192
69 <-> 193
70 <-> 194
71 <-> 195, 196
72 <-> 197, 198
73 <-> 199
74 <-> 200, 201
75 <-> 202, 203
76 <-> 204
77 <-> 205
78 <-> 206, 207
79 <-> 208
80 <-> 209, 210
81 <-> 211
82 <-> 212, 213
83 <-> 214, 215
84 <-> 216
85 <-> 217
86 <-> 218, 219
87 <-> 220
88 <-> 221, 222
89 <-> 223, 224
