47 <-> 44, 75, 41, 115, 99, 77, 79, 96
533 <-> 422, 738, 1872
520 <-> 655, 1434, 1501
564 <-> 694, 1
545 <-> 26
161 <-> 40, 8
51 <-> 148
21 <-> 19, 160
65 <-> 13
400 <-> 64, 1190
560 <-> 1633
15 <-> 25, 197, 133, 104
165 <-> 176, 128, 85, 3
36 <-> 87, 117, 50, 37
527 <-> 70
131 <-> 189
114 <-> 97, 9, 93, 159, 0, 188, 59, 6
34 <-> 90, 170, 68, 61, 56, 121, 11
557 <-> 727, 1368
561 <-> 577
177 <-> 33, 142, 5, 36, 86, 53
182 <-> 945
552 <-> 325, 1292, 1348
535 <-> 151, 1467
401 <-> 337, 1707
538 <-> 1592
4 <-> 950
94 <-> 181
541 <-> 1366, 1504
542 <-> 222, 1506
521 <-> 152, 612, 709, 753
537 <-> 74, 755, 1756
526 <-> 261
556 <-> 331, 820, 1562
171 <-> 72, 69
399 <-> 202
549 <-> 1648, 1978
550 <-> 624, 1901, 1993
14 <-> 178, 195, 78, 84
102 <-> 16, 23
20 <-> 10, 63
540 <-> 423, 1356
551 <-> 1132
522 <-> 657, 774, 1733
52 <-> 168
416 <-> 860, 1209
67 <-> 24, 186, 190
460 <-> 1696
42 <-> 113
107 <-> 134, 62, 106
129 <-> 55
22 <-> 144, 60, 119
528 <-> 1018, 1955
116 <-> 185, 31, 199, 43, 197, 35, 45
719 <-> 1825, 1966
39 <-> 89, 153
124 <-> 98
523 <-> 166
140 <-> 66, 144, 180, 82, 146, 108, 54
563 <-> 196, 1009
531 <-> 443, 599
