142 <-> 121, 136, 7, 60, 113
0 <-> 24, 25, 26, 27, 28, 19
1 <-> 29, 30, 31, 32, 33
31 <-> 56, 183, 149, 189, 147, 94
2 <-> 34, 35, 9, 36, 37
2 <-> 126, 123, 127, 122, 22, 125, 124
3 <-> 38, 39, 40, 41, 42
4 <-> 43, 44, 45, 46
5 <-> 47, 48, 49, 50, 51, 52
6 <-> 53, 54, 55, 56, 57
7 <-> 58, 59, 60, 61, 62, 63, 33
101 <-> 100, 76, 60, 8, 17, 56, 40
8 <-> 64, 65, 66, 67, 68, 69
10 <-> 73, 74, 75, 76, 77
11 <-> 78, 79, 80, 81
12 <-> 82, 83, 56, 45, 84, 85, 60, 86
14 <-> 92, 93, 94, 95
15 <-> 95, 96, 97, 70
18 <-> 102, 103, 17, 104, 19, 105, 106, 107
19 <-> 108, 109, 110, 111, 112, 113
143 <-> 167, 172, 171, 173
20 <-> 114, 115, 116, 117, 96, 118, 3
21 <-> 119, 75, 120, 121
23 <-> 128, 129, 130, 123, 131, 132, 133, 134
