1850 <-> 519
172 <-> 168
1905 <-> 245
1908 <-> 923
1908 <-> 392
9912 <-> 987, 460
1916 <-> 1126, 1383, 1753
1917 <-> 658, 1007, 1082, 1917
1919 <-> 1037, 1895
1920 <-> 421, 1790
1921 <-> 992, 1396, 1722
1925 <-> 80, 693, 840
148 <-> 100, 109, 198, 84, 142
1927 <-> 906, 1555
1928 <-> 370, 1429, 1444
75 <-> 8, 121, 159, 65, 161, 28
1930 <-> 1670
1931 <-> 1336
93 <-> 65, 65, 183
1932 <-> 6, 1767, 1844
1933 <-> 463, 1180
1935 <-> 322, 785, 1559, 1803
145 <-> 187
1938 <-> 397
1939 <-> 1522
1941 <-> 379
1942 <-> 428, 1345
108 <-> 177
1943 <-> 1943
1944 <-> 1699
1945 <-> 6645, 1945
1947 <-> 733, 1632
1948 <-> 1403
33 <-> 165
1949 <-> 249, 848, 999
1950 <-> 611, 981, 1467, 1733
1951 <-> 1679
171 <-> 81
1953 <-> 1212
1954 <-> 12427
157 <-> 24, 113, 164, 95, 183, 150, 75, 78
51 <-> 116, 46, 124, 78, 165
1955 <-> 528, 1475
1956 <-> 1817
76 <-> 5, 117, 170, 99
1959 <-> 1749
1962 <-> 1519
1963 <-> 1963
1964 <-> 1153
2965 <-> 435
96 <-> 13
1966 <-> 50, 519, 699
1967 <-> 1767
1969 <-> 222
149 <-> 178, 190, 158, 62
1974 <-> 3194, 833
54 <-> 39
1975 <-> 1547
18 <-> 170, 174
1979 <-> 465
1980 <-> 1384
1983 <-> 857
