0 <-> 950, 1039
1 <-> 317, 904, 923
2 <-> 2
3 <-> 870
4 <-> 361
5 <-> 5
6 <-> 305, 842, 1932
7 <-> 438, 1509
8 <-> 985
9 <-> 4251
0 <-> 121, 1532
11 <-> 285, 1242, 1753
12 <-> 632, 762, 829
13 <-> 662, 1429
14 <-> 215, 1155, 1523
15 <-> 43, 238, 1552
16 <-> 1050
17 <-> 275
19 <-> 1656
20 <-> 1907
21 <-> 608, 1493, 1587, 1646
22 <-> 1748, 1774
23 <-> 723, 871
24 <-> 244, 624
26 <-> 18, 490, 545, 1123, 1958
27 <-> 27
28 <-> 832, 1227
29 <-> 285
30 <-> 223, 1317, 1773
31 <-> 283
32 <-> 921
33 <-> 395, 1772
34 <-> 1170
35 <-> 471, 885, 191
136 <-> 936, 1831
37 <-> 263, 678, 1356, 9901, 1714
38 <-> 1238
39 <-> 167
40 <-> 804, 1127, 1419
41 <-> 365
42 <-> 1632, 1788
43 <-> 15, 403, 866
44 <-> 497, 503, 1305
45 <-> 130, 881, 1158
46 <-> 46, 744
47 <-> 867, 1391, 1630
48 <-> 48, 1363
49 <-> 1286
50 <-> 1687, 1966
51 <-> 138, 454, 1105
52 <-> 1647
53 <-> 762
55 <-> 340, 1913
57 <-> 547, 1417, 1501, 1785
59 <-> 1620, 1390, 1535
68 <-> 1597
69 <-> 414
70 <-> 173, 527, 743, 1806, 1958
71 <-> 393, 1585, 1680
72 <-> 391, 1863
73 <-> 73, 1571
98 <-> 109
74 <-> 537, 1861
75 <-> 138, 714
76 <-> 554, 1582
77 <-> 611
79 <-> 1618
82 <-> 1421, 1865
83 <-> 734, 1794
284 <-> 84, 343, 948
87 <-> 270, 1024, 1541, 1688, 1903
89 <-> 378
90 <-> 954, 1519
9990 <-> 1119
1991 <-> 446, 1505
1992 <-> 601, 696
1995 <-> 332, 690
1997 <-> 376, 746
