0 <-> 225, 226, 227
1 <-> 228, 229
2 <-> 230, 231
3 <-> 232, 233, 234, 235
4 <-> 236
5 <-> 237, 238, 239
6 <-> 240
7 <-> 241, 242, 243
8 <-> 185, 244, 245
9 <-> 246, 247
10 <-> 248, 249
11 <-> 250, 251, 252
12 <-> 253, 254
13 <-> 13, 255, 256, 257, 258
14 <-> 259, 260, 261
15 <-> 262, 263
16 <-> 264, 265
17 <-> 266, 267
18 <-> 268, 269
19 <-> 270, 271, 272
20 <-> 273, 274, 275
21 <-> 276, 277
22 <-> 39, 278
23 <-> 279, 280, 281
24 <-> 282, 283, 284
25 <-> 285, 286, 287, 288
26 <-> 289, 290
27 <-> 291, 292
28 <-> 293, 294
29 <-> 295
30 <-> 30, 296
31 <-> 297, 298
32 <-> 299
33 <-> 300, 301
34 <-> 302, 303, 304
35 <-> 305
36 <-> 306
37 <-> 307, 308
38 <-> 309, 310, 311
39 <-> 22, 312, 313
40 <-> 314, 315
41 <-> 41, 316, 317, 318
42 <-> 314
43 <-> 319, 320
44 <-> 321, 322, 323
45 <-> 324
46 <-> 325, 326, 327, 328
47 <-> 329, 330, 331
48 <-> 332
49 <-> 333, 334
50 <-> 335, 336
51 <-> 337, 338
52 <-> 339, 340
53 <-> 341, 342
54 <-> 343, 344
55 <-> 345, 346, 347
56 <-> 348, 349, 350
57 <-> 351, 352
58 <-> 353
59 <-> 354, 355
60 <-> 356, 357, 117
61 <-> 358
62 <-> 359, 360
63 <-> 361, 362
64 <-> 363, 364, 365
65 <-> 366, 367
66 <-> 66
67 <-> 368, 369
68 <-> 370
69 <-> 371
70 <-> 70
71 <-> 372
72 <-> 373
73 <-> 374
74 <-> 375
75 <-> 376, 377, 378
76 <-> 379, 380, 347
77 <-> 381, 382
78 <-> 78, 383
79 <-> 384
80 <-> 385, 386
81 <-> 387, 147, 388, 96, 389
82 <-> 390
83 <-> 391, 392
84 <-> 393, 394
85 <-> 395, 128, 396
86 <-> 397
87 <-> 398
88 <-> 399
89 <-> 400
90 <-> 401, 364, 402
91 <-> 403
92 <-> 404, 405
93 <-> 406
94 <-> 407, 408
95 <-> 409
96 <-> 410
97 <-> 411
98 <-> 98, 412
99 <-> 413
100 <-> 414, 415, 416
101 <-> 417, 418
102 <-> 419, 420
103 <-> 421, 422, 423
104 <-> 424
105 <-> 425
106 <-> 426, 427
107 <-> 428
108 <-> 69, 13, 171, 125, 77, 73, 136
109 <-> 429
110 <-> 110, 430
111 <-> 431, 432
112 <-> 433
113 <-> 434, 435
114 <-> 436, 437, 438
115 <-> 439
116 <-> 440, 441
117 <-> 442, 443, 444, 445, 446
118 <-> 270, 447, 448
119 <-> 449, 450
120 <-> 303, 451, 452
121 <-> 453
122 <-> 210, 454
123 <-> 455
124 <-> 456, 457, 250, 458
125 <-> 280
126 <-> 459
127 <-> 460, 461
128 <-> 462
129 <-> 463, 464
130 <-> 465, 466, 467
131 <-> 468
132 <-> 469, 470, 471, 472
133 <-> 238
134 <-> 473
135 <-> 474
136 <-> 475, 476
137 <-> 477, 478
138 <-> 479, 480, 481
139 <-> 482, 317
140 <-> 483, 484
141 <-> 221, 485
142 <-> 486, 487
143 <-> 488
144 <-> 489, 490, 491
145 <-> 492, 493, 494, 495
146 <-> 496, 497
147 <-> 498, 499
148 <-> 500, 501
149 <-> 149, 502, 503, 504, 334
150 <-> 505
151 <-> 230, 506
152 <-> 507, 152
153 <-> 508, 509
154 <-> 510
155 <-> 511, 512, 513
156 <-> 514, 515, 516, 517
157 <-> 518, 519, 520
158 <-> 521, 522
159 <-> 523, 524
160 <-> 525
161 <-> 356
162 <-> 526, 527, 528
163 <-> 529, 530
164 <-> 531, 532
165 <-> 533, 534, 535, 536
166 <-> 83
167 <-> 51, 537, 538, 539, 540
168 <-> 541, 542
169 <-> 543
170 <-> 544, 545, 546
171 <-> 547, 548
172 <-> 549, 550
173 <-> 551
174 <-> 552, 553, 554, 555, 556
175 <-> 557, 558
176 <-> 559
177 <-> 560, 561, 562
178 <-> 563, 564
179 <-> 565
180 <-> 566
181 <-> 181, 567, 568
182 <-> 569, 570, 571, 572
183 <-> 573, 574, 575
184 <-> 576, 577
185 <-> 8, 578, 579
186 <-> 580, 581, 582
187 <-> 583, 584
188 <-> 585, 586
189 <-> 587, 588, 589
190 <-> 590, 591, 592, 593, 594
191 <-> 595, 596
192 <-> 597
193 <-> 598
194 <-> 599, 600
195 <-> 195, 601
196 <-> 602, 603
197 <-> 325, 604
198 <-> 605, 606, 607, 61, 185, 200, 608, 203
199 <-> 199, 609
200 <-> 610
201 <-> 476
202 <-> 611
203 <-> 612, 613, 614
204 <-> 615
205 <-> 616, 617, 618, 619
206 <-> 620, 621
207 <-> 622, 623, 624
208 <-> 625, 626
209 <-> 627
210 <-> 628, 122
211 <-> 629
212 <-> 630
213 <-> 631, 451
214 <-> 632
215 <-> 633
216 <-> 634
217 <-> 217, 635
218 <-> 218, 636
219 <-> 637
139 <-> 116, 130, 638, 135, 1
220 <-> 636
221 <-> 639
222 <-> 640, 641, 642
223 <-> 643, 644, 645
224 <-> 646, 647
