0 <-> 23, 24, 25, 26, 27, 18
1 <-> 28, 29, 30, 31, 32
2 <-> 33, 34, 35, 36, 37
3 <-> 38, 39, 40, 41, 42
4 <-> 43, 33
5 <-> 44, 45, 46
6 <-> 47, 48, 49, 50, 51, 52
7 <-> 53, 54, 55, 56, 57
8 <-> 58, 59, 46, 60, 61, 62, 32
9 <-> 63, 64, 65, 66, 67, 68
10 <-> 69, 70, 71, 72, 73
11 <-> 74, 75, 56, 76, 77, 78, 46, 79
12 <-> 80, 52, 19, 36
13 <-> 71, 80, 81, 82, 83, 84
14 <-> 85, 86, 87, 88
15 <-> 88, 89, 90, 91
16 <-> 40, 46, 72, 92, 9, 56, 93
17 <-> 94, 95, 16, 96, 18, 97, 98, 99
18 <-> 100, 101, 102, 103, 104, 105
19 <-> 106, 107, 108, 109, 89, 110, 3
20 <-> 111, 71, 112, 113
21 <-> 114, 115, 2, 116, 117, 118, 119
22 <-> 120, 121, 122, 115, 123, 124, 125, 126
