0 <-> 3, 1587, 1646
0 <-> 17, 61, 900, 950
3 <-> 365
4 <-> 109, 1142, 1076
148 <-> 40
5 <-> 37, 328, 901, 913, 1728
66 <-> 112, 41, 36
6 <-> 8, 3, 5, 7, 9, 50, 1532
9 <-> 425
81 <-> 8, 80, 33, 139, 157, 33, 143, 138
10 <-> 2, 12, 72, 713, 1683, 2712
11 <-> 285, 1242, 1753
11 <-> 570, 1242, 17534
12 <-> 632, 762, 829
13 <-> 662, 1429
127 <-> 75, 198, 85
18 <-> 2, 26, 720
117 <-> 100, 44
20 <-> 1748, 1774
39 <-> 166, 191, 90, 22
57 <-> 16
22 <-> 887, 1748
185 <-> 169, 58, 189
8 <-> 149, 155
31 <-> 140, 119, 78, 1936, 148, 194, 163, 136
23 <-> 723, 1582, 8754
103 <-> 282, 45, 70, 174, 115
24 <-> 3
27 <-> 93, 32, 9, 23
25 <-> 25
26 <-> 18, 491, 545, 885, 1119, 1123, 19571
37 <-> 263, 678, 680, 1356, 1585, 3537, 17193
109 <-> 170
76 <-> 1238
40 <-> 204, 1127, 1419
41 <-> 46, 744
193 <-> 147
42 <-> 48, 632
43 <-> 15, 403, 867
70 <-> 9, 21
45 <-> 2130, 862, 158
181 <-> 43, 29
45 <-> 13, 881, 1157
127 <-> 182, 96
47 <-> 143, 92, 92
56 <-> 14, 923
56 <-> 10, 749
58 <-> 515, 543, 746, 1417
59 <-> 1, 334, 402, 950, 1593
59 <-> 896, 982, 1620
160 <-> 187, 15
62 <-> 11, 904, 927
72 <-> 391, 931
30 <-> 118, 37, 98, 133
52 <-> 9, 116, 158
178 <-> 46, 18, 184
95 <-> 95
100 <-> 56, 1924
114 <-> 1221
130 <-> 152, 174
118 <-> 136, 461, 804
119 <-> 915, 1821
123 <-> 4, 843
226 <-> 226, 1969
159 <-> 113
228 <-> 230, 1207, 1739
230 <-> 273, 277, 328, 1252
233 <-> 436, 747
137 <-> 40, 130, 195
114 <-> 126, 10, 37, 164, 165
74 <-> 147
130 <-> 134
162 <-> 11, 127, 37, 108, 78, 110
296 <-> 3, 1799
153 <-> 36, 238, 1552
135 <-> 128, 93, 124
170 <-> 180, 73
196 <-> 27, 79, 185, 109, 99, 28, 85
447 <-> 13, 1913, 8667
87 <-> 94, 126, 84, 140, 89, 64, 149
88 <-> 1610, 74, 146, 120, 121, 176, 191
77 <-> 4
705 <-> 0, 5, 91, 470
150 <-> 186, 80, 55, 554, 65
182 <-> 129
69 <-> 13, 168, 74, 86
1998 <-> 720, 4100
7843 <-> 30, 86, 403
