0 <-> 950, 1039
1 <-> 317, 904, 923
28 <-> 832, 1227
29 <-> 3142
30 <-> 223, 1317, 1773
31 <-> 283
32 <-> 921
33 <-> 395, 1772
34 <-> 1170
35 <-> 471, 885, 111
88 <-> 931, 1024
89 <-> 378
90 <-> 954, 1519
91 <-> 276
92 <-> 342
93 <-> 615, 1667, 1745
94 <-> 747, 973, 1010
95 <-> 95
96 <-> 1299, 1924
97 <-> 463
98 <-> 1988
99 <-> 1417
101 <-> 148
102 <-> 807, 1177
103 <-> 11
120 <-> 1342, 1826
121 <-> 10
122 <-> 1421, 1532
123 <-> 843, 1837
124 <-> 124
125 <-> 1679
126 <-> 126
127 <-> 1777, 1836
128 <-> 1498
133 <-> 776, 1300
134 <-> 134, 467
135 <-> 1176
136 <-> 118, 1509
121 <-> 43, 163
137 <-> 207
138 <-> 51, 58, 75
139 <-> 680, 708, 1717, 1808
140 <-> 445, 1732
141 <-> 441
142 <-> 1280, 1787
143 <-> 216, 468, 1180, 1695
144 <-> 532, 996, 1794
145 <-> 145, 507
146 <-> 146
147 <-> 1871
148 <-> 101, 751, 793, 1601, 1603
6 <-> 86
149 <-> 1401, 1883
150 <-> 453, 999
151 <-> 116, 205, 496, 535
152 <-> 51524
157 <-> 292
315 <-> 81, 1360, 1817
317 <-> 1, 476
318 <-> 203
319 <-> 906, 1008, 1989
321 <-> 646, 103, 1995
333 <-> 732
335 <-> 35, 8, 7, 2, 470, 4
