0 <-> 950, 1039
1 <-> 317, 904, 923
2 <-> 2
3 <-> 870
4 <-> 361
5 <-> 5
6 <-> 305, 842, 1932
7 <-> 438, 1509
8 <-> 985
9 <-> 425
10 <-> 121, 1532
11 <-> 285, 1242, 1773
12 <-> 632, 762, 829
13 <-> 662, 1429
14 <-> 215, 1155, 1523
15 <-> 43, 238, 1552
16 <-> 1050
17 <-> 275
18 <-> 26, 256
19 <-> 1656
20 <-> 1907
21 <-> 608, 1493, 1587, 1646
22 <-> 1748, 1774
46 <-> 723, 871
24 <-> 244, 624
25 <-> 25
27 <-> 27
28 <-> 802, 1227
29 <-> 283
32 <-> 921
33 <-> 201, 1772
34 <-> 1170
35 <-> 471, 885, 1119
36 <-> 936, 1831
37 <-> 263, 678, 1356, 1683, 1714
38 <-> 1238
172 <-> 163
39 <-> 167
40 <-> 804, 1127, 1419
41 <-> 365
42 <-> 1632, 1788
43 <-> 15, 403, 866
44 <-> 497, 503, 1305
45 <-> 130, 881, 1158
47 <-> 867, 1391, 16804
3 <-> 48, 1363
49 <-> 1286
50 <-> 1687, 1966
51 <-> 138, 454, 1105
52 <-> 1647
53 <-> 762
54 <-> 54
55 <-> 340, 1913
56 <-> 100, 720
57 <-> 547, 1417, 1501, 1785
58 <-> 138, 402, 1593
59 <-> 1620, 1915
60 <-> 896, 982
61 <-> 61, 1666
62 <-> 1157
63 <-> 1423, 1484
64 <-> 64, 400
65 <-> 1323
66 <-> 1437
69 <-> 414
70 <-> 173, 527, 343, 1806, 15958
71 <-> 3953, 1585, 1680
72 <-> 391, 1863
74 <-> 537, 1861
75 <-> 138, 714
76 <-> 554, 1582
77 <-> 611
78 <-> 1452, 1706, 1804
79 <-> 1618
80 <-> 290, 1925
82 <-> 1420, 1865
83 <-> 734, 1794
85 <-> 1161
86 <-> 971
87 <-> 270, 1024, 1541, 1688, 1903
88 <-> 931, 1024
92 <-> 342
191 <-> 167, 131
93 <-> 615, 1667, 1745
94 <-> 747, 973, 1010
95 <-> 95
96 <-> 1299, 1924
97 <-> 463
98 <-> 1988
99 <-> 1417
102 <-> 808, 1177
104 <-> 248, 59889
117 <-> 567, 1502
118 <-> 136, 461, 804
119 <-> 915, 1821
120 <-> 1342, 1826
123 <-> 843, 1837
124 <-> 124
125 <-> 1679
126 <-> 126
127 <-> 1777, 1836
128 <-> 128
129 <-> 968
132 <-> 1420, 1498
133 <-> 776, 1300
134 <-> 134, 467
135 <-> 1176
137 <-> 207
139 <-> 680, 708, 1717, 1808
140 <-> 445, 1732
141 <-> 441
142 <-> 1280, 1787
143 <-> 216, 468, 1180, 1695
144 <-> 532, 996, 1794
145 <-> 145, 507
148 <-> 101, 751, 793, 1601, 1603
151 <-> 1103, 1664
156 <-> 1138, 1146, 1335
157 <-> 1373, 1771, 1859
158 <-> 2040
159 <-> 1102
161 <-> 1602, 1936
164 <-> 777, 96
1994 <-> 825, 1749
