0 <-> 282, 283, 284
1 <-> 1
2 <-> 285
3 <-> 286
4 <-> 4
5 <-> 287, 288, 289
6 <-> 290, 291
7 <-> 292
8 <-> 293, 294
8 <-> 295, 296
9 <-> 297, 298, 299
10 <-> 300, 301
11 <-> 302, 303, 304
12 <-> 305
13 <-> 306
14 <-> 307
15 <-> 308
16 <-> 309, 310, 311, 312
17 <-> 313, 314
18 <-> 315, 316
19 <-> 317, 318
20 <-> 20
21 <-> 14, 319, 320, 321, 322
22 <-> 22
23 <-> 323
24 <-> 324, 325
25 <-> 177, 326, 327
26 <-> 328
27 <-> 329
28 <-> 330, 331
29 <-> 332
30 <-> 333, 334
31 <-> 335, 336, 337, 338, 339
32 <-> 340
33 <-> 341
34 <-> 342, 343, 344
35 <-> 345
37 <-> 346, 347, 348
38 <-> 349, 350, 351
39 <-> 104, 352, 353
40 <-> 40, 354
41 <-> 355, 356, 357
42 <-> 42, 358
43 <-> 123, 25, 34, 359, 89, 129, 37
44 <-> 360
45 <-> 361, 362
46 <-> 363
47 <-> 364
48 <-> 48
49 <-> 365, 366, 367, 368
50 <-> 369
51 <-> 370, 371
52 <-> 52, 372
53 <-> 373
54 <-> 374
55 <-> 375, 376
56 <-> 377
57 <-> 140, 378, 379, 380, 322
58 <-> 381, 382, 383
59 <-> 384, 385
60 <-> 60, 386
61 <-> 387, 388
62 <-> 389, 390
63 <-> 391
36 <-> 36
64 <-> 392, 393, 394
65 <-> 395
66 <-> 66, 396
67 <-> 397, 398
68 <-> 399, 400
69 <-> 69, 401, 402
70 <-> 403
71 <-> 404
72 <-> 405, 406, 407, 408, 409
73 <-> 410, 411
74 <-> 412
75 <-> 413
76 <-> 414, 415, 416
77 <-> 417, 418, 419
78 <-> 78
79 <-> 420
80 <-> 421
81 <-> 422, 423
82 <-> 424, 425
83 <-> 83
84 <-> 426, 427, 428
85 <-> 429, 430, 431
86 <-> 86
87 <-> 432
88 <-> 433, 434
89 <-> 435, 436
90 <-> 437, 438
91 <-> 91, 439, 440
92 <-> 441
93 <-> 442, 443, 444
94 <-> 445, 446
95 <-> 447, 448, 342
96 <-> 449, 450
97 <-> 451, 452
98 <-> 98
99 <-> 453
100 <-> 100
101 <-> 454, 455
102 <-> 102
103 <-> 456
104 <-> 39, 200, 342, 457
105 <-> 458, 459
106 <-> 460, 461
108 <-> 463
109 <-> 95, 291
110 <-> 464, 465, 466
111 <-> 467, 254, 468, 469
112 <-> 470, 471
113 <-> 472
114 <-> 473, 474
115 <-> 475, 476, 477, 478
116 <-> 479, 480, 400
117 <-> 117, 481
118 <-> 118
119 <-> 482
120 <-> 483, 484, 485, 486, 487
121 <-> 488, 489
122 <-> 490, 491, 492, 493
123 <-> 494, 495, 496, 497
124 <-> 498
125 <-> 499
126 <-> 500, 501, 502
127 <-> 503, 504, 505
128 <-> 506
129 <-> 507
130 <-> 508, 509, 510
131 <-> 511, 512
132 <-> 132, 513, 514
133 <-> 515
134 <-> 516, 517, 518
135 <-> 271, 519, 520
136 <-> 521, 522
137 <-> 137, 523, 524, 525, 526
138 <-> 527
139 <-> 528
140 <-> 57, 529
141 <-> 530, 531
142 <-> 532
143 <-> 533, 534, 535, 536, 537
144 <-> 538
145 <-> 539
146 <-> 540, 541
147 <-> 542
148 <-> 543, 544
149 <-> 545, 546, 547
150 <-> 150
151 <-> 540, 548, 549, 550
152 <-> 551, 552, 553
153 <-> 554
154 <-> 555, 556, 557, 558
155 <-> 559
156 <-> 560, 561, 562
157 <-> 563
158 <-> 564
159 <-> 565
160 <-> 160, 566
161 <-> 567, 568
162 <-> 569, 570
163 <-> 571, 552, 572
164 <-> 573
165 <-> 574, 575
166 <-> 576, 577, 578
167 <-> 579
168 <-> 580, 581
169 <-> 582
170 <-> 510
171 <-> 171, 583, 584, 585, 586
172 <-> 587
173 <-> 588, 589
174 <-> 590, 591, 592
175 <-> 593
176 <-> 594, 595
177 <-> 25, 596
178 <-> 597, 598
179 <-> 599, 586
180 <-> 180, 600
181 <-> 601, 602
182 <-> 603, 604, 605
183 <-> 606, 607, 608
184 <-> 184, 609
185 <-> 610
186 <-> 611, 612
187 <-> 187
188 <-> 613, 614
189 <-> 346
190 <-> 190, 615
191 <-> 616
192 <-> 617, 618
193 <-> 619
194 <-> 620, 621
195 <-> 622, 623, 624
196 <-> 625
197 <-> 626, 627
198 <-> 628, 629, 630
199 <-> 631, 632
200 <-> 104, 633, 634
201 <-> 635, 636
202 <-> 637
203 <-> 638, 639, 640
204 <-> 641
205 <-> 642, 213
206 <-> 643, 644, 645
207 <-> 646, 647, 648, 649
208 <-> 650
209 <-> 209, 651, 652, 653
210 <-> 654, 655
211 <-> 656, 657
212 <-> 658
213 <-> 205, 659, 660
214 <-> 661
215 <-> 662
216 <-> 663, 664
217 <-> 217
218 <-> 665, 666
219 <-> 667, 668
220 <-> 669, 670
221 <-> 671, 672
222 <-> 673, 674
223 <-> 675
224 <-> 676, 677
225 <-> 678
226 <-> 679
227 <-> 680, 681
228 <-> 682
229 <-> 683
230 <-> 684, 685
231 <-> 686, 687
233 <-> 690, 691
234 <-> 692
235 <-> 414, 693
236 <-> 694
237 <-> 570
238 <-> 695, 238
239 <-> 696, 697
240 <-> 698, 699
241 <-> 700, 701
242 <-> 242
243 <-> 243
244 <-> 702, 703
245 <-> 704
246 <-> 705
247 <-> 706, 707, 708
248 <-> 709
249 <-> 710, 711, 712
250 <-> 713
251 <-> 714, 715
252 <-> 252, 716
253 <-> 717, 718, 719
254 <-> 111, 720, 721
255 <-> 722, 723
256 <-> 724
257 <-> 595
258 <-> 725, 726
259 <-> 466
260 <-> 470, 727, 728
261 <-> 729
262 <-> 730, 731
263 <-> 732
264 <-> 422, 733
265 <-> 734, 735
266 <-> 736, 737
267 <-> 738
268 <-> 739, 740
269 <-> 741
270 <-> 742, 743, 744, 745, 746
271 <-> 135, 747, 748, 749
272 <-> 750, 751, 752
273 <-> 753, 754, 755
274 <-> 756, 757
275 <-> 758, 759, 760
276 <-> 761, 762, 763
277 <-> 764, 765
278 <-> 766, 767, 768
279 <-> 769
280 <-> 770, 771
281 <-> 772
