0 <-> 748, 323, 749
1 <-> 1
2 <-> 750
3 <-> 3
4 <-> 751, 752, 691
5 <-> 753, 754
6 <-> 755
7 <-> 756
8 <-> 757, 758
9 <-> 759, 760, 761
10 <-> 762, 763, 280
11 <-> 764, 765
12 <-> 766, 482, 767
13 <-> 32, 768, 769
14 <-> 770
15 <-> 771
16 <-> 772, 773, 774, 775
17 <-> 776, 777
18 <-> 778, 779
19 <-> 780, 781, 782, 783, 708
20 <-> 20
22 <-> 784, 785, 786
23 <-> 787
23 <-> 788, 87
24 <-> 789
25 <-> 790, 791
26 <-> 792
27 <-> 793, 794, 795
28 <-> 796, 797, 798, 799, 800
29 <-> 801
30 <-> 802
31 <-> 803, 804
32 <-> 13, 805, 806
33 <-> 807, 808, 809
34 <-> 810, 309, 811
35 <-> 35, 812
36 <-> 813, 814, 815
37 <-> 816
38 <-> 817, 818, 819
39 <-> 820
40 <-> 40
42 <-> 822, 823, 824, 825
43 <-> 817, 826, 827
44 <-> 828, 681
45 <-> 45, 829
46 <-> 830, 831
47 <-> 47, 832
48 <-> 833
49 <-> 834
50 <-> 835, 836
51 <-> 837
52 <-> 838
53 <-> 114, 839, 840, 603, 708
54 <-> 841, 842, 843
55 <-> 55, 844
56 <-> 845, 846
57 <-> 847
58 <-> 848, 849, 850
59 <-> 851
60 <-> 852, 853
61 <-> 61, 854
62 <-> 855, 856
63 <-> 857, 858
64 <-> 859
65 <-> 860, 396, 861, 862, 863
66 <-> 864, 399
67 <-> 865
68 <-> 866, 867
69 <-> 868
70 <-> 869
71 <-> 870, 871, 872
72 <-> 226, 360, 384
73 <-> 73
74 <-> 873
75 <-> 823
76 <-> 76
77 <-> 874, 875, 876
78 <-> 84, 877
79 <-> 878, 879, 880
80 <-> 881
81 <-> 882, 883
82 <-> 884, 668
83 <-> 83, 885, 886
84 <-> 78, 887, 888
85 <-> 889, 890
86 <-> 94, 891, 266
87 <-> 892, 758
88 <-> 88
89 <-> 89
90 <-> 90
91 <-> 855, 893
92 <-> 246, 894
93 <-> 93, 895
94 <-> 896, 114
95 <-> 897, 898, 899, 900
96 <-> 901, 902
97 <-> 903
98 <-> 150, 904, 499, 905
99 <-> 906, 907, 595
100 <-> 100, 908
101 <-> 101
102 <-> 909, 229, 910, 911, 912
103 <-> 913, 914
104 <-> 915, 916, 917, 918
105 <-> 919
106 <-> 920
107 <-> 470, 921, 922
108 <-> 923, 924, 646
109 <-> 925, 926
110 <-> 110, 927, 928
111 <-> 929, 930, 931
112 <-> 112, 932, 933, 934, 555
113 <-> 935
114 <-> 53, 936
115 <-> 937, 938
116 <-> 939
117 <-> 940, 941, 942, 943, 944
118 <-> 945, 448
119 <-> 946, 947, 948
120 <-> 949
121 <-> 950
122 <-> 951, 952
123 <-> 953, 954, 955
124 <-> 124
125 <-> 956, 957
126 <-> 958
127 <-> 959, 960, 961, 962
128 <-> 963
129 <-> 964, 965, 966
130 <-> 967
131 <-> 131, 968
132 <-> 969
133 <-> 99, 970
133 <-> 971, 972, 655
134 <-> 973
135 <-> 974
136 <-> 975
137 <-> 230, 976, 977
138 <-> 138, 395
139 <-> 978, 979
140 <-> 980, 981
141 <-> 982, 965, 983
142 <-> 984, 985
143 <-> 986
144 <-> 987, 238, 988
145 <-> 989
146 <-> 410, 990
147 <-> 991
148 <-> 992
149 <-> 149, 993, 489, 994, 995
150 <-> 98, 996, 997
151 <-> 998
152 <-> 999, 1000
153 <-> 1001, 1002, 520
154 <-> 1003, 1004
155 <-> 1005, 1006, 855
156 <-> 1007, 1008
157 <-> 1009, 995
158 <-> 1010, 1011
159 <-> 1012, 583, 1013
160 <-> 1014
161 <-> 1015, 1016
162 <-> 1017
163 <-> 1018, 307, 973
164 <-> 821
165 <-> 1019, 1020
166 <-> 1021, 914
167 <-> 167
168 <-> 1022, 1023
169 <-> 956
170 <-> 1024, 1025
171 <-> 1026, 539
172 <-> 1027, 1028
173 <-> 1029, 1030
174 <-> 1031, 1032
175 <-> 1033
176 <-> 1034
177 <-> 1035, 1023, 1036
178 <-> 1037
179 <-> 1038
180 <-> 1039
181 <-> 303, 1040
182 <-> 1041, 1042
183 <-> 1043, 1044
184 <-> 1045, 1046
185 <-> 1047
186 <-> 1048
187 <-> 981
188 <-> 1049, 188
189 <-> 1050, 1051
190 <-> 1052, 1053
191 <-> 1054, 735
192 <-> 192
193 <-> 1055, 853
194 <-> 1056
195 <-> 1057
196 <-> 1058, 1059, 1060
197 <-> 1061
198 <-> 1062
199 <-> 1063
200 <-> 200, 1064
201 <-> 1065, 1066, 1067
202 <-> 202, 1055
203 <-> 1068, 1069
204 <-> 1070
28 <-> 21, 133, 1071, 1072, 50, 1073, 129
205 <-> 1074, 1075
206 <-> 1076
207 <-> 1077
208 <-> 1078
209 <-> 1079, 278
210 <-> 1080, 484, 1081, 1082
211 <-> 1083, 211
212 <-> 1084, 1085
213 <-> 1086, 1087, 1088
214 <-> 1089, 1090
215 <-> 837
216 <-> 1091
217 <-> 1092, 1093, 486, 549, 1094
218 <-> 1095
219 <-> 1096, 1097
220 <-> 1098, 1099
221 <-> 1100, 542
222 <-> 1101
223 <-> 223
224 <-> 1102
225 <-> 1103, 1104, 1105
226 <-> 72, 1106, 1107
227 <-> 227
228 <-> 1108, 1109
229 <-> 102, 1110
230 <-> 137, 1111, 1112, 1113
231 <-> 1114, 1068, 1115, 1116
232 <-> 1117
233 <-> 1118
234 <-> 105, 1119, 1120, 1121
235 <-> 1122
236 <-> 1123, 983
237 <-> 1124, 300, 1125
238 <-> 144, 1126, 262, 1127
239 <-> 239, 1128
240 <-> 966
241 <-> 865, 1129
242 <-> 1130
243 <-> 1131
244 <-> 1132
245 <-> 860
246 <-> 1133, 1134
247 <-> 1073, 1135, 1136, 664
248 <-> 1137, 1095, 1138
249 <-> 1139, 1140, 1141
250 <-> 1142, 1143
251 <-> 1144, 1145, 1146
252 <-> 807, 1147, 1148, 1149
253 <-> 1150, 1151
254 <-> 912
255 <-> 1152, 1153, 1154
256 <-> 1155
257 <-> 257, 1156
258 <-> 1014, 1157
259 <-> 1158, 1159
260 <-> 472, 1160, 1161
261 <-> 261, 1162
262 <-> 238, 1163
263 <-> 1164
264 <-> 1165
265 <-> 1166, 1167
266 <-> 1168, 86, 810, 1169
267 <-> 1170, 979
268 <-> 1171, 1172
269 <-> 1173, 1174, 1175, 1176
270 <-> 1177
271 <-> 271
272 <-> 986, 1178
273 <-> 1179, 1180
274 <-> 1181
275 <-> 1053, 1182, 1183
276 <-> 276
277 <-> 1184
278 <-> 770, 209, 278, 1185
279 <-> 1186, 1187
280 <-> 10, 1188
281 <-> 1189, 1190, 410
282 <-> 1191
283 <-> 1192, 1057, 1193
284 <-> 1194
285 <-> 1195, 1196, 1062
286 <-> 1197, 305
287 <-> 934, 333
288 <-> 1198, 1199, 1200, 1201
289 <-> 1202, 880
290 <-> 982, 1203
291 <-> 1204
292 <-> 292
293 <-> 293, 1205, 1206
294 <-> 1207, 1208, 861
295 <-> 1209
296 <-> 1210, 1211, 726
297 <-> 1212, 1213, 632
298 <-> 1058
299 <-> 1214
300 <-> 1215, 237, 1216
301 <-> 1217, 1218, 1219
302 <-> 1220, 533, 1221
303 <-> 1222, 181
304 <-> 1083, 1223
305 <-> 286, 1224
306 <-> 1225, 1226
307 <-> 163, 1227
308 <-> 1008
309 <-> 34
310 <-> 1228, 311
311 <-> 1229, 310
312 <-> 1230
313 <-> 1231, 418
314 <-> 314
315 <-> 1232, 1233
316 <-> 316
317 <-> 1234
318 <-> 1235
319 <-> 1140, 1204
320 <-> 1236, 1237
321 <-> 1238, 1239, 919
322 <-> 235, 583
323 <-> 0, 1240, 1241
324 <-> 1242, 1243
325 <-> 1244
326 <-> 1245, 1246
327 <-> 1024
328 <-> 1247
329 <-> 1248, 1249
330 <-> 82, 1250, 517, 1251
331 <-> 1159, 1141, 1252
332 <-> 337, 1253, 643
333 <-> 1254, 287, 1255
334 <-> 1256, 1257, 1165
335 <-> 513, 1258
336 <-> 1259
337 <-> 332, 1260
338 <-> 1261, 1262
339 <-> 1263
340 <-> 939, 1155, 1264
341 <-> 574
342 <-> 1265, 1266, 1267, 1268, 1269
343 <-> 1270
344 <-> 159, 1271
345 <-> 1272
346 <-> 1126
347 <-> 1273, 1274
348 <-> 1275
349 <-> 1276
350 <-> 1277
351 <-> 802
352 <-> 1278, 830
353 <-> 1279, 1280
354 <-> 796, 935
355 <-> 1281, 1282
356 <-> 802, 1283
357 <-> 357
358 <-> 1284, 1007
359 <-> 966
360 <-> 72, 1285, 614
361 <-> 1286, 1287
362 <-> 1288
363 <-> 363
364 <-> 1289, 1290
365 <-> 1291, 365
366 <-> 1292, 1293, 1294
367 <-> 1295
368 <-> 1296
369 <-> 1297, 369, 1298
370 <-> 1299, 1180, 1300
371 <-> 1301, 371
372 <-> 372, 1302
373 <-> 373
374 <-> 374
375 <-> 1303, 375, 1304
376 <-> 376
377 <-> 1305
378 <-> 1306, 866, 1307
379 <-> 1308, 1309
380 <-> 517, 1310, 1311
381 <-> 1312, 1313
382 <-> 1314
383 <-> 1315, 685
384 <-> 72, 1316, 1317, 771
385 <-> 1318, 1319
386 <-> 770
387 <-> 1320, 998
388 <-> 1321
389 <-> 1322
390 <-> 390
391 <-> 1323, 1324, 1325
392 <-> 1326, 1327
393 <-> 393
394 <-> 1328, 1329
395 <-> 138, 1330
396 <-> 65, 66, 1331, 1332
397 <-> 1333, 818, 266, 1334
398 <-> 398
399 <-> 399, 1335, 1336
400 <-> 1337, 400, 1338
401 <-> 1339
402 <-> 1340, 1341
403 <-> 1342, 1061, 522, 1343
404 <-> 1344, 1345
405 <-> 1346, 1347
406 <-> 1348, 1349
407 <-> 1350
408 <-> 1276, 1351
409 <-> 1352
410 <-> 146, 281, 1353, 1354
411 <-> 1355, 1356
412 <-> 1139, 1357, 1358, 719
413 <-> 1359, 977, 1360
414 <-> 940
415 <-> 415
416 <-> 1361
417 <-> 1362
418 <-> 1363, 1364, 1365
419 <-> 1118
420 <-> 1366
421 <-> 1367, 1364
422 <-> 905
423 <-> 1368, 1369, 1370
424 <-> 424
425 <-> 1203
426 <-> 1371
427 <-> 802, 1372
428 <-> 1373
429 <-> 1374
430 <-> 976
431 <-> 1375, 847
432 <-> 1376, 1377
433 <-> 433
434 <-> 810
435 <-> 1378, 995
436 <-> 1025
437 <-> 1379, 1380, 1051
438 <-> 678
439 <-> 995
440 <-> 1381
441 <-> 579
442 <-> 1382
443 <-> 1383, 1384, 1385, 1386
444 <-> 1387, 444
446 <-> 959, 1388
447 <-> 120, 83, 29, 1389, 1328, 50
448 <-> 1390, 118, 1391
449 <-> 1392
450 <-> 1393, 1394
451 <-> 1395, 959
452 <-> 1396
453 <-> 453, 1397, 1398, 1399
454 <-> 1094
455 <-> 1400
456 <-> 1042
457 <-> 1346, 1401, 1039
458 <-> 458
459 <-> 1109
460 <-> 460
461 <-> 1396, 1402, 1403
462 <-> 1168, 1404, 1405
463 <-> 1406
464 <-> 1373
465 <-> 1407
466 <-> 1408, 1409, 522
467 <-> 1410
468 <-> 1411, 581
469 <-> 469
470 <-> 107, 1077, 1412, 1300
471 <-> 527, 1413
472 <-> 1265, 1414, 260, 1415, 1416
473 <-> 1417, 1194
474 <-> 1418
475 <-> 1419, 616
476 <-> 1420
477 <-> 1421, 1422
478 <-> 13964, 1423
479 <-> 1424, 611
480 <-> 1046, 834, 1251, 1048, 1425
481 <-> 1199
482 <-> 12, 1426
483 <-> 1427, 519
484 <-> 1428, 860, 210, 1429
485 <-> 485, 1430, 1431
486 <-> 217, 1432, 1078
487 <-> 1433, 496, 609, 1434
488 <-> 1435
489 <-> 149, 1436
490 <-> 1437
491 <-> 1130, 519
492 <-> 1438
493 <-> 1439
494 <-> 1029
495 <-> 1440, 1441
496 <-> 1442, 487
497 <-> 1443, 1444, 1445, 1446
498 <-> 850
499 <-> 98, 1447, 1448
500 <-> 1449, 1450, 1268
501 <-> 1003, 1451
502 <-> 1452, 1453, 1318, 678, 1454
503 <-> 1455
504 <-> 1456
505 <-> 1457
506 <-> 1458, 1459, 1460, 1461
507 <-> 1053
508 <-> 832
509 <-> 1185
510 <-> 1073, 1462
511 <-> 511
512 <-> 972
513 <-> 335, 1463
514 <-> 1464, 1465, 1466
515 <-> 1322
516 <-> 1375, 1467
517 <-> 1468, 749, 380
518 <-> 1469, 601, 1470
519 <-> 1214, 483, 491, 1471
520 <-> 153, 1472
521 <-> 1473, 1474, 632
522 <-> 1475, 466, 1221, 1476
523 <-> 1477, 1478
524 <-> 1479, 1480
525 <-> 1481, 1482
526 <-> 1483
527 <-> 1484, 1485, 471
528 <-> 1486, 1487, 1067
529 <-> 1488
530 <-> 1489, 1490, 1491, 1407
531 <-> 1492, 1493, 1494, 1495
532 <-> 1496
533 <-> 302, 1497
534 <-> 1498, 584
535 <-> 1499
536 <-> 536
537 <-> 537
538 <-> 1500, 1374
539 <-> 171, 1501
540 <-> 1502
541 <-> 1503
542 <-> 845, 221, 1504
543 <-> 1505, 1506, 1507
544 <-> 1309, 1508
545 <-> 545
546 <-> 0
547 <-> 1509, 547, 1510
548 <-> 1511, 548, 1512
549 <-> 217, 1513
550 <-> 1514, 848, 669
551 <-> 1020
552 <-> 552
553 <-> 906
554 <-> 849
555 <-> 112, 1515
556 <-> 1516
557 <-> 956
558 <-> 1265
559 <-> 1517
560 <-> 1518
561 <-> 1519, 1016, 1520, 1406
562 <-> 1381
563 <-> 1521
564 <-> 1510
565 <-> 1259
566 <-> 1522, 1523, 1524
567 <-> 1525
568 <-> 1519, 1526
569 <-> 1527
570 <-> 583, 1528
571 <-> 1529, 1530
572 <-> 1531, 1532
573 <-> 341, 1533
574 <-> 1030, 1534
575 <-> 1535, 1536, 1537
576 <-> 447, 576, 1538
577 <-> 1539, 660
578 <-> 1383
579 <-> 1540, 1541
580 <-> 1542, 1543
581 <-> 1373, 468, 1033, 1544
582 <-> 1545, 1546, 798
583 <-> 1547, 1421, 1548, 1491, 322, 1549, 570
584 <-> 1550
585 <-> 200
586 <-> 377, 1551, 1067, 1552
587 <-> 1553, 1554
588 <-> 42, 1555, 1556
589 <-> 1531, 964
590 <-> 1122, 1557, 1558
591 <-> 1559, 1560
592 <-> 1561, 497
593 <-> 1357
594 <-> 1562
595 <-> 63, 99, 1563
596 <-> 1564
597 <-> 1565, 1056, 958
598 <-> 779
599 <-> 868, 1566, 1567, 1568
600 <-> 1569
601 <-> 1570, 518
602 <-> 1571, 1572
603 <-> 53, 1573
604 <-> 1574, 1575
605 <-> 930, 1576, 1577
606 <-> 1578
607 <-> 1579
608 <-> 1580, 1581, 608
609 <-> 1582
610 <-> 1281, 1583
611 <-> 479, 1584
612 <-> 1585, 1165
613 <-> 1501, 1586, 1587
614 <-> 1588, 1250, 360, 1589
615 <-> 1590
616 <-> 475, 1591, 1592
617 <-> 1593, 1243
618 <-> 1594, 1595
619 <-> 1578, 815
620 <-> 1596
621 <-> 1597, 621
622 <-> 1598, 1599
623 <-> 1261, 865, 1350, 1600
624 <-> 1087
625 <-> 1601
626 <-> 1330
627 <-> 1602, 1198
628 <-> 1007
629 <-> 1603
630 <-> 1527
631 <-> 767
632 <-> 297, 521, 1604, 1605
633 <-> 1606, 691
634 <-> 929
635 <-> 841, 1562, 1607, 635
636 <-> 1416
637 <-> 1608
638 <-> 1609
639 <-> 1610, 1611
640 <-> 640
641 <-> 1124, 1587
642 <-> 1612, 1613, 1614, 965
643 <-> 332, 1615
644 <-> 1616
645 <-> 1617, 828
646 <-> 108, 1618
647 <-> 1619, 1620
648 <-> 1621, 1622
649 <-> 1623, 649
650 <-> 1624, 1309
651 <-> 1625, 763, 1626
652 <-> 1101
653 <-> 1337
654 <-> 1627
655 <-> 133, 1628
656 <-> 1629, 1630
657 <-> 1631, 859, 1554
658 <-> 1632, 1633
659 <-> 1634, 659, 1635, 1636
660 <-> 1637, 1638, 577, 1639
661 <-> 1640, 1232, 1641
662 <-> 1642
663 <-> 1086, 1643, 1518, 1503
664 <-> 247, 1644, 664
665 <-> 1645, 1646
666 <-> 1054
667 <-> 1647
668 <-> 82, 1648, 1345
669 <-> 1649, 1650
670 <-> 1651
671 <-> 1441, 881
672 <-> 1652, 843
673 <-> 1408
674 <-> 1653
675 <-> 1070, 1654
676 <-> 1655, 913, 752, 1656
677 <-> 1657
678 <-> 438, 502, 1658
679 <-> 41, 1659, 1660
680 <-> 1661, 1662
681 <-> 44, 1663
682 <-> 1664, 1665, 1666, 1667, 1668
683 <-> 1466
684 <-> 1545, 1072
685 <-> 1669, 383, 1670
686 <-> 1671, 1478
687 <-> 1672, 765, 1673
688 <-> 1674
689 <-> 1675
690 <-> 1676
691 <-> 4, 1677, 633
692 <-> 1678
693 <-> 1256, 253, 1679, 1680
693 <-> 693
694 <-> 1041
695 <-> 1036
696 <-> 1681
697 <-> 1682
698 <-> 1683, 1684
699 <-> 699
700 <-> 1508
701 <-> 701
702 <-> 1185
703 <-> 848, 1685, 1686, 1687
704 <-> 1688
705 <-> 1323, 1689
706 <-> 1690
707 <-> 1517
708 <-> 19, 53, 1691, 1692
709 <-> 1693
710 <-> 1178, 1634
711 <-> 1694, 943, 1242
712 <-> 867
713 <-> 1695
714 <-> 1087
715 <-> 1696, 1609, 1697
716 <-> 1698, 1699
717 <-> 1306
718 <-> 939, 1700
719 <-> 412, 1701
720 <-> 1702, 1268
721 <-> 1554
722 <-> 1703, 1202, 1131, 1704
723 <-> 1705, 1706
724 <-> 1707
725 <-> 1708
726 <-> 296, 1709, 726
727 <-> 1710
728 <-> 792, 1626
729 <-> 1711, 1712, 729
730 <-> 1314, 1674
731 <-> 795
732 <-> 1435, 1264
733 <-> 1652
734 <-> 934, 1693
735 <-> 1713, 191
736 <-> 1308, 1714
737 <-> 1300
738 <-> 83, 1715
739 <-> 281, 1716
740 <-> 10, 1717, 1574, 651
741 <-> 370, 1718, 470
742 <-> 1719, 607
743 <-> 1720, 599
744 <-> 1721, 361, 1722
745 <-> 1723, 1657, 1724
746 <-> 1725, 257
747 <-> 1726, 234, 265, 1727
