3 <-> 2, 71
6 <-> 7, 15, 97, 941
180 <-> 54, 48
12 <-> 632, 762, 829
16 <-> 1050
18 <-> 26, 256
20 <-> 953
23 <-> 723, 871
0 <-> 37, 17, 62
25 <-> 3, 1753
51 <-> 138, 454, 1105
171 <-> 67
53 <-> 762
55 <-> 340, 1913
56 <-> 100, 720
59 <-> 1620, 1915
77 <-> 120
63 <-> 1423, 1484
65 <-> 1323
44 <-> 86, 155
66 <-> 1437
178 <-> 42, 185, 57
68 <-> 1597
69 <-> 414
70 <-> 173, 527, 743, 1806, 1958
71 <-> 393, 1585, 1680
72 <-> 391, 1863
74 <-> 537, 1861
76 <-> 555, 1582
78 <-> 1452, 1706, 1804
10 <-> 290, 1925
81 <-> 80, 315
89 <-> 71
82 <-> 1420, 1865
83 <-> 734, 1794
84 <-> 84, 343, 948
92 <-> 342
94 <-> 747, 937, 1463
108 <-> 35, 102, 140
64 <-> 28, 1609
98 <-> 1988
99 <-> 1, 136, 500
617 <-> 275
