0 <-> 243, 244, 245
1 <-> 246, 247
2 <-> 248, 249
3 <-> 250, 251, 252, 253
4 <-> 254
5 <-> 255, 256, 257
6 <-> 258
7 <-> 259, 260, 261
8 <-> 202, 262, 263
9 <-> 264, 265
10 <-> 266, 267
11 <-> 268, 269, 270
12 <-> 271, 272
13 <-> 13, 273, 274, 275, 276
14 <-> 277, 278, 279
15 <-> 280, 281
16 <-> 282, 283
17 <-> 284, 285
18 <-> 286, 287
19 <-> 288, 289, 290
20 <-> 291, 292, 293
21 <-> 294, 295
22 <-> 40, 296
23 <-> 297, 298, 299
24 <-> 300, 301, 302
26 <-> 305, 306, 307, 308
27 <-> 309, 310
28 <-> 311, 312
29 <-> 313, 314
30 <-> 315
31 <-> 31, 316
33 <-> 319
34 <-> 320, 321
35 <-> 322, 323, 324
36 <-> 325
37 <-> 326
38 <-> 327, 328
39 <-> 329, 330, 331
40 <-> 22, 332, 333
41 <-> 334, 335
42 <-> 336, 337
43 <-> 43, 338, 339, 340
45 <-> 341, 342
46 <-> 343, 3447, 345
47 <-> 346
48 <-> 347, 348, 349, 350
49 <-> 351, 352, 353
52 <-> 356, 357
53 <-> 358, 359
54 <-> 360, 361
56 <-> 364, 365
57 <-> 366, 367
58 <-> 368, 369
59 <-> 370, 371, 372
60 <-> 373, 374, 375
61 <-> 376, 377, 378
62 <-> 379, 380
63 <-> 381
64 <-> 382, 383
65 <-> 384, 385, 128
66 <-> 386
67 <-> 387, 388
68 <-> 389, 390
69 <-> 391, 392, 393
71 <-> 394, 395
73 <-> 396, 397
75 <-> 399
77 <-> 400
78 <-> 401
79 <-> 402
80 <-> 403
82 <-> 407, 408, 372
83 <-> 409, 410
85 <-> 85, 415
86 <-> 416
88 <-> 419, 161, 420, 105, 421
90 <-> 423
91 <-> 424
92 <-> 425, 426
93 <-> 427, 428
94 <-> 429, 141, 430
95 <-> 431
96 <-> 432
97 <-> 433
98 <-> 434
99 <-> 435, 392, 436
100 <-> 437
101 <-> 438, 439
102 <-> 440
103 <-> 441, 442
104 <-> 443
105 <-> 444
107 <-> 448
108 <-> 108, 449
109 <-> 450
110 <-> 451, 452, 453
111 <-> 454, 455
113 <-> 458, 459
114 <-> 460, 461, 462
115 <-> 463
116 <-> 464
117 <-> 465, 466
118 <-> 467
119 <-> 468
120 <-> 120, 469
122 <-> 473, 474
123 <-> 475
124 <-> 476, 477
125 <-> 478, 479, 480
126 <-> 481
127 <-> 482, 483
129 <-> 288, 489, 490
130 <-> 491, 492
131 <-> 323, 493, 494
133 <-> 495
134 <-> 228, 496
135 <-> 497
137 <-> 498, 499, 268, 500
139 <-> 501
140 <-> 502, 503
141 <-> 504
142 <-> 505, 506
143 <-> 507, 508, 509
144 <-> 510
145 <-> 511, 512, 513, 514
146 <-> 256
147 <-> 515
148 <-> 516
149 <-> 517, 518
150 <-> 519, 520
151 <-> 521, 522, 523
153 <-> 525, 526
154 <-> 239, 527
155 <-> 528, 529
156 <-> 530
157 <-> 531, 532, 533
158 <-> 534, 535, 536, 537
159 <-> 538
160 <-> 539, 540
161 <-> 541, 542
162 <-> 543, 544
163 <-> 163, 545, 546, 547, 357
165 <-> 549
166 <-> 248, 550
167 <-> 551, 167
168 <-> 552, 553
169 <-> 554
170 <-> 555, 556, 557
171 <-> 558, 559, 560, 561
172 <-> 562, 563, 564
173 <-> 565, 566
174 <-> 567, 568
175 <-> 569
176 <-> 384
177 <-> 570, 571, 572
178 <-> 573, 574
179 <-> 575, 576
180 <-> 577, 578, 579, 580
182 <-> 54, 581, 582, 583, 584
183 <-> 585, 586
185 <-> 587, 588, 589
186 <-> 590, 591
187 <-> 592, 593
189 <-> 595, 596, 597, 598, 599
190 <-> 600, 601
191 <-> 602
193 <-> 603, 604, 605
194 <-> 606, 607
197 <-> 610
198 <-> 198, 611, 612
199 <-> 613, 614, 615, 616
200 <-> 617, 618, 619
201 <-> 620, 621
202 <-> 8, 622, 623
203 <-> 624, 625, 626
204 <-> 627, 628
205 <-> 629, 630
206 <-> 631, 632, 633
207 <-> 634, 635, 636, 637, 638
208 <-> 639, 640
2059 <-> 641
210 <-> 642
211 <-> 643, 644
212 <-> 212, 645
213 <-> 646, 647
214 <-> 347, 648
215 <-> 649, 650, 651, 66, 202, 218, 25, 221
217 <-> 217, 654
218 <-> 655
220 <-> 656
221 <-> 657, 658, 659
222 <-> 660
223 <-> 661, 662, 663, 664
224 <-> 665, 666
225 <-> 667, 668, 669
226 <-> 670, 671
227 <-> 672
228 <-> 673, 134
229 <-> 674
230 <-> 675
231 <-> 676, 493
232 <-> 677
233 <-> 678
234 <-> 679
235 <-> 235, 680
237 <-> 682
239 <-> 683
240 <-> 684, 685, 686
242 <-> 690, 691
