0 <-> 201, 202, 203
1 <-> 204, 205
2 <-> 206, 207
3 <-> 208, 209, 210, 211
4 <-> 212
5 <-> 213, 214, 215
6 <-> 216
7 <-> 217, 218, 219
8 <-> 167, 220, 221
9 <-> 222, 223
10 <-> 224, 225
11 <-> 226, 227, 228
12 <-> 229, 230
13 <-> 13, 231, 232, 233, 234
14 <-> 235, 236, 237
15 <-> 238, 239
16 <-> 240, 241
17 <-> 242, 243
18 <-> 244, 245
19 <-> 246, 247, 248
20 <-> 249, 250, 251
21 <-> 252, 253
22 <-> 37, 254
23 <-> 255, 256, 257
24 <-> 258, 259, 260
25 <-> 261, 262, 263, 264
26 <-> 265, 266
27 <-> 267, 268
28 <-> 269
29 <-> 29, 270
30 <-> 271
31 <-> 272, 273
32 <-> 274, 275, 276
33 <-> 277
34 <-> 278
35 <-> 279, 280
36 <-> 281, 282, 283
37 <-> 22, 284, 285
38 <-> 286, 287
39 <-> 288, 289
40 <-> 40, 290, 291, 292
41 <-> 288
42 <-> 293, 294
43 <-> 295, 296, 297
44 <-> 298
45 <-> 299, 300, 301, 302
46 <-> 303, 304, 305
47 <-> 306, 307
48 <-> 308, 309
49 <-> 310, 311
50 <-> 312, 313
51 <-> 314, 315
52 <-> 316, 317
53 <-> 318, 319, 320
54 <-> 321, 322, 323
55 <-> 324, 325
56 <-> 326
57 <-> 327, 328
58 <-> 329, 330, 331
59 <-> 332
60 <-> 333, 334
61 <-> 335, 336, 337
62 <-> 62
63 <-> 63
64 <-> 338
65 <-> 65
66 <-> 339
67 <-> 340
68 <-> 341
69 <-> 342
70 <-> 343, 344, 320
71 <-> 345, 346
72 <-> 72, 347
73 <-> 348
74 <-> 349, 134, 350, 87, 351
75 <-> 352
76 <-> 353, 354
77 <-> 355, 117, 356
78 <-> 357
79 <-> 358
80 <-> 359
81 <-> 360
82 <-> 361, 336, 362
83 <-> 363
84 <-> 364, 365
85 <-> 366
86 <-> 367
87 <-> 368
88 <-> 369
89 <-> 89, 370
90 <-> 371
91 <-> 372, 373, 374
92 <-> 375, 376
93 <-> 377, 378
94 <-> 379, 380, 381
95 <-> 382
96 <-> 383
97 <-> 384, 385
98 <-> 386
99 <-> 387
100 <-> 100, 388
101 <-> 389, 390
102 <-> 391
103 <-> 392, 393, 394
104 <-> 395
105 <-> 396, 397
106 <-> 246, 398, 399
107 <-> 400, 401
108 <-> 275, 402, 403
109 <-> 56
110 <-> 404
111 <-> 188, 405
112 <-> 406
113 <-> 407, 408, 226, 409
114 <-> 256
115 <-> 410
116 <-> 411, 412
117 <-> 413
118 <-> 414, 415
119 <-> 416, 417, 418
120 <-> 419
121 <-> 420, 421, 422, 423
122 <-> 214
123 <-> 424
124 <-> 425
125 <-> 426, 427
126 <-> 428, 429, 430
127 <-> 431, 432
128 <-> 198, 433
129 <-> 434, 435
130 <-> 436
131 <-> 437, 438, 439, 440
132 <-> 441
133 <-> 442, 443
134 <-> 444, 445
135 <-> 446, 447
136 <-> 136, 448, 449, 450, 307
137 <-> 451
138 <-> 206, 452
139 <-> 453, 139
140 <-> 454, 455
141 <-> 456
142 <-> 457, 458, 459, 460
143 <-> 461, 462, 463
144 <-> 464, 465
145 <-> 466, 467
146 <-> 468
147 <-> 329
148 <-> 469, 470, 471
149 <-> 472, 473
150 <-> 474, 475
151 <-> 476, 477, 478, 479
152 <-> 49, 480, 481, 482, 483
153 <-> 484, 485
154 <-> 486, 487, 488
155 <-> 489, 490
156 <-> 491, 492
157 <-> 493, 494, 495, 496, 497
158 <-> 498, 499
159 <-> 500
160 <-> 501, 502, 503
161 <-> 504, 505
162 <-> 506
163 <-> 507
164 <-> 508, 509, 510, 511
165 <-> 512, 513, 514
166 <-> 515, 516
167 <-> 8, 517, 518
168 <-> 519, 520, 521
169 <-> 522, 523
170 <-> 524, 525
171 <-> 526, 527, 528
172 <-> 529, 530, 531, 532, 533
173 <-> 534
174 <-> 535
175 <-> 175, 536
176 <-> 537, 538
177 <-> 299, 539
178 <-> 540, 541, 542, 59, 167, 179, 543, 182
179 <-> 544
180 <-> 427
181 <-> 545
182 <-> 546, 547, 548
183 <-> 549, 550, 551, 552
184 <-> 553, 554
185 <-> 555, 556, 557
186 <-> 558, 559
187 <-> 560
188 <-> 561, 111
189 <-> 562
190 <-> 563
191 <-> 564, 402
192 <-> 565
193 <-> 566
194 <-> 567
195 <-> 195, 568
196 <-> 569
197 <-> 105, 119, 38, 124, 1
198 <-> 570
199 <-> 571, 572, 573
200 <-> 574, 575
