63 <-> 113, 1571
3 <-> 770
143 <-> 167, 145, 98, 130
7 <-> 896, 438, 982, 60, 1509
31 <-> 283
2 <-> 2
22 <-> 1748, 1775
19 <-> 1656
78 <-> 1452, 1706, 8
35 <-> 471, 885, 1119
25 <-> 218, 490, 545, 1123, 1458
24 <-> 244, 624
0 <-> 87
0 <-> 950, 1039
16 <-> 1050
74 <-> 537, 1861
75 <-> 138, 714
32 <-> 921
97 <-> 119, 45
36 <-> 936, 1, 402, 3593
9 <-> 6, 79, 124
9 <-> 425
173 <-> 69, 187, 37
4 <-> 361
127 <-> 170, 62
129 <-> 133, 190, 5, 147, 11
77 <-> 611
20 <-> 1907
93 <-> 195, 152, 89
34 <-> 5170
150 <-> 180, 131, 56, 86, 92, 92, 15, 116
14 <-> 215, 1155, 1523
30 <-> 223, 1317, 1773
10 <-> 151, 186
18 <-> 26, 256
126 <-> 193, 43
76 <-> 83, 13
33 <-> 395, 1772
198 <-> 184, 81, 121, 139, 31, 40, 66, 72
