0 <-> 88, 89
1 <-> 90, 91
2 <-> 92, 93, 94
3 <-> 95
4 <-> 4
5 <-> 96
6 <-> 6
7 <-> 97
8 <-> 98, 99
9 <-> 100
10 <-> 101
11 <-> 102, 103
12 <-> 104, 105, 106
13 <-> 107
14 <-> 108, 109
15 <-> 110, 111, 112
16 <-> 113
17 <-> 114, 115
18 <-> 116
19 <-> 117, 118, 119
20 <-> 120, 121, 122, 123
21 <-> 124, 125
22 <-> 126
23 <-> 127, 23
24 <-> 128, 129
25 <-> 130
26 <-> 131
27 <-> 132
28 <-> 133
29 <-> 134, 135
30 <-> 136
31 <-> 137
32 <-> 138, 139
33 <-> 140
34 <-> 141, 142
35 <-> 143
36 <-> 144
37 <-> 145, 146
38 <-> 38
39 <-> 147, 39
40 <-> 40
41 <-> 148, 149, 150, 151, 152, 153
42 <-> 154
43 <-> 155, 156, 157, 158
44 <-> 159
45 <-> 160
46 <-> 161
47 <-> 162
48 <-> 163, 164
49 <-> 165, 166
50 <-> 167
51 <-> 168
52 <-> 169
53 <-> 170, 171, 172, 173
54 <-> 174
55 <-> 175
56 <-> 176, 177, 178
57 <-> 179
58 <-> 180
59 <-> 59
60 <-> 181
61 <-> 182
62 <-> 183
63 <-> 184
64 <-> 185
65 <-> 186
66 <-> 187
67 <-> 188
68 <-> 189
69 <-> 190, 191
70 <-> 192, 193
71 <-> 194
72 <-> 195, 196
73 <-> 197, 198
74 <-> 199
75 <-> 200
76 <-> 201, 202
77 <-> 203
78 <-> 204, 205
79 <-> 206, 207
80 <-> 208, 209
81 <-> 210
82 <-> 211
83 <-> 212, 213
84 <-> 214
85 <-> 215, 216
86 <-> 217
87 <-> 218, 219
