0 <-> 515, 516
1 <-> 517, 518, 519
2 <-> 2
3 <-> 520
4 <-> 521
5 <-> 5
6 <-> 522, 523, 524
7 <-> 525, 526
8 <-> 527
9 <-> 528
10 <-> 529, 530
11 <-> 531, 532, 533
12 <-> 534, 535, 536
13 <-> 537, 538, 539
14 <-> 38, 540, 541
15 <-> 542
16 <-> 543
17 <-> 544
18 <-> 545, 546, 547, 548
19 <-> 549, 550
20 <-> 551, 552
21 <-> 553, 554
22 <-> 22
23 <-> 555, 556, 557, 558, 474
24 <-> 24
25 <-> 559, 560
26 <-> 531
27 <-> 172, 561, 562
28 <-> 563
29 <-> 564
30 <-> 565, 566
31 <-> 567
32 <-> 568, 569, 570
33 <-> 571, 372
34 <-> 572, 573, 574, 575, 576
35 <-> 577
36 <-> 578, 579, 580
37 <-> 581
38 <-> 14, 582, 583
39 <-> 584, 585, 586
40 <-> 101, 587, 588
41 <-> 589, 590, 591
42 <-> 42, 592
43 <-> 593, 594, 595
44 <-> 596
45 <-> 597
46 <-> 46
47 <-> 598, 599, 600, 601
48 <-> 593, 602, 603
49 <-> 604, 605
50 <-> 50, 606
51 <-> 607, 608
52 <-> 52, 609
53 <-> 610
54 <-> 611
55 <-> 612, 613
56 <-> 614
57 <-> 130, 615, 257, 350, 616
58 <-> 617, 618, 619
59 <-> 59, 620
60 <-> 621, 622
61 <-> 593, 623
62 <-> 624, 625
63 <-> 626
64 <-> 627, 628, 629
65 <-> 630
66 <-> 66, 631
67 <-> 67, 632, 633
68 <-> 634
69 <-> 635, 636, 637, 638, 639
70 <-> 640, 641
71 <-> 642
72 <-> 643, 644
73 <-> 645
74 <-> 646, 647, 648
75 <-> 221
76 <-> 649
77 <-> 650
78 <-> 651, 652
79 <-> 653, 654
80 <-> 80
81 <-> 655, 656, 657
82 <-> 658, 659, 660
83 <-> 83
84 <-> 661, 227
85 <-> 662, 663
86 <-> 664, 425
87 <-> 87, 200, 665
88 <-> 666, 667, 668
89 <-> 669
90 <-> 670, 242, 420
91 <-> 671, 672
92 <-> 673, 674, 578
93 <-> 675, 362
94 <-> 676, 530
95 <-> 677, 662
96 <-> 678
97 <-> 97
98 <-> 679, 680
99 <-> 99
100 <-> 681
101 <-> 40, 682, 578, 683
102 <-> 684
103 <-> 685, 686
104 <-> 104, 687
105 <-> 688
106 <-> 689, 229, 690, 691
107 <-> 692, 693
108 <-> 694
109 <-> 166, 695, 696, 697
110 <-> 698, 699, 700
111 <-> 111, 701
112 <-> 112
113 <-> 702, 703, 704, 705, 706
114 <-> 707, 708, 709, 710
115 <-> 711, 712
116 <-> 713
117 <-> 714, 715, 716
118 <-> 717, 718, 396
119 <-> 719
120 <-> 720
121 <-> 721, 722
122 <-> 122, 723, 724
123 <-> 725, 726, 727
124 <-> 286, 728, 729
125 <-> 730, 731
126 <-> 126, 732, 733, 734, 298
127 <-> 735, 736
128 <-> 128, 737, 738, 739
129 <-> 740
130 <-> 57, 741
131 <-> 742, 743
132 <-> 744
133 <-> 745, 746, 747, 748, 749
134 <-> 750, 751
135 <-> 752
136 <-> 753, 754, 755
137 <-> 756
138 <-> 757, 758
139 <-> 759
140 <-> 760, 761
141 <-> 762, 763, 764
142 <-> 142
143 <-> 765, 766
144 <-> 767
145 <-> 757, 768, 769, 770
146 <-> 771
147 <-> 772, 773, 774
148 <-> 775
149 <-> 776, 777, 778, 421
150 <-> 150, 779
151 <-> 780, 781, 782
152 <-> 783
153 <-> 784
154 <-> 264, 785, 786
155 <-> 155, 787
156 <-> 788, 789
157 <-> 790, 791
158 <-> 792, 773, 793
159 <-> 794, 795
160 <-> 796
161 <-> 797, 276, 798
162 <-> 799
163 <-> 800, 801
164 <-> 802
165 <-> 165, 803, 804, 805, 806
166 <-> 109, 807, 808
167 <-> 809
168 <-> 810, 811
169 <-> 812, 813, 814
170 <-> 815, 816
171 <-> 817, 818, 819
172 <-> 27, 820
173 <-> 821, 806
174 <-> 822, 823
175 <-> 824, 825, 826
176 <-> 827, 828, 829
177 <-> 830
178 <-> 831
179 <-> 832, 833
180 <-> 834
181 <-> 835, 836, 496
182 <-> 518
183 <-> 837
184 <-> 838
185 <-> 839, 840
186 <-> 186
187 <-> 841, 842
188 <-> 765
189 <-> 843, 844
190 <-> 845, 846
191 <-> 847, 848
192 <-> 849, 850
193 <-> 851
194 <-> 852
195 <-> 853, 854
196 <-> 855, 856
197 <-> 857
198 <-> 858, 738
199 <-> 859
200 <-> 87, 860
201 <-> 861, 862, 863
202 <-> 864
203 <-> 865, 502
204 <-> 866
205 <-> 867
206 <-> 520, 868
207 <-> 869, 870
208 <-> 871, 872
209 <-> 873, 874
210 <-> 875, 876
211 <-> 877
212 <-> 878, 879
213 <-> 880
214 <-> 881, 214
215 <-> 882, 883
216 <-> 884, 885
217 <-> 217
218 <-> 218
219 <-> 886, 449
220 <-> 887
221 <-> 888
222 <-> 765, 889, 890
223 <-> 891
224 <-> 892
225 <-> 225, 893
226 <-> 894, 895, 896
227 <-> 84, 897
228 <-> 276, 898, 896
229 <-> 899, 900, 901
230 <-> 711, 902
231 <-> 903
232 <-> 816
233 <-> 904, 905
234 <-> 692, 861, 906
235 <-> 907
236 <-> 908, 909
237 <-> 910
238 <-> 651, 911
239 <-> 912, 913, 914, 915
240 <-> 916, 828
241 <-> 917, 918
242 <-> 90, 919, 920
243 <-> 921
244 <-> 922, 923
245 <-> 924
246 <-> 925
247 <-> 926, 927, 928, 292, 929
248 <-> 930
249 <-> 931, 932
250 <-> 933
251 <-> 934, 935
252 <-> 936
253 <-> 937
254 <-> 938, 939
255 <-> 255
256 <-> 940
257 <-> 57, 941
258 <-> 942
259 <-> 943
260 <-> 944, 945, 509
261 <-> 946, 947, 948
262 <-> 262
263 <-> 113, 949
264 <-> 154, 950, 951, 952
265 <-> 953, 711, 279, 954
266 <-> 955
267 <-> 956
268 <-> 957
269 <-> 958
270 <-> 959
271 <-> 960, 961, 962, 963
272 <-> 964
273 <-> 965, 793
274 <-> 966, 967
275 <-> 968, 969, 970
276 <-> 161, 228, 971, 972
277 <-> 277, 973
278 <-> 774
279 <-> 974, 265
280 <-> 975
281 <-> 642, 976
282 <-> 977
283 <-> 843
284 <-> 978
285 <-> 979, 980
286 <-> 124, 981, 982, 983
287 <-> 984, 930, 985
288 <-> 986, 987, 988
289 <-> 989
290 <-> 990, 290, 991
291 <-> 824, 291, 992
292 <-> 993, 994
293 <-> 995, 627, 426
294 <-> 996
295 <-> 295
296 <-> 698
297 <-> 628
298 <-> 126, 997
299 <-> 998
300 <-> 999
301 <-> 1000
302 <-> 1001
303 <-> 1002
304 <-> 1003, 833, 1004, 1005
305 <-> 632
306 <-> 1006
307 <-> 991
308 <-> 1007
309 <-> 1008, 1009, 1010
310 <-> 918, 1011
311 <-> 863
312 <-> 1012
313 <-> 1013, 1014, 313
314 <-> 828, 1015
315 <-> 1016, 776
316 <-> 1017, 958
317 <-> 1018
318 <-> 1019, 1020
319 <-> 854, 1021
320 <-> 1022, 1023, 1024
321 <-> 1025, 321, 1026
322 <-> 1027
323 <-> 1028
324 <-> 734
325 <-> 526
326 <-> 1029, 1030
327 <-> 1031
328 <-> 1032, 1033
329 <-> 1034
330 <-> 1035
331 <-> 1036, 1037, 1038, 1039
332 <-> 1040, 1041, 574
333 <-> 979
334 <-> 1042, 1043, 1044, 240, 1045, 1046, 314
335 <-> 1047
336 <-> 304, 1018, 1048
337 <-> 988
338 <-> 1049, 1050
339 <-> 47, 1051, 1052
340 <-> 1017, 772
341 <-> 1053
342 <-> 964, 1054, 1055
343 <-> 1056, 1057
344 <-> 1058
345 <-> 921
346 <-> 1059, 887, 767
347 <-> 554
348 <-> 1060, 1061, 1062, 1063
349 <-> 207, 1064
350 <-> 57, 1065
351 <-> 1066, 1067
352 <-> 1068
353 <-> 726, 1069, 1070
354 <-> 1071
355 <-> 1072, 1073, 355
356 <-> 1074
357 <-> 1075, 348
358 <-> 631, 1076
359 <-> 1077, 1078
360 <-> 1079, 1080
361 <-> 1081, 1082, 1083
362 <-> 93, 1084, 1085, 1086
363 <-> 1087
364 <-> 1088, 1089, 1090
365 <-> 545, 799, 1091, 1092
366 <-> 1093, 1094
367 <-> 1095, 1096
368 <-> 1097, 591
369 <-> 1098
370 <-> 1099, 1100
371 <-> 1101, 1102
372 <-> 33, 642, 1103, 1104
373 <-> 825
374 <-> 1105
375 <-> 1106
376 <-> 1107
377 <-> 1108
378 <-> 1012
379 <-> 171
380 <-> 539
381 <-> 921, 1109, 1110, 1111
382 <-> 1112, 524
383 <-> 725
384 <-> 617, 1113, 1114, 384
385 <-> 1115
386 <-> 386
387 <-> 1116
388 <-> 1117
389 <-> 389
390 <-> 968, 1083
391 <-> 1118, 1119, 1120, 773
392 <-> 1121
393 <-> 1122, 515
394 <-> 1123
395 <-> 1124, 1125
396 <-> 118, 1126
397 <-> 1127
398 <-> 1128, 1129, 896, 1130
399 <-> 1131, 1132
400 <-> 271, 1133
401 <-> 1134, 1135
402 <-> 1136, 1137
403 <-> 1138, 1139
404 <-> 1140, 535, 1141
405 <-> 1142, 1143, 1144
406 <-> 1145, 1146
407 <-> 937
408 <-> 1147
409 <-> 1148
410 <-> 1149, 1150
411 <-> 1151, 1152
412 <-> 1153, 1154, 1050
413 <-> 1155, 1156
414 <-> 1157, 814
415 <-> 1158, 1159, 1160, 1161
416 <-> 1162, 1163, 1164
417 <-> 1165
418 <-> 1166
419 <-> 1167
420 <-> 90, 1168, 1002, 1169
421 <-> 149, 1170
422 <-> 1171
423 <-> 1172
424 <-> 1173
425 <-> 86, 1174, 1175
426 <-> 293, 1176
427 <-> 1177
428 <-> 1178, 1179
429 <-> 694, 1180, 1074
430 <-> 1181, 1182
431 <-> 1167
432 <-> 1183
433 <-> 1184
434 <-> 903, 434
435 <-> 1185, 1186, 523, 1187
436 <-> 1188
437 <-> 1163
438 <-> 1189, 740, 1190
439 <-> 1191, 1192, 1190
440 <-> 1193, 837, 1194
441 <-> 1195, 1196
442 <-> 1197, 1198
443 <-> 1199, 1200, 533
444 <-> 1201, 1202, 1203, 1204, 1205
445 <-> 1206, 343
446 <-> 1207, 850, 1012
447 <-> 1208
448 <-> 1209, 1210
449 <-> 1211, 219, 1212
450 <-> 1213, 1214, 1215
451 <-> 1216, 1217
452 <-> 1218, 1219, 1220
453 <-> 1221
454 <-> 1222
455 <-> 649, 696
456 <-> 1223
457 <-> 1224, 1225, 1226, 1227
458 <-> 458
459 <-> 1228
460 <-> 1229
461 <-> 1230
462 <-> 1231, 1232
463 <-> 1233
464 <-> 464
465 <-> 1234, 1235
466 <-> 1236
467 <-> 1237, 1238, 1239
468 <-> 626, 1240, 1241, 1242
469 <-> 678
470 <-> 1243
471 <-> 1244
472 <-> 1245, 1246
473 <-> 1001
474 <-> 23, 57, 1247, 1248
475 <-> 1249
476 <-> 1250, 1251
477 <-> 1252, 748, 1253
478 <-> 644
479 <-> 479
480 <-> 1254
481 <-> 919
482 <-> 1255, 1117, 1256
483 <-> 1257
484 <-> 1258, 1259
485 <-> 587
486 <-> 744, 1260
487 <-> 1261, 1262
488 <-> 1263, 1264
489 <-> 1265, 1266
490 <-> 1050
491 <-> 1267, 1268, 977, 1269
492 <-> 578
493 <-> 1270, 1271
494 <-> 1272
495 <-> 1273
496 <-> 1274, 181
497 <-> 980, 1275
498 <-> 1031, 1276, 498
499 <-> 1277
500 <-> 1278
501 <-> 1279, 1280, 501
502 <-> 1281, 203
503 <-> 1282
504 <-> 1283, 1284
505 <-> 1285
506 <-> 734, 1249
507 <-> 1286, 1287
508 <-> 740
509 <-> 1288, 260
510 <-> 614, 536
511 <-> 1289, 1290
512 <-> 1291, 1292
513 <-> 1293, 1294, 714
514 <-> 404, 1295
