2 <-> 1, 4, 41, 90, 151, 957, 970
3 <-> 82
4 <-> 37, 1680
6 <-> 305, 842, 1927
12 <-> 38, 52, 78, 118
15 <-> 3, 238, 1552
17 <-> 275
36 <-> 935, 1831
43 <-> 15, 403, 867
47 <-> 867, 991, 1677, 1938
57 <-> 35, 547, 1417, 1501, 1772
67 <-> 1395
76 <-> 554, 1582
78 <-> 1452, 1706, 1804
82 <-> 1420, 1865
16 <-> 122, 132
86 <-> 971
88 <-> 64, 66, 74, 135, 147, 173, 196
95 <-> 72, 74, 93
96 <-> 1299, 1924
101 <-> 148
106 <-> 410, 1114, 1557
110 <-> 1296, 1837
116 <-> 368, 725, 1889
118 <-> 136, 461, 804
119 <-> 915, 1821
120 <-> 1342, 1826
125 <-> 1679
140 <-> 445, 1732
144 <-> 532, 996, 1794
146 <-> 146
151 <-> 115, 205, 496, 535
84 <-> 120, 35, 30, 108, 83, 91, 84
153 <-> 298, 760, 803, 1664
143 <-> 155, 26, 103, 97, 12, 115, 9
155 <-> 1524
162 <-> 162, 171, 1173
166 <-> 166, 508, 523, 825, 1259
169 <-> 740
174 <-> 517, 573
175 <-> 635
176 <-> 455, 457, 712, 1386, 1639
27 <-> 22, 88, 153
179 <-> 862, 876, 1633
180 <-> 588
181 <-> 106, 152, 170
186 <-> 459, 493
180 <-> 89
188 <-> 367, 686, 930, 1643
189 <-> 1433
191 <-> 375
193 <-> 193, 1405
194 <-> 1974
198 <-> 1385
199 <-> 471
201 <-> 201, 1023
204 <-> 628, 1351, 1606
209 <-> 357, 766, 853
214 <-> 214, 282, 1166, 1341, 1751
225 <-> 1374, 1751
220 <-> 230, 1207, 1739
141 <-> 10
237 <-> 1468, 1934
243 <-> 769, 1455
245 <-> 1528, 1605, 1905
256 <-> 18, 648
270 <-> 87, 619, 775, 1157
277 <-> 1214
274 <-> 227, 274, 1592
278 <-> 513, 1449
287 <-> 259, 1030
292 <-> 314, 918, 1025
303 <-> 1301, 1599
24 <-> 53, 116
308 <-> 727, 1620
310 <-> 1436, 1696, 1784
315 <-> 81, 1360, 1817
316 <-> 1095
320 <-> 1401
179 <-> 135, 147, 60, 186, 161, 5, 160, 159
337 <-> 401
339 <-> 1481
354 <-> 1476
357 <-> 3209, 1448
102 <-> 125, 40, 11
358 <-> 617, 1132, 1904
364 <-> 595, 663, 1091, 1174
365 <-> 41, 334, 958, 969, 1066, 1421
150 <-> 61
367 <-> 181, 188, 367, 1100, 1109, 7594
368 <-> 116, 583, 1206
370 <-> 1928
382 <-> 1222, 1388
383 <-> 568
393 <-> 71, 1846
394 <-> 394, 585
397 <-> 7, 13, 506, 1913
403 <-> 58, 515, 985, 1691
405 <-> 1343, 1491, 1915
409 <-> 1687
416 <-> 100, 1757
419 <-> 231, 1465
420 <-> 1062, 1504
422 <-> 533, 1435
424 <-> 1060, 1570
425 <-> 9, 261
55 <-> 1423, 959, 340, 651, 1352
431 <-> 1815
436 <-> 233
437 <-> 351, 1825
445 <-> 140, 715
447 <-> 1516
451 <-> 1506
453 <-> 150, 479, 1907
676 <-> 697, 1036
684 <-> 1609
686 <-> 745, 1414, 1541
29 <-> 92, 135
852 <-> 923, 1821
854 <-> 681, 854, 1152
856 <-> 1686
309 <-> 387, 1238, 38, 1624
858 <-> 726, 1796, 1843
860 <-> 530
865 <-> 417, 896, 1362
886 <-> 511, 1057
8587 <-> 845
888 <-> 888
889 <-> 458, 830, 1370
896 <-> 60, 865, 1575, 1756
899 <-> 587, 1949
911 <-> 1713
913 <-> 1813
914 <-> 485, 1081
52 <-> 167, 129, 196, 168
917 <-> 7721, 1169, 1822
918 <-> 292, 1795
933 <-> 847, 1064
935 <-> 1918
938 <-> 635, 1478, 1505
940 <-> 1283
941 <-> 259, 406, 1458, 1542, 1986
946 <-> 499, 1239, 1301
949 <-> 707
950 <-> 0, 1856
951 <-> 1010, 1336
952 <-> 1461, 1655
953 <-> 1586, 4982
961 <-> 1765, 1824
962 <-> 1878
964 <-> 263, 740
965 <-> 850
973 <-> 94, 925, 1821
128 <-> 1854
1129 <-> 6511
1132 <-> 358, 551, 1212
1134 <-> 559, 1298
1135 <-> 1820
1138 <-> 156, 578, 1104, 1912
1139 <-> 1854
1140 <-> 1221, 1591
1181 <-> 259, 297, 792, 1575, 1847
1144 <-> 1402, 1823
1148 <-> 380, 621
1150 <-> 943, 1818
1152 <-> 854, 1437, 1528, 1609, 1764
1154 <-> 1419
1157 <-> 62, 207, 721, 1968
1160 <-> 986
1362 <-> 730, 1069, 1600
1163 <-> 434, 1176, 1814, 1900
1165 <-> 1181
1604 <-> 1604
1171 <-> 620
1172 <-> 268
1177 <-> 102, 421, 1778, 1791
134 <-> 194, 79
1178 <-> 1804
1179 <-> 1080
1180 <-> 143, 845, 1933
1183 <-> 172, 1455, 1538, 1910, 1996
1184 <-> 618
1185 <-> 983, 1185
1190 <-> 400
1191 <-> 1403
1192 <-> 164, 642
1193 <-> 195, 1195
1197 <-> 581, 1070, 1483
87 <-> 0, 43, 228, 123, 136
1198 <-> 513
1200 <-> 1025
1206 <-> 368, 923, 1003
92 <-> 40, 37, 370, 14, 68, 155
1207 <-> 228, 1802, 1833
1210 <-> 1210, 1223
1211 <-> 1567, 1569, 1843
136 <-> 147, 16, 104, 80
1213 <-> 1112
1214 <-> 271, 1555
1218 <-> 1330, 1608
1220 <-> 1673
1221 <-> 114, 837, 1140
155 <-> 104, 20, 102, 180, 52, 154
1225 <-> 299, 386, 722, 1093
1227 <-> 28, 831, 1227
1228 <-> 770, 801, 1101, 1594
132 <-> 109
1229 <-> 1703
1230 <-> 868, 1397
1244 <-> 1435
1245 <-> 554, 735, 1617
1246 <-> 1175, 1899
1247 <-> 1337, 1739, 1954
1249 <-> 1249
1251 <-> 1074, 1251, 1641
1253 <-> 730, 1579
1254 <-> 1449, 1452, 1896
1255 <-> 1984
1256 <-> 1257
1581 <-> 218, 1453, 1099, 1879
1258 <-> 1706
1259 <-> 166, 1668
1260 <-> 1436
1269 <-> 498
1270 <-> 1584, 1640, 1721
1272 <-> 1333, 1801
111 <-> 56, 115, 93
1273 <-> 1522
1276 <-> 733, 743
1277 <-> 466, 7487, 1277
105 <-> 33, 118
1281 <-> 1869, 1987
1282 <-> 1274
1285 <-> 701, 1379, 1596
1286 <-> 49, 1286, 1511
1287 <-> 577, 1882
1289 <-> 1027
1292 <-> 552, 1548
1295 <-> 553
1301 <-> 303, 380, 643, 722, 902, 946, 1278
1303 <-> 480
1306 <-> 1628
1313 <-> 760
1314 <-> 1862
1315 <-> 1507, 1675
1321 <-> 1533, 1727
1323 <-> 65, 16194, 1980, 1384, 478
1355 <-> 433, 1575
1359 <-> 1703
1361 <-> 579, 834, 31777
1363 <-> 48
51 <-> 174, 1, 119, 101, 52
1364 <-> 1413, 1999
1365 <-> 1006, 1047, 1410, 15865
1378 <-> 650, 1913
1380 <-> 1441, 1527, 1855
1382 <-> 1613
1385 <-> 198, 1775
1386 <-> 176, 1217, 1224, 1061
23 <-> 178
1390 <-> 67, 1583
1394 <-> 655, 669
1395 <-> 450, 1419
1396 <-> 472, 660, 1921
1398 <-> 693, 706
1399 <-> 1482
1400 <-> 564, 1518, 1828
1408 <-> 1927, 1556, 1214, 586, 794, 1918
1406 <-> 827, 1191, 1948
1404 <-> 1051
1407 <-> 1407, 1698, 1913
1410 <-> 1310, 1365
1416 <-> 1674
1417 <-> 57, 99, 1486
1419 <-> 40, 843, 1154, 1395
37 <-> 161, 31, 24, 175, 7, 94
1422 <-> 1958
1424 <-> 426
1425 <-> 730, 1113, 1590
1428 <-> 603, 798
1430 <-> 715
1434 <-> 520, 1755
1439 <-> 704, 707, 1222, 1862
1443 <-> 1753
1445 <-> 767
1448 <-> 357, 1089
1451 <-> 1039, 1484
1455 <-> 243, 1183, 1454
1456 <-> 614
972 <-> 972
1460 <-> 1914
1462 <-> 300, 588, 665, 1298
1464 <-> 790
1465 <-> 419, 1672
1467 <-> 535, 1950
1470 <-> 1092
1471 <-> 819, 987
1472 <-> 1472
1474 <-> 622, 1830
1477 <-> 1002, 1248, 1867
1479 <-> 1479
1483 <-> 1197, 1438, 1922
1484 <-> 63, 1451
1485 <-> 690, 1892
1488 <-> 934
1490 <-> 1038, 1669, 1670
1493 <-> 21, 1731
1494 <-> 1769
1495 <-> 1329, 1679
1496 <-> 1694
1499 <-> 446
131 <-> 199, 189, 30, 140, 146, 143, 170, 186
68 <-> 145
61 <-> 143, 38, 163
1512 <-> 713
1514 <-> 814, 1514
65 <-> 130
1517 <-> 548, 1211
1520 <-> 265, 1608
1521 <-> 821
1523 <-> 14, 1842
1524 <-> 155, 187, 1797
1529 <-> 1166
1530 <-> 1530
1531 <-> 780, 924, 1783
1533 <-> 824, 1321
1537 <-> 850
1538 <-> 1012, 1183
1539 <-> 1374
1542 <-> 941, 1181, 1973
1545 <-> 779, 1369, 1442, 1446
1546 <-> 1334
1547 <-> 1345, 1784, 1878, 1975
1551 <-> 1551
1554 <-> 1057, 1060, 1376, 1864
1560 <-> 1304, 1646
1562 <-> 556, 861, 1466, 1810
1563 <-> 1563
1564 <-> 752
1565 <-> 773, 1976
1566 <-> 631, 1531, 1870
1568 <-> 1793, 1846
1572 <-> 1858
1576 <-> 832
1578 <-> 1606
1579 <-> 231, 1253
1582 <-> 76, 1365, 1704
1588 <-> 1487, 1698
1589 <-> 836, 1418, 1681
1592 <-> 274, 538, 1182
1594 <-> 367, 524, 1228
1607 <-> 1616
1610 <-> 1023, 1835
1611 <-> 1611
1612 <-> 1971
1613 <-> 1308, 1382
1614 <-> 568, 1108
1620 <-> 59, 308, 1858
1621 <-> 1621, 1826
1623 <-> 623, 1843
1624 <-> 1071, 1238, 1725
1625 <-> 591
1630 <-> 47, 1827
1633 <-> 179, 501, 560, 1482
1636 <-> 469, 816, 1635, 1647
1637 <-> 1540, 1976
1641 <-> 564, 1251, 1268
1644 <-> 802, 928, 1819
1648 <-> 549, 901
1652 <-> 1283, 1652, 1662
1654 <-> 708, 1657
1655 <-> 952, 957
1656 <-> 19, 1019
1659 <-> 346, 716, 1768
1661 <-> 843, 1684
1666 <-> 61, 594
1671 <-> 1881, 1960
1673 <-> 1220, 1758
1678 <-> 843
1680 <-> 71, 1901
345 <-> 514
1687 <-> 50, 409, 1622, 1857
1690 <-> 5, 9, 15, 17, 1463, 1910
