0 <-> 950, 1039
1 <-> 317, 904, 923
2 <-> 2
3 <-> 870
4 <-> 361
94 <-> 164
5 <-> 5
6 <-> 305, 842, 1932
7 <-> 438, 1509
8 <-> 985
9 <-> 425
10 <-> 121, 1532
11 <-> 285, 1242, 1753
10 <-> 1907
21 <-> 608, 1493, 1587, 1646
22 <-> 1748, 1774
23 <-> 723, 871
24 <-> 244, 624
25 <-> 25
26 <-> 18, 490, 545, 1123, 1958
28 <-> 832, 1227
29 <-> 142
30 <-> 223, 1317, 1773
31 <-> 283
33 <-> 395, 1772
34 <-> 1170
35 <-> 471, 885, 1119
36 <-> 936, 1831
37 <-> 263, 678, 1356, 1683, 1714
38 <-> 1238
40 <-> 804, 1127, 1419
42 <-> 1632, 1788
41 <-> 365, 103
43 <-> 15, 403, 866
44 <-> 497, 503, 1305
45 <-> 130, 881, 1158
46 <-> 46, 744
47 <-> 866, 1391, 1630
48 <-> 48, 1363
48 <-> 1286
50 <-> 1687, 1966
51 <-> 138, 454, 1105
52 <-> 1647
53 <-> 762
96 <-> 19
54 <-> 54
55 <-> 340, 1913
56 <-> 100, 720
161 <-> 24
57 <-> 547, 1417, 1501, 1785
58 <-> 138, 402, 1593
59 <-> 1620, 1915
60 <-> 896, 982
61 <-> 61, 1666
62 <-> 1157
63 <-> 1423, 1484
64 <-> 64, 400
66 <-> 1437
67 <-> 1390, 1535
68 <-> 1597
69 <-> 414
71 <-> 393, 1585, 1680
72 <-> 391, 1863
73 <-> 73, 1571
74 <-> 537, 1861
76 <-> 554, 1582
77 <-> 611
78 <-> 1452, 1706, 1804
79 <-> 86
81 <-> 81, 315
62 <-> 1420, 1865
83 <-> 734, 1794
85 <-> 1161
87 <-> 270, 1024, 1541, 1688, 1903
89 <-> 378
90 <-> 954, 1519
91 <-> 276
92 <-> 342
93 <-> 615, 1667, 1745
94 <-> 747, 973, 1010
962 <-> 1299, 1924
102 <-> 807, 1177
104 <-> 248, 593, 895
105 <-> 113, 1090
106 <-> 410, 1114, 1557
108 <-> 1367
109 <-> 416, 705
156 <-> 153, 10
111 <-> 311, 1895
112 <-> 112, 668, 1720
113 <-> 52, 629, 1786
114 <-> 1221
116 <-> 368, 725, 1889
117 <-> 567, 1502
118 <-> 136, 461, 804
120 <-> 1342, 1826
122 <-> 1421, 1532
123 <-> 843, 1837
124 <-> 124
125 <-> 1679
126 <-> 126
133 <-> 776, 1300
137 <-> 207
139 <-> 680, 708, 1717, 1808
140 <-> 445, 1732
142 <-> 1280, 1787
143 <-> 216, 468, 1180, 1695
144 <-> 532, 996, 1794
148 <-> 101, 751, 793, 1601, 1603
150 <-> 453, 999
151 <-> 115, 205, 496, 535
152 <-> 521, 1037
153 <-> 298, 760, 803, 1664
154 <-> 1888
155 <-> 1524
157 <-> 292
316 <-> 1095
320 <-> 1401
