0 <-> 954, 1039
2 <-> 1
3 <-> 870
171 <-> 155, 45
4 <-> 361
5 <-> 5
8 <-> 985
11 <-> 285, 1242, 1753
10 <-> 1907
22 <-> 1748, 1774
24 <-> 244, 624
9 <-> 78, 72, 6
26 <-> 18, 490, 545, 1123, 1958
27 <-> 27
28 <-> 832, 1227
29 <-> 142
30 <-> 223, 1317, 1773
31 <-> 283
32 <-> 921
33 <-> 395, 1772
34 <-> 1170
105 <-> 108, 184, 81, 50, 180, 91
35 <-> 471, 885, 1119
113 <-> 112, 154
36 <-> 936, 1831
37 <-> 263, 678, 1712, 71
888 <-> 931, 1024
89 <-> 378
93 <-> 615, 1668, 1745
94 <-> 747, 973, 1010
95 <-> 95
100 <-> 56, 1924
101 <-> 148
104 <-> 248, 593, 895
106 <-> 410, 1114, 1557
109 <-> 416, 705
111 <-> 311, 1895
114 <-> 1221
115 <-> 151
116 <-> 368, 725, 1889
137 <-> 87
47 <-> 198
8 <-> 7, 77, 170, 194
127 <-> 1777, 467
136 <-> 118, 1509
137 <-> 207
138 <-> 51, 58, 75
139 <-> 680, 708, 1717, 1808
140 <-> 445, 1732
142 <-> 1280, 1787
143 <-> 216, 468, 1180, 1695
144 <-> 532, 996, 1794
145 <-> 145, 507
147 <-> 1871
148 <-> 101, 751, 793, 1601, 1603
150 <-> 453, 999
151 <-> 57, 205, 496, 535
152 <-> 521, 1037
153 <-> 298, 760, 803, 1664
156 <-> 1138, 1146, 1335
157 <-> 292
319 <-> 906, 1008, 1989
320 <-> 1401
321 <-> 646, 103, 1995
333 <-> 732
335 <-> 35, 8, 7, 2, 470, 4
5 <-> 37, 802, 4, 2, 4, 364
