0 <-> 60, 61, 62, 63, 64, 65, 66, 67
1 <-> 68, 69, 70
2 <-> 71, 72, 73
3 <-> 74, 75
4 <-> 76
5 <-> 77, 78
6 <-> 79
7 <-> 80, 81
8 <-> 82
9 <-> 83, 84
10 <-> 85
11 <-> 86, 87, 88, 89
12 <-> 90, 91, 92, 93
13 <-> 94, 95, 96, 97
14 <-> 98
15 <-> 99, 100, 101, 102, 103, 104, 105, 106
16 <-> 107, 108, 109, 110, 111, 112, 113
17 <-> 114, 115
18 <-> 116
19 <-> 117, 118, 119, 13, 120, 121
20 <-> 122
21 <-> 123, 124, 125
22 <-> 126, 127
23 <-> 128, 129
24 <-> 130
25 <-> 131
26 <-> 132
27 <-> 133, 134
28 <-> 135, 136
29 <-> 137, 138, 139, 140
30 <-> 141, 142, 143
31 <-> 144
32 <-> 145, 146, 147
33 <-> 148, 149
34 <-> 150
35 <-> 151, 152
36 <-> 153, 154, 155
37 <-> 156, 157, 158, 159
38 <-> 160, 161
39 <-> 162, 163
40 <-> 164, 165
41 <-> 166
42 <-> 167, 168, 169
43 <-> 170
44 <-> 171, 172
45 <-> 173, 174, 175
46 <-> 176
47 <-> 177
48 <-> 178, 179, 180
49 <-> 181
50 <-> 182, 183, 184
51 <-> 185, 186
52 <-> 187, 188, 189, 190, 87, 191, 192
53 <-> 193, 194
54 <-> 195, 196
55 <-> 197
56 <-> 198
57 <-> 199, 182, 200, 201, 202, 203, 204
58 <-> 205, 206
59 <-> 207, 208
