160 <-> 1265, 1274, 1660
747 <-> 94, 233, 1332
746 <-> 613, 1094, 1997
1911 <-> 224, 878, 1690
1202 <-> 359
1290 <-> 825
216 <-> 143, 1481, 1897
1114 <-> 106
48 <-> 129
184 <-> 377, 1415, 1642
55 <-> 340, 1913
949 <-> 707
1064 <-> 933
895 <-> 104
173 <-> 137, 72, 140
47 <-> 867, 1391, 1630
1177 <-> 102, 421, 1778, 1791
1221 <-> 114, 837, 1140
758 <-> 509
646 <-> 261, 321
1170 <-> 34, 1987
1935 <-> 322, 785, 1559, 1803
1273 <-> 15224
118 <-> 20, 132
1878 <-> 962, 1161, 1547
930 <-> 188
1861 <-> 74, 630
10 <-> 121, 1532
1102 <-> 159, 177, 1205
899 <-> 587, 1949
1854 <-> 220, 1128, 1139, 1351
1167 <-> 329
1846 <-> 393, 1568, 1598, 1846
92 <-> 342
5 <-> 5
118 <-> 136, 461, 804
1173 <-> 162
1995 <-> 332, 690
915 <-> 111, 852, 1206, 1528
1850 <-> 519
122 <-> 1421, 1532
109 <-> 416, 705
196 <-> 563
972 <-> 1723
989 <-> 192, 489, 1279
203 <-> 318, 1011
688 <-> 1067, 1692
125 <-> 1679
924 <-> 1344, 1531, 1777
227 <-> 274, 966
826 <-> 398, 781, 1548
162 <-> 162, 171, 1173
1787 <-> 142, 1312
988 <-> 1844
1266 <-> 343
148 <-> 101, 751, 793, 1601, 1603
1113 <-> 1425
214 <-> 214, 282, 1166, 1341, 1751
1134 <-> 559, 1298
1178 <-> 1804
815 <-> 669, 715
791 <-> 553, 1344
726 <-> 858
974 <-> 286, 1870
896 <-> 60, 865, 1575, 1756
1896 <-> 1254, 1708
860 <-> 530
1983 <-> 857, 1353, 1983
68 <-> 1597
990 <-> 855, 990
172 <-> 1183
61 <-> 61, 1666
1840 <-> 1722
164 <-> 777, 1147, 1192
792 <-> 1141, 1746, 1757
888 <-> 888
1792 <-> 633
980 <-> 235, 980
802 <-> 1644
709 <-> 521, 1742
328 <-> 207
1053 <-> 455
1017 <-> 1017
803 <-> 153, 806
1169 <-> 917, 1208
1062 <-> 345, 420, 1476
145 <-> 145, 507
827 <-> 275, 720, 827, 1403
1088 <-> 192
1015 <-> 575
1978 <-> 549, 1307
118 <-> 198
752 <-> 200, 505, 627, 1564
846 <-> 846, 1020
1859 <-> 157, 1035
1945 <-> 664, 1945
1836 <-> 127
11135 <-> 431, 1799
30 <-> 223, 1317, 1773
1810 <-> 500, 15682, 1714
169 <-> 740
1872 <-> 533
1863 <-> 72, 1076
212 <-> 601
743 <-> 70, 1276
901 <-> 901, 1648, 1888
1839 <-> 1007
788 <-> 1478
174 <-> 517, 573
186 <-> 459, 493
1804 <-> 78, 1178
681 <-> 456, 854
1857 <-> 1687
1066 <-> 365, 1350
1141 <-> 259, 297, 792, 1575, 1847
1135 <-> 1820
1306 <-> 703
1798 <-> 624
648 <-> 256, 877, 1981
183 <-> 799, 1489
161 <-> 1602, 1936
1071 <-> 1624
35 <-> 4715, 885, 1319
1068 <-> 470
110 <-> 1296, 1837
22 <-> 146, 8
1285 <-> 701, 1379, 1596
1931 <-> 1336
814 <-> 1103, 1514, 1729, 1900
40 <-> 804, 1127, 1419
1855 <-> 1380
1023 <-> 201, 1610
128 <-> 128
1164 <-> 446
1258 <-> 1706
1187 <-> 288
669 <-> 815, 1394, 1522
1125 <-> 1125
1260 <-> 1436
135 <-> 1176
969 <-> 365, 807
830 <-> 717, 889, 1047
1990 <-> 1119
684 <-> 1609
1263 <-> 599
1924 <-> 96, 100
1132 <-> 358, 551, 1212
998 <-> 998
1930 <-> 1670
710 <-> 574
891 <-> 891
886 <-> 511, 1057
1999 <-> 1239, 1364
4875 <-> 657, 1573
880 <-> 1001, 1970
156 <-> 1138, 1146, 1335
31 <-> 283
718 <-> 578
1795 <-> 918
1175 <-> 272, 1246
129 <-> 968
689 <-> 398, 1079
824 <-> 1533
1866 <-> 1331, 1866
1947 <-> 733, 1632
1293 <-> 857
1794 <-> 83, 144, 1724
787 <-> 834, 1277, 1534
1963 <-> 1963
1257 <-> 532
1165 <-> 1181
1976 <-> 872, 1310, 1565, 1637
1247 <-> 1337, 1739, 1954
1072 <-> 783
1895 <-> 111, 1741, 1919
1037 <-> 152, 1919
49 <-> 1286
1789 <-> 327, 863, 1316
780 <-> 576, 587, 1531
43 <-> 15, 403, 866
1971 <-> 635, 1612
777 <-> 164, 462, 879, 1890
1074 <-> 1251
221 <-> 614, 811
1268 <-> 1641
142 <-> 1280, 1787
909 <-> 1587
1997 <-> 376, 746
1229 <-> 1703
75 <-> 138, 714
1845 <-> 293
1979 <-> 465
675 <-> 565, 1805
37 <-> 263, 678, 1356, 1683, 21714
765 <-> 822, 864, 1040
1238 <-> 38, 1624
699 <-> 1966
1044 <-> 289, 1702
1835 <-> 1610
882 <-> 251, 883
841 <-> 825, 927
104 <-> 248, 593, 895
983 <-> 1185
1126 <-> 634, 11387, 1916
1834 <-> 592
1934 <-> 237
181 <-> 367, 1219
724 <-> 302, 1333
734 <-> 83
1 <-> 317, 904, 923
1961 <-> 991, 1386, 1561
785 <-> 279, 1935
1977 <-> 804
657 <-> 522, 875
17 <-> 275
1301 <-> 303, 380, 643, 722, 902, 946, 1278
654 <-> 654
1899 <-> 1246, 1367
1005 <-> 1912
665 <-> 1462
1212 <-> 1036, 1132, 1629, 1953
1283 <-> 940, 1652
1227 <-> 28, 831, 1227
1851 <-> 5573, 1860
82 <-> 1420, 1865
1299 <-> 96, 301, 1356
1233 <-> 565
677 <-> 397, 764
892 <-> 1383
1208 <-> 530, 1156, 1169, 1389
961 <-> 1765, 1824
1274 <-> 160, 1282
858 <-> 726, 1796, 1843
168 <-> 1988
1806 <-> 70, 371
979 <-> 1096, 1526
1975 <-> 1547
842 <-> 6, 1907
1943 <-> 1943
723 <-> 23, 723
1244 <-> 1435
202 <-> 399, 582
71 <-> 393, 1585, 1680
2 <-> 2
1831 <-> 36, 378, 381, 1635
106 <-> 410, 1114, 1557
3610 <-> 675, 898
874 <-> 839, 1028
693 <-> 1398, 1925
70 <-> 173, 527, 743, 1806, 1958
1131 <-> 1093
194 <-> 1974
1801 <-> 1272
813 <-> 1447, 1626
1873 <-> 413
1196 <-> 929, 1691
819 <-> 916, 1471
1052 <-> 336, 1346, 1515
33 <-> 395, 1772
1189 <-> 1079
1856 <-> 926, 950
682 <-> 412
189 <-> 1433
105 <-> 113, 1090
41 <-> 365
779 <-> 838, 869, 1545
679 <-> 355, 1201
844 <-> 1310, 1557
1298 <-> 470, 1134, 1462, 3557
1182 <-> 614, 1592
139 <-> 680, 708, 1717, 1808
1827 <-> 1504, 1630
144 <-> 532, 996, 1794
728 <-> 1597
1104 <-> 1138
179 <-> 27, 58, 12, 145, 100
1909 <-> 392
217 <-> 602
1083 <-> 705
683 <-> 615, 1250
927 <-> 536, 841, 1908
39 <-> 167
1259 <-> 166, 1668
1245 <-> 554, 735, 1617
897 <-> 1091
1991 <-> 446, 1505
85 <-> 1161
157 <-> 1373, 1771, 8159
134 <-> 134, 467
199 <-> 6, 38, 49, 143, 62
89 <-> 378
1010 <-> 94, 759, 951, 1656
959 <-> 1352, 1423
957 <-> 1655
1929 <-> 671
26 <-> 18, 490, 545, 1123, 1958
1149 <-> 634, 1513
47 <-> 174, 87, 156
1982 <-> 625, 784
818 <-> 250, 797
1969 <-> 226, 1770
1838 <-> 335
25 <-> 25
1837 <-> 110, 123
1111 <-> 634
44 <-> 497, 503, 1305
150 <-> 453, 999
674 <-> 870, 1409
883 <-> 661, 882
112 <-> 112, 668, 1720
848 <-> 1949
1084 <-> 241, 1527, 1692
52 <-> 33
790 <-> 1342, 1464
1176 <-> 135, 1163
67 <-> 1390, 1535
4 <-> 361
1120 <-> 1120
884 <-> 1361
180 <-> 588
1255 <-> 1984
229 <-> 9427, 529, 1301
143 <-> 216, 468, 1180, 1695
29 <-> 285
828 <-> 306, 568
877 <-> 648, 1676
1078 <-> 130
1230 <-> 868, 1397
1152 <-> 854, 1437, 1528, 1609, 1764
784 <-> 497, 595, 1343, 1982
140 <-> 445, 1732
1110 <-> 1807
1144 <-> 1402, 1823
955 <-> 978
1852 <-> 1852
666 <-> 487, 696
1240 <-> 327, 1240
1281 <-> 1869, 1987
953 <-> 982, 1586
1951 <-> 1679
91 <-> 276
1133 <-> 596
1973 <-> 750, 1542
1875 <-> 195, 273
907 <-> 1561, 1752
760 <-> 153, 873, 1313, 1864
1051 <-> 576, 633, 1404, 1972
941 <-> 259, 406, 1458, 1542, 1986
1959 <-> 1749
1913 <-> 55, 1378, 1407
1819 <-> 796, 1644
644 <-> 1342
1858 <-> 1572, 1620
1022 <-> 165, 1371
19 <-> 1656
1121 <-> 1890
124 <-> 124
90 <-> 954, 1519
749 <-> 492, 698
851 <-> 745, 1414, 1541
1054 <-> 1054
1797 <-> 480, 564, 1524
1003 <-> 1206, 1339, 1737
209 <-> 357, 766, 853
1833 <-> 1207
1799 <-> 276, 389, 1550, 1815
1016 <-> 359
817 <-> 817
215 <-> 14
1853 <-> 822, 1701
48 <-> 48, 1363
1862 <-> 1000, 1314, 1439, 1718
113 <-> 105, 629, 1786
1821 <-> 119, 852, 973, 1868
1874 <-> 1469
8264 <-> 448
64 <-> 64, 400
2241 <-> 659, 736
1045 <-> 1334, 1985
179 <-> 862, 876, 1633
1174 <-> 364
1046 <-> 1115
65 <-> 1323
51 <-> 138, 454, 1105
177 <-> 638, 1102
993 <-> 993
753 <-> 348, 521, 769, 1638
692 <-> 692
1211 <-> 1517, 1569, 1843
730 <-> 778, 947, 1162, 1253, 1425
54 <-> 54
1162 <-> 730, 1069, 1600
1992 <-> 601, 696
1849 <-> 1226
1223 <-> 1210
1955 <-> 528, 1475
956 <-> 289
944 <-> 229, 1727
865 <-> 417, 896, 1362
1020 <-> 158, 846
1001 <-> 880, 954, 1809
703 <-> 703, 1106
725 <-> 116, 435, 1651
801 <-> 1228
652 <-> 562, 1984
1225 <-> 299, 386, 722, 1093
645 <-> 618
93 <-> 615, 1667, 1745
847 <-> 628, 933
1181 <-> 840, 1165, 1542
222 <-> 542, 963, 1420
650 <-> 1378
1790 <-> 430, 1920
836 <-> 1480, 1589, 1682
1254 <-> 1449, 1452, 1896
717 <-> 830, 1738
193 <-> 193, 1405
766 <-> 209, 707, 798, 1649
173 <-> 34
1267 <-> 478
672 <-> 945
1004 <-> 1876
1907 <-> 20, 453, 842, 1199
664 <-> 1168, 1945
704 <-> 474, 908, 1439
126 <-> 126
99 <-> 1417
769 <-> 243, 753
1059 <-> 330
195 <-> 439, 1193, 1875
905 <-> 258
155 <-> 1524
1942 <-> 428, 1345
721 <-> 350, 1157, 1271, 1716
984 <-> 325
903 <-> 900
1946 <-> 1946
823 <-> 823
1248 <-> 1477, 1699
948 <-> 84
1867 <-> 794, 1477
658 <-> 1713, 1917
1937 <-> 1937
1262 <-> 1262
1882 <-> 566, 977, 1287, 1710
219 <-> 426, 739, 1209
685 <-> 1011
772 <-> 917
182 <-> 1370
1883 <-> 149, 392, 1340
1940 <-> 1466
1889 <-> 116, 280, 448, 1435
188 <-> 367, 686, 930, 1643
928 <-> 322, 1297, 1644
732 <-> 333, 1296
975 <-> 1736
63 <-> 1423, 1484
1893 <-> 232
773 <-> 1565
1277 <-> 466, 787, 1277
176 <-> 455, 457, 712, 1386, 1639
1785 <-> 57, 626, 1769
107 <-> 107
1958 <-> 26, 70, 1422, 1580
934 <-> 926, 1488
694 <-> 564
1818 <-> 1150, 1952
1816 <-> 408, 737
1812 <-> 1923
1964 <-> 1153
894 <-> 1222
1172 <-> 268
1886 <-> 9309
1235 <-> 1235
967 <-> 408, 1605
1869 <-> 458, 762, 1281
735 <-> 482, 1245
797 <-> 818, 1960
1143 <-> 1328
914 <-> 485, 1081
1256 <-> 1256
1807 <-> 267, 1110
667 <-> 433
56 <-> 100, 720
66 <-> 1437
1156 <-> 312, 1208
741 <-> 741
86 <-> 971
42 <-> 1632, 1788
1171 <-> 620
1077 <-> 1077
938 <-> 635, 1478, 1505
1906 <-> 574, 1906
1275 <-> 1722
1249 <-> 1249
1092 <-> 254, 518, 590, 1470
1905 <-> 245
940 <-> 1284
1041 <-> 1041
702 <-> 1401
1190 <-> 400
123 <-> 843, 1837
1137 <-> 1219
968 <-> 129, 1203
763 <-> 231, 1606
1140 <-> 1221, 1591
76 <-> 554, 1582
602 <-> 1014
700 <-> 1682
173 <-> 70, 295
1270 <-> 1584, 1640, 1721
46 <-> 46, 744
1029 <-> 413, 1029, 1885
225 <-> 1374, 1751
1932 <-> 6, 1767, 1844
1843 <-> 858, 1211, 1492, 1623
1957 <-> 599
9 <-> 425
1279 <-> 939, 989
1163 <-> 434, 1176, 1814, 1900
1302 <-> 12382
910 <-> 1388, 1393
1048 <-> 833
1884 <-> 234, 571, 893
1157 <-> 62, 270, 721, 1968
832 <-> 28, 1427, 1576
1030 <-> 287
15 <-> 43, 238, 1552
1203 <-> 388, 968
845 <-> 887, 1180
1879 <-> 1453, 1510
1150 <-> 943, 1818
1183 <-> 172, 1455, 1538, 1910, 1996
1848 <-> 1848
736 <-> 1241, 1331, 1820
1186 <-> 484
24 <-> 244, 624
19712 <-> 1051, 1707
13 <-> 662, 1429
690 <-> 1485, 1995
857 <-> 1293, 1412, 1983
52 <-> 1647
1941 <-> 379
1901 <-> 550, 1680
757 <-> 338
249 <-> 249
706 <-> 706, 1398
1197 <-> 581, 1070, 1483
992 <-> 992, 1921
738 <-> 533
1926 <-> 546, 1009, 1347
1095 <-> 316, 1095
36 <-> 936, 1831
906 <-> 319, 1927
861 <-> 1562
1124 <-> 698
890 <-> 571, 1715
1265 <-> 160, 321, 1204, 1615
1180 <-> 143, 845, 1933
199 <-> 471
1214 <-> 271, 1555
154 <-> 1888
32 <-> 921
1288 <-> 254
937 <-> 304
973 <-> 94, 925, 1821
1043 <-> 381
1828 <-> 1400
1008 <-> 319
1047 <-> 211, 830, 1217, 1365
1898 <-> 1756
742 <-> 1376
755 <-> 537
663 <-> 364, 514
1871 <-> 147, 789
58 <-> 138, 402, 1593
69 <-> 414
849 <-> 849
656 <-> 459
1962 <-> 1519
651 <-> 340
1944 <-> 1699
965 <-> 850
163 <-> 293, 500, 960
9912 <-> 987, 1005, 1138
1061 <-> 1061
1295 <-> 553
1024 <-> 87, 88, 833, 1322
1813 <-> 483, 913, 1813
835 <-> 1019
958 <-> 365
1154 <-> 1419
1832 <-> 435
1192 <-> 164, 642
715 <-> 445, 815, 1231
879 <-> 777
1127 <-> 40, 307, 1697
1055 <-> 1595
1222 <-> 382, 894, 1439
190 <-> 1312, 1351, 1723
1791 <-> 1042, 1177
1109 <-> 284, 3677
29 <-> 418
1100 <-> 367, 639
586 <-> 586
1842 <-> 1523
1160 <-> 986
1159 <-> 1159, 1549, 1747
1965 <-> 435
768 <-> 1723
1089 <-> 1448
775 <-> 270
870 <-> 3, 674
1876 <-> 1004, 1049
687 <-> 323, 687
994 <-> 994
843 <-> 123, 1419, 1661, 1678
821 <-> 1079, 1521, 1712
1800 <-> 1823
1287 <-> 577, 1882
795 <-> 795, 1693
659 <-> 572, 1241
1988 <-> 98, 168, 1988
14 <-> 215, 1155, 1523
211 <-> 1047, 1754
1286 <-> 49, 1286, 1511
218 <-> 1325, 1581
1793 <-> 1568
1784 <-> 310, 1547
1082 <-> 1917
1218 <-> 1330, 1608
53 <-> 762
1116 <-> 342
1253 <-> 731, 1579
812 <-> 489, 582
1166 <-> 214, 1529
1065 <-> 805
16 <-> 1050
1130 <-> 470
1136 <-> 1136
668 <-> 112, 1553
995 <-> 131, 995, 1099
1207 <-> 228, 1802, 1833
942 <-> 1357
205 <-> 151
1215 <-> 1746
95 <-> 95
911 <-> 1713
1027 <-> 1027, 1198, 1289
1012 <-> 1538, 1894
751 <-> 148, 391
929 <-> 1196, 1650
1098 <-> 1098
204 <-> 628, 1351, 1606
713 <-> 1512, 1586
932 <-> 498
153 <-> 298, 760, 803, 1664
1026 <-> 1026
1129 <-> 1615
660 <-> 258, 1396
1938 <-> 397
767 <-> 767, 1445
1220 <-> 1673
1031 <-> 548, 756
1155 <-> 14, 1616
1057 <-> 886, 1122, 1554
1966 <-> 50, 519, 699
97 <-> 463
695 <-> 1427
1118 <-> 1034, 1232, 1760
782 <-> 432, 569, 583
1294 <-> 1097, 1619
1038 <-> 1034, 1490
178 <-> 1802
1993 <-> 550
198 <-> 1385
1080 <-> 1179, 1751
986 <-> 584, 986, 1160
1039 <-> 0, 1451
1922 <-> 1483
719 <-> 1600
197 <-> 1981
1142 <-> 291, 1019
670 <-> 1372
88 <-> 931, 1027
804 <-> 40, 118, 130, 711
1950 <-> 611, 981, 1467, 1733
117 <-> 567, 1502
696 <-> 170, 666, 1992
655 <-> 520, 1394
647 <-> 486
1870 <-> 366, 974, 1566
1107 <-> 1730
151 <-> 115, 205, 496, 535
936 <-> 36, 1577
108 <-> 1367
1269 <-> 498
856 <-> 1686
1018 <-> 528, 1326, 1329
1841 <-> 222
1002 <-> 1239, 1477
1108 <-> 570, 1614
210 <-> 810
166 <-> 166, 508, 523, 825, 1259
1060 <-> 424, 1554
1194 <-> 1194
1892 <-> 1485
1063 <-> 1063
1224 <-> 1386
871 <-> 23, 1543
1825 <-> 437, 1752
1145 <-> 1728
21 <-> 608, 1493, 1587, 1646
1050 <-> 16, 1151
132 <-> 1420, 1498
