0 <-> 756, 328, 757
2 <-> 758
3 <-> 3
4 <-> 759, 760, 698
5 <-> 761, 762
248 <-> 1080, 208, 867, 1081
1030 <-> 170, 1688, 712, 1029
6 <-> 763
7 <-> 764
8 <-> 765, 766
9 <-> 767, 768, 769
10 <-> 770, 771, 284
11 <-> 772, 773
12 <-> 774, 488, 775
13 <-> 32, 776, 777
14 <-> 778
15 <-> 779
16 <-> 780, 781, 782, 783
17 <-> 784, 785
18 <-> 786, 787
19 <-> 788, 789, 790, 791, 716
20 <-> 20
1390 <-> 573, 1388, 1387, 1389, 1529, 449
22 <-> 792, 793, 794
23 <-> 795
23 <-> 796, 88
24 <-> 797
25 <-> 798, 799
26 <-> 800
27 <-> 801, 802, 803
28 <-> 804, 805, 806, 807, 808
30 <-> 810
31 <-> 811, 812
32 <-> 13, 813, 814
33 <-> 815, 816, 817
34 <-> 818, 314, 819
35 <-> 35, 820
36 <-> 306, 821, 822
620 <-> 1288, 363, 1013, 1592, 365, 1591, 1254
37 <-> 823
38 <-> 824, 825, 826
39 <-> 827
1617 <-> 485, 337, 650, 617, 1587
41 <-> 828, 686
42 <-> 829, 830, 831, 832
43 <-> 824, 833, 834
44 <-> 835, 688
171 <-> 173, 0, 29, 72, 173, 178, 1
45 <-> 45, 836
46 <-> 837, 838
47 <-> 47, 839
48 <-> 840
50 <-> 842, 843
51 <-> 844
52 <-> 845
53 <-> 115, 846, 847, 609, 716
54 <-> 848, 849, 850
55 <-> 55, 851
56 <-> 852, 853
57 <-> 854
58 <-> 855, 856, 857
59 <-> 858
60 <-> 859, 860
61 <-> 61, 861
62 <-> 862, 863
63 <-> 864, 865
1570 <-> 1571, 1027, 875, 605, 557, 1569
64 <-> 866
65 <-> 867, 401, 868, 869, 870
66 <-> 871, 404
68 <-> 873, 874
70 <-> 876
71 <-> 877, 878, 879
72 <-> 229, 365, 389
75 <-> 810
76 <-> 76
77 <-> 881, 882, 883
79 <-> 885, 886, 887
80 <-> 80
81 <-> 888
82 <-> 889, 890
83 <-> 891, 675
84 <-> 84, 892, 893
85 <-> 78, 894, 895
86 <-> 896, 897
87 <-> 95, 898, 269
88 <-> 899, 766
89 <-> 89
90 <-> 90
92 <-> 862, 900
93 <-> 249, 901
94 <-> 94, 902
95 <-> 903, 115
96 <-> 904, 905, 906, 907
98 <-> 910
99 <-> 151, 911, 505, 912
100 <-> 913, 914, 601
103 <-> 916, 232, 917, 918, 919
104 <-> 920, 921
105 <-> 922, 923, 924, 925
106 <-> 926
107 <-> 927
108 <-> 476, 928, 929
109 <-> 930, 931, 653
1585 <-> 877, 615, 71, 879, 878
110 <-> 932, 933
111 <-> 111, 934, 935
112 <-> 936, 937, 938
113 <-> 113, 939, 940, 941, 561
114 <-> 942
115 <-> 53, 943
116 <-> 944, 945
117 <-> 946
118 <-> 947, 948, 207, 949, 950
120 <-> 952, 953, 954
121 <-> 955
122 <-> 956
123 <-> 957, 958
124 <-> 959, 960, 961
126 <-> 962, 963
127 <-> 964
128 <-> 965, 966, 967, 968
129 <-> 969
130 <-> 970, 971, 972
131 <-> 973
132 <-> 132, 974
133 <-> 975
134 <-> 100, 976
134 <-> 977, 978, 662
135 <-> 979
136 <-> 980
137 <-> 981
139 <-> 139, 400
141 <-> 986, 987
142 <-> 988, 971, 989
143 <-> 990, 991
145 <-> 993, 241, 994
146 <-> 995
147 <-> 415, 996
148 <-> 997
149 <-> 998
151 <-> 99, 1002, 1003
1064 <-> 1197, 434, 287, 1377, 1198
153 <-> 1005, 1006
154 <-> 1007, 1008, 526
155 <-> 1009, 1010
156 <-> 1011, 1012, 862
158 <-> 1015, 1001
159 <-> 1016, 1017
160 <-> 1018, 589, 1019
161 <-> 1020
163 <-> 1023
164 <-> 1024, 312, 979
165 <-> 1025
828 <-> 734, 300, 166, 1709
1159 <-> 259, 974, 132
167 <-> 1026, 1027
508 <-> 685, 1457, 398, 1322, 1456, 1458
169 <-> 169
173 <-> 1033, 545
4 <-> 189, 93, 92, 73, 62, 15, 60
175 <-> 1036, 1037
177 <-> 1040
179 <-> 1042, 1030, 1043
138 <-> 192, 116, 93, 131, 152, 165, 166
181 <-> 1045
182 <-> 1046
183 <-> 308, 1047
185 <-> 1050, 1051
186 <-> 1052, 1053
187 <-> 1054
189 <-> 987
190 <-> 1056, 190
191 <-> 1057, 1058
194 <-> 194
195 <-> 1062, 860
196 <-> 1063
197 <-> 1064
198 <-> 1065, 1066, 1067
199 <-> 1068
200 <-> 1069
201 <-> 1070
152 <-> 71, 126, 43, 89, 28, 1
202 <-> 202, 1071
204 <-> 204, 1062
205 <-> 1075, 1076
206 <-> 1077
28 <-> 21, 134, 80, 1078, 50, 1079, 130
209 <-> 1082
210 <-> 1083
211 <-> 1084
212 <-> 1085, 282
213 <-> 1086, 490, 1087, 1088
214 <-> 1089, 214
215 <-> 1090, 1091
216 <-> 1092, 1093, 1094
217 <-> 1095, 1096
218 <-> 844
886 <-> 887, 885, 79, 680, 1412
219 <-> 1097
220 <-> 1098, 1099, 492, 555, 1100
222 <-> 1102, 1103
223 <-> 1104, 1105
224 <-> 1106, 548
225 <-> 1107
226 <-> 226
227 <-> 1108
228 <-> 1109, 1110, 1111
229 <-> 72, 1112, 1113
230 <-> 230
231 <-> 1114, 1115
232 <-> 103, 1116
233 <-> 138, 1117, 1118, 1119
234 <-> 1120, 1075, 1121, 1122
235 <-> 1123
236 <-> 1124
237 <-> 106, 1125, 1126, 1127
238 <-> 1128
239 <-> 1129, 989
240 <-> 1130, 304, 1131
241 <-> 145, 1132, 265, 1133
242 <-> 242, 1134
243 <-> 972
244 <-> 872, 1135
245 <-> 1136
246 <-> 1137
247 <-> 1138
248 <-> 867
250 <-> 1079, 1141, 1142, 671
251 <-> 1143, 1101, 1144
253 <-> 281, 1148
255 <-> 815, 1152, 1153, 1154
256 <-> 1155, 700
258 <-> 1156, 1157, 1158
259 <-> 1159
260 <-> 260, 1160
261 <-> 1020, 1161
262 <-> 1162, 1163
263 <-> 478, 1164, 1165
264 <-> 264, 1166
265 <-> 241, 1167
266 <-> 1168
418 <-> 38, 727, 1145, 1362, 825, 826, 1361, 824
571 <-> 390, 1322, 1263, 1323
267 <-> 1169
268 <-> 1170, 1171
269 <-> 1172, 87, 818, 1173
270 <-> 1174, 985
271 <-> 1175, 1176
273 <-> 1181
274 <-> 274
275 <-> 992, 1182
276 <-> 1183, 1184
277 <-> 1185
278 <-> 1060, 1186, 1187
279 <-> 279
280 <-> 1188
281 <-> 529, 253, 1189
282 <-> 778, 212, 282, 1190
283 <-> 1191, 1192
284 <-> 10, 1193
285 <-> 1194, 1195, 415
286 <-> 1196
288 <-> 1199
289 <-> 1200, 1201, 1069
290 <-> 1202, 310
291 <-> 941, 338
292 <-> 1203, 1204, 1205, 1206
293 <-> 1207, 887
294 <-> 988, 1208
295 <-> 1209
296 <-> 296
297 <-> 297, 1210, 1211
298 <-> 1212, 1213, 868
299 <-> 1214
302 <-> 1065
303 <-> 1219
304 <-> 1220, 240, 1221
305 <-> 1222, 1223, 1224
308 <-> 1227, 183
311 <-> 1230, 1231
312 <-> 164, 1232
315 <-> 1233, 316
315 <-> 1234, 315
317 <-> 1235
318 <-> 1236, 424
320 <-> 1237, 1238
322 <-> 1239
323 <-> 1240
325 <-> 1241, 1242
328 <-> 0, 1244, 1245
329 <-> 1246, 1247
330 <-> 1248
331 <-> 1249, 1250
332 <-> 1031
333 <-> 1251
334 <-> 1252, 1253
335 <-> 83, 1254, 523, 1255
336 <-> 1163, 1147, 1256
337 <-> 342, 1257, 650
338 <-> 1258, 291, 1259
339 <-> 1260, 1261, 1169
342 <-> 337, 1264
343 <-> 1265, 1266
344 <-> 1267
345 <-> 946, 1159, 1268
347 <-> 1269, 1270, 1271, 1272, 1273
348 <-> 1274
349 <-> 160, 1275
350 <-> 1276
353 <-> 1279
354 <-> 1280
355 <-> 1281
356 <-> 810
357 <-> 1282, 837
358 <-> 1283, 1284
359 <-> 804, 942
361 <-> 810, 1287
365 <-> 72, 1289, 620
366 <-> 1290, 1291
367 <-> 1292
368 <-> 368
370 <-> 1295, 370
371 <-> 1296, 1297, 1298
373 <-> 1300
374 <-> 1301, 374, 1302
375 <-> 1303, 1184, 1304
376 <-> 1305, 376
377 <-> 377, 1306
379 <-> 379
1647 <-> 1070, 1648, 201, 672
380 <-> 1307, 380, 1308
390 <-> 1322, 1323
391 <-> 778
392 <-> 1324, 1004
393 <-> 1325
394 <-> 1326
395 <-> 395
396 <-> 1327, 1328, 1329
397 <-> 1330, 1331
399 <-> 1332, 1333
400 <-> 139, 1334
401 <-> 65, 66, 1335, 1336
404 <-> 404, 1339, 1340
405 <-> 1341, 405, 1342
407 <-> 1344, 1345
410 <-> 1350, 1351
411 <-> 1352, 1353
412 <-> 1354
413 <-> 1280, 1355
414 <-> 1356, 1565, 1609, 642
643 <-> 1420
644 <-> 1610
645 <-> 1611
646 <-> 1612, 1613
647 <-> 647
648 <-> 1130, 1590
649 <-> 1614, 1615, 1616, 971
650 <-> 337, 1617
651 <-> 1618
652 <-> 1619, 835
653 <-> 109, 1620
654 <-> 1621, 1622
655 <-> 1623, 1624
657 <-> 1626, 1313
658 <-> 1627, 771, 1628
659 <-> 1107
660 <-> 1341
661 <-> 1629
663 <-> 1631, 1632
664 <-> 1633, 866, 1557
665 <-> 1634, 1635
666 <-> 1636, 666, 1637, 1638
667 <-> 1639, 1640, 583, 1641
668 <-> 1642, 1237, 1643
669 <-> 1644
670 <-> 1092, 1645, 1522, 1507
671 <-> 250, 1646, 671
155 <-> 0, 21, 32, 73
673 <-> 1061
674 <-> 1649
677 <-> 1652
752 <-> 1721, 366, 861
754 <-> 1725, 260
