0 <-> 180, 181
1 <-> 182, 183, 184
2 <-> 185
3 <-> 186
4 <-> 4
5 <-> 187, 188, 189
6 <-> 190, 191
7 <-> 192
8 <-> 193
9 <-> 194, 195
10 <-> 196, 197, 198
11 <-> 199, 200, 201
12 <-> 202, 203
13 <-> 204, 205, 206
14 <-> 207, 208, 209
15 <-> 210
16 <-> 211
17 <-> 212, 213
18 <-> 214
19 <-> 215
20 <-> 216, 217, 218, 219
21 <-> 220, 221
22 <-> 222, 223
23 <-> 224, 225
24 <-> 17, 226, 227, 228, 229
25 <-> 25
26 <-> 230, 231
27 <-> 196
28 <-> 232
29 <-> 233
30 <-> 234, 235
31 <-> 236, 237, 1, 238, 239
32 <-> 240, 173
33 <-> 241, 242
34 <-> 243, 244
35 <-> 245, 246
36 <-> 247, 248, 249
37 <-> 250, 251, 252
38 <-> 253, 254, 255, 256
39 <-> 39, 257
40 <-> 258, 259, 260, 261
41 <-> 262, 263
42 <-> 264, 265
43 <-> 266
44 <-> 267, 268
45 <-> 269, 270
46 <-> 232, 271, 272, 273
47 <-> 274, 275
48 <-> 276
49 <-> 166
50 <-> 277, 278, 279
51 <-> 280, 281
52 <-> 282, 283, 284
53 <-> 285, 286
54 <-> 54
55 <-> 287
56 <-> 288, 56, 289
57 <-> 290, 57, 291
58 <-> 292, 293
59 <-> 294, 295, 296
60 <-> 297
61 <-> 61
62 <-> 298
63 <-> 299
64 <-> 300, 301
65 <-> 302
66 <-> 303
67 <-> 289
68 <-> 304
69 <-> 305, 306, 307
70 <-> 308
71 <-> 309, 310
72 <-> 311, 312
73 <-> 313, 314, 73
74 <-> 91, 315
75 <-> 316, 317
76 <-> 318, 319
77 <-> 320, 321
78 <-> 322, 323
79 <-> 324, 325
80 <-> 326, 327, 328
81 <-> 178, 329, 330
82 <-> 331, 332
83 <-> 333
84 <-> 334, 335
85 <-> 2, 336, 337, 338, 19, 339, 340, 27
86 <-> 341
87 <-> 339, 342
88 <-> 343
89 <-> 344, 345, 135
90 <-> 346
91 <-> 347, 348, 349, 255, 350, 271, 351
92 <-> 352
93 <-> 93, 353
94 <-> 94, 354, 355
95 <-> 356, 357, 358
96 <-> 160
97 <-> 359, 360
98 <-> 361
99 <-> 81
100 <-> 362, 363
101 <-> 364, 365
102 <-> 366, 367
103 <-> 368, 369
104 <-> 370
105 <-> 371
106 <-> 372, 373
107 <-> 374
108 <-> 375, 2, 376
109 <-> 377, 378
110 <-> 379
111 <-> 380
112 <-> 381
113 <-> 382, 362
114 <-> 381, 114, 383
115 <-> 275, 384
116 <-> 385
117 <-> 386, 117, 387
118 <-> 388, 389
119 <-> 390
120 <-> 391
121 <-> 392, 393
122 <-> 394
123 <-> 395, 396, 397
124 <-> 398, 399
125 <-> 400, 401, 402
126 <-> 126, 403, 404
127 <-> 395, 405
128 <-> 406, 407
129 <-> 408
130 <-> 334
131 <-> 359, 409, 410, 411
132 <-> 412
133 <-> 413
134 <-> 414, 415
135 <-> 85, 416, 417
136 <-> 418, 419
137 <-> 420, 421, 422
138 <-> 423, 424
139 <-> 425, 426, 427
140 <-> 428
141 <-> 429, 430, 431
142 <-> 432
143 <-> 433, 434
144 <-> 144, 435, 436
145 <-> 437, 266
146 <-> 438, 146
147 <-> 147
148 <-> 341, 439
149 <-> 440, 441
150 <-> 442
151 <-> 443
152 <-> 444
153 <-> 445
154 <-> 446, 447, 171
155 <-> 448
156 <-> 449, 450
157 <-> 451, 452
158 <-> 453, 207
159 <-> 229
160 <-> 454, 412, 45
161 <-> 455
162 <-> 292, 456, 457
163 <-> 458
164 <-> 459, 230
165 <-> 460, 461
166 <-> 462, 463, 49, 464
167 <-> 465, 466
168 <-> 467, 468, 469, 470
169 <-> 471, 472
170 <-> 473, 474, 475
172 <-> 398, 477
173 <-> 478, 32, 479
174 <-> 480, 481
175 <-> 482, 483
176 <-> 484
177 <-> 485, 486
179 <-> 488, 489, 270
