6 <-> 305, 842, 1932
12 <-> 632, 762, 829
13 <-> 170, 571, 696, 859
172 <-> 1183
175 <-> 635
176 <-> 455, 457, 712, 1386, 1639
1869 <-> 458, 762, 1281
1872 <-> 533
1873 <-> 413
1874 <-> 1469
1875 <-> 195, 273
1876 <-> 1004, 1049
1877 <-> 321, 912
1878 <-> 962, 1161, 1547
1879 <-> 1453, 1510
112 <-> 156, 40, 97, 38
1880 <-> 290, 1209
1881 <-> 1671, 1881, 1587, 1902
1882 <-> 566, 977, 1287, 1710
1883 <-> 149, 392, 1340
1884 <-> 234, 571, 893
135 <-> 36
1885 <-> 1029
1886 <-> 1309
1887 <-> 1881
1888 <-> 154, 901
1889 <-> 116, 280, 448, 1435
1893 <-> 232
10 <-> 119, 158, 0, 69
114 <-> 137, 48
1894 <-> 2024
1895 <-> 111, 1741, 1919
1896 <-> 1254, 1708
1898 <-> 1756
139 <-> 94
1899 <-> 1246, 1367
1900 <-> 441, 814, 1163
1901 <-> 550, 1680
1903 <-> 87, 1406
1904 <-> 358
1905 <-> 245
1906 <-> 574, 1906
1907 <-> 20, 453, 842, 1199
1908 <-> 9276, 1722
1922 <-> 1483
109 <-> 143, 9
1923 <-> 1491, 1812
1924 <-> 96, 100
1925 <-> 80, 693, 840
1927 <-> 812, 1555
1928 <-> 370, 1429, 1444
1929 <-> 671
1930 <-> 1670
160 <-> 10
1932 <-> 6, 1767, 1844
1933 <-> 463, 1180
1934 <-> 237
1936 <-> 161, 506
1937 <-> 1937
1938 <-> 397
1939 <-> 1522
1940 <-> 1466
138 <-> 179
1941 <-> 379
72 <-> 126, 151
1943 <-> 1943
1944 <-> 1699
1945 <-> 664, 1945
1946 <-> 1946
1947 <-> 733, 1632
1948 <-> 1403
1949 <-> 249, 848, 899
1950 <-> 611, 981, 1467, 1733
1951 <-> 1679
1952 <-> 1818
1953 <-> 1212
1954 <-> 1247
1955 <-> 528, 1475
1956 <-> 18017
1957 <-> 599
140 <-> 95, 51, 60
1959 <-> 1749
1960 <-> 797, 1671
1961 <-> 991, 1386, 1561
1962 <-> 1519
1963 <-> 1963
1965 <-> 435
77 <-> 132, 150
1966 <-> 50, 519, 699
1967 <-> 1767
1968 <-> 1157
1969 <-> 226, 1770
1970 <-> 880
1970 <-> 635, 1612
1972 <-> 1051, 1706
1974 <-> 194, 833
1975 <-> 1547
1976 <-> 872, 1310, 1565, 1637
1977 <-> 804
1978 <-> 549, 1307
1979 <-> 465
1980 <-> 1384
1981 <-> 197, 648
1982 <-> 625, 784
1983 <-> 857, 1353, 1983
1984 <-> 652, 1254
1986 <-> 941
1987 <-> 1170, 1281
1988 <-> 98, 168, 1988
1989 <-> 319, 671
1990 <-> 11199
1991 <-> 446, 1505
181 <-> 159
1992 <-> 601, 696
1993 <-> 550
1994 <-> 825, 1749
1995 <-> 332, 690
1996 <-> 1183
1997 <-> 376, 746
1998 <-> 414, 829
1999 <-> 1239, 1364
