40 <-> 804, 1127, 1419
10 <-> 121, 1532
143 <-> 216, 468, 1180, 1695
87 <-> 30, 110, 119, 73
708 <-> 139, 1600, 1654
43 <-> 15, 403, 866
677 <-> 397, 764
183 <-> 799, 1489
792 <-> 1141, 1746, 1757
166 <-> 166, 508, 523, 825, 1259
229 <-> 944, 978, 1567
237 <-> 1468, 1934
227 <-> 274, 966
250 <-> 208, 818
165 <-> 1022, 1377
58 <-> 138, 402, 1593
648 <-> 256, 877, 1981
660 <-> 258, 1396
12 <-> 632, 762, 829
144 <-> 532, 996, 1794
24 <-> 244, 624
153 <-> 298, 760, 803, 1664
235 <-> 980, 1694
681 <-> 456, 854
717 <-> 830, 1738
718 <-> 578
48 <-> 48, 1363
200 <-> 752, 783, 1346
13 <-> 662, 1429
198 <-> 1385
174 <-> 517, 573
715 <-> 445, 815, 1231
52 <-> 1647
217 <-> 602
676 <-> 697, 1036
664 <-> 1168, 1945
74 <-> 155, 53, 76, 0, 180
787 <-> 7, 134, 48834, 1277, 1534
30 <-> 223, 1317, 1773
653 <-> 206, 999
671 <-> 1929, 1989
149 <-> 1401, 1883
170 <-> 170, 571, 696, 859
725 <-> 116, 435, 1651
49 <-> 1286
188 <-> 367, 686, 930, 1643
219 <-> 426, 739, 1209
37 <-> 20, 139, 9, 93, 146, 69, 144
210 <-> 810
239 <-> 239, 362
167 <-> 39, 1626
264 <-> 484, 618
202 <-> 399, 582
59 <-> 1620, 1915
780 <-> 576, 587, 1531
35 <-> 471, 885, 1119
689 <-> 398, 1079
659 <-> 572, 1241
4 <-> 361
22 <-> 1748, 1774
658 <-> 1713, 1917
190 <-> 1312, 1351, 1723
2 <-> 2
23 <-> 723, 871
657 <-> 522, 875
665 <-> 1462
186 <-> 185
656 <-> 459
196 <-> 563
29 <-> 285
14 <-> 215, 1110, 1523
56 <-> 127, 90
707 <-> 766, 949, 1439
92 <-> 183
713 <-> 1512, 1586
151 <-> 115, 205, 496, 535
61 <-> 61, 1666
236 <-> 236
247 <-> 1457, 1550
706 <-> 706, 1398
158 <-> 1020
783 <-> 200, 325, 1072
28 <-> 832, 1227
72 <-> 67
233 <-> 436, 747
684 <-> 1609
234 <-> 1884
191 <-> 375
204 <-> 628, 1351, 1606
13 <-> 122
243 <-> 769, 1455
164 <-> 777, 1147, 1192
262 <-> 418, 634
682 <-> 412
31 <-> 283
222 <-> 542, 963, 1420
700 <-> 1682
232 <-> 232, 1893
194 <-> 1974
96 <-> 189, 109
254 <-> 1092, 1288, 1328
701 <-> 1285, 1736
211 <-> 1047, 1754
173 <-> 70, 295
25 <-> 25
245 <-> 1528, 1605, 1905
670 <-> 1372
791 <-> 553, 1344
182 <-> 1370
193 <-> 193, 1405
228 <-> 230, 1207, 1739
724 <-> 302, 1333
32 <-> 921
178 <-> 1802
203 <-> 318, 1012
176 <-> 455, 457, 712, 1386, 1639
51 <-> 138, 454, 1105
652 <-> 562, 1984
258 <-> 660, 905
669 <-> 815, 1394, 1521
667 <-> 433
218 <-> 1325, 1581
197 <-> 1981
259 <-> 287, 941, 1141, 1262
710 <-> 574
207 <-> 137, 328
781 <-> 826, 1700
157 <-> 1373, 1771, 1859
694 <-> 564
777 <-> 164, 462, 879, 1890
145 <-> 145, 507
212 <-> 601
63 <-> 1732
16 <-> 1050
242 <-> 353
177 <-> 638, 1102
6 <-> 305, 842, 1932
85 <-> 163
693 <-> 1398, 1925
261 <-> 261, 425, 526, 646
722 <-> 1225, 1301
42 <-> 1632, 1788
785 <-> 279, 1935
214 <-> 214, 282, 1166, 1341, 1751
695 <-> 1427
661 <-> 883
152 <-> 521, 1037
55 <-> 340, 1913
673 <-> 1760
45 <-> 130, 881, 1158
102 <-> 111
721 <-> 350, 1157, 1271, 1716
114 <-> 132, 141
47 <-> 867, 1391, 1630
241 <-> 1084, 1634
7 <-> 438, 1509
141 <-> 441
44 <-> 497, 503, 1305
683 <-> 615, 1250
705 <-> 108, 1083
248 <-> 104
21 <-> 608, 1493, 1587, 1646
37 <-> 263, 678, 1356, 1683, 1714
187 <-> 1524
654 <-> 654
675 <-> 565, 1805
10 <-> 950, 1039
729 <-> 318
732 <-> 333, 1296
133 <-> 17, 191, 110, 155, 165, 99
3 <-> 870
60 <-> 97
148 <-> 101, 751, 793, 1601, 1603
160 <-> 1265, 1274, 1660
668 <-> 112, 1553
714 <-> 75
782 <-> 432, 569, 583
733 <-> 1276, 5
246 <-> 1327
491 <-> 691
175 <-> 635
162 <-> 162, 171, 1173
257 <-> 360, 581, 1658
161 <-> 1602, 1936
15 <-> 43, 238, 1552
698 <-> 459, 749, 1124
33 <-> 395, 1772
690 <-> 1485, 1995
195 <-> 439, 1193, 1875
26 <-> 18, 490, 545, 1123, 1958
252 <-> 619, 1709
220 <-> 1854
8 <-> 985
226 <-> 226, 1970
790 <-> 1342, 1464
85 <-> 95, 174, 91, 1, 83
181 <-> 367, 1219
679 <-> 355, 1201
46 <-> 46, 744
38 <-> 1238
184 <-> 377, 1415, 1642
192 <-> 990, 1088, 1096, 1891
50 <-> 1687, 1966
142 <-> 1280, 1787
103 <-> 36, 41, 19
716 <-> 1659
56 <-> 100, 720
711 <-> 811
649 <-> 904
655 <-> 520, 1394
154 <-> 1888
168 <-> 1988
728 <-> 1597
201 <-> 201, 1023
179 <-> 862, 876, 1633
260 <-> 919
147 <-> 1871
156 <-> 1138, 1146, 1335
730 <-> 778, 947, 1162, 1253, 1425
685 <-> 1011
688 <-> 1067, 1692
