1 <-> 317, 904, 923
9 <-> 425
11 <-> 285, 1242, 1753
26 <-> 18, 490, 545, 1123, 1958
29 <-> 285
30 <-> 223, 1317, 1773
33 <-> 395, 1772
35 <-> 471, 885, 1119
36 <-> 936, 1831
37 <-> 263, 678, 1356, 1683, 1714
40 <-> 804, 1127, 1419
42 <-> 632, 1788
43 <-> 15, 403, 866
45 <-> 130, 881, 1158
51 <-> 138, 454, 1105
52 <-> 1647
55 <-> 340, 1913
57 <-> 547, 1417, 1501, 1785
59 <-> 1620, 1915
61 <-> 61, 1666
62 <-> 1257
68 <-> 1597
69 <-> 414
174 <-> 179, 28
70 <-> 173, 527, 743, 1806, 1958
71 <-> 393, 1585, 679
72 <-> 391, 1863
74 <-> 537, 1861
75 <-> 138, 714
76 <-> 554, 1582
78 <-> 1452, 1706, 1804
79 <-> 1618
81 <-> 81, 315
82 <-> 1420, 1865
84 <-> 84, 343, 948
86 <-> 971
87 <-> 270, 1024, 1541, 1688, 1903
89 <-> 378
90 <-> 954, 1519
91 <-> 276
93 <-> 615, 1667, 1745
94 <-> 747, 973, 1010
1423 <-> 1484, 63, 1988, 168
96 <-> 1299, 1924
97 <-> 463
99 <-> 1417
101 <-> 148
102 <-> 808, 8352
106 <-> 410, 1114, 1557
107 <-> 107
109 <-> 416, 705
111 <-> 311, 1895
112 <-> 112, 668, 1720
113 <-> 105, 629, 1786
114 <-> 1221
115 <-> 151
1170 <-> 60, 1281, 982, 896, 1987
116 <-> 340, 725, 1889
117 <-> 567, 1502
118 <-> 136, 461, 804
119 <-> 915, 1821
120 <-> 1342, 1826
122 <-> 1421, 1532
123 <-> 843, 1837
125 <-> 1679
127 <-> 1777, 1836
128 <-> 128
108 <-> 23
131 <-> 995
133 <-> 776, 2343
135 <-> 1900, 176
136 <-> 118, 1509
336 <-> 365, 1052, 41
139 <-> 680, 708, 1717, 1808
140 <-> 445, 1732
141 <-> 441
142 <-> 1280, 1787
143 <-> 216, 468, 1180, 1695
144 <-> 5832, 996, 1794
146 <-> 1546
147 <-> 1871
149 <-> 1401, 1883
150 <-> 4853, 999
151 <-> 115, 205, 496, 535
152 <-> 521, 1037
153 <-> 298, 760, 803, 1664
155 <-> 1524
156 <-> 1138, 1146
157 <-> 1373, 1771, 1859
159 <-> 1102
160 <-> 1265, 1274, 1660
114 <-> 73
161 <-> 1602, 1936
163 <-> 293, 500, 960
164 <-> 777, 1147, 1192
165 <-> 1022, 1377
166 <-> 166, 508, 523, 825, 1259
167 <-> 39, 1626
169 <-> 740
172 <-> 1183
175 <-> 635
176 <-> 455, 457, 712, 1386, 1639
177 <-> 638, 1102
178 <-> 1802
180 <-> 588
181 <-> 367, 1219
92 <-> 377, 1415, 1642
1835 <-> 185
186 <-> 459, 493
188 <-> 367, 686, 930, 1643
189 <-> 1433
190 <-> 1312, 1351, 1723
192 <-> 989, 1088, 1096, 1891
194 <-> 1974
1831 <-> 936, 36, 609, 576, 266
195 <-> 439, 1193, 1875
196 <-> 563
197 <-> 1981
198 <-> 1385
200 <-> 752, 783, 1346
201 <-> 201, 1023
202 <-> 399, 582
204 <-> 628, 1351, 1606
206 <-> 653
207 <-> 137, 328
208 <-> 250
209 <-> 357, 766, 853
211 <-> 1047, 1754
213 <-> 1660
214 <-> 214, 282, 1166, 1341, 1751
218 <-> 1325, 1581
219 <-> 426, 739, 1209
165 <-> 74
220 <-> 1854
221 <-> 614, 811
222 <-> 542, 963, 1420
224 <-> 335, 1911
225 <-> 1374, 1751
226 <-> 226, 1969
227 <-> 274, 966
229 <-> 944, 978, 1567
230 <-> 228, 273, 277, 1252
239 <-> 239, 362
242 <-> 353
243 <-> 769, 1455
247 <-> 1457, 1550
356 <-> 45, 1825, 14351, 881, 1158, 839, 130
248 <-> 104
249 <-> 987, 1041, 1949
251 <-> 130, 484, 882
253 <-> 616
254 <-> 1092, 1288, 1328
255 <-> 1392
256 <-> 18, 648
257 <-> 360, 581, 1658
258 <-> 660, 905
122 <-> 117, 1, 117, 175, 75
259 <-> 287, 941, 1141, 1262
260 <-> 919
261 <-> 261, 425, 526, 646
262 <-> 418, 634
263 <-> 37, 964
268 <-> 515, 1172
269 <-> 458
270 <-> 87, 619, 775, 1157
271 <-> 1238
272 <-> 1175, 1697
274 <-> 227, 274, 1592
275 <-> 17, 615, 827, 1013
276 <-> 91, 313, 328, 3598
278 <-> 513, 1449
279 <-> 785, 996, 1375
20 <-> 951, 1, 338, 402, 1593
59 <-> 1620, 1914
4 <-> 509, 1142, 1376
292 <-> 314, 918, 1025
293 <-> 163, 387, 1845
294 <-> 547
296 <-> 296, 1318
299 <-> 1225
300 <-> 1032, 1462
7302 <-> 391, 724
11 <-> 198
303 <-> 1301, 1599
304 <-> 304, 937
306 <-> 392, 828, 931
307 <-> 1127, 1618
309 <-> 387
310 <-> 1436, 1696, 1784
312 <-> 1156
313 <-> 276, 3989
121 <-> 172, 145
321 <-> 646, 1265, 1877
322 <-> 928, 1935
323 <-> 687
325 <-> 552, 783, 984
326 <-> 512
327 <-> 761, 1240, 1789
329 <-> 1167, 1569
330 <-> 595, 1059
331 <-> 556
338 <-> 338, 757, 1058
339 <-> 1481
344 <-> 384
346 <-> 1318, 1659
732 <-> 333, 17, 275
347 <-> 355
348 <-> 753
349 <-> 1602
350 <-> 721
351 <-> 437
352 <-> 1478
354 <-> 1476
440 <-> 1686
441 <-> 141, 1900
442 <-> 1525
443 <-> 531
445 <-> 140, 715
446 <-> 1164, 1499, 1991
447 <-> 1516
448 <-> 1264, 1889
449 <-> 982
450 <-> 407, 1395
453 <-> 150, 479, 1907
455 <-> 176, 1053
456 <-> 375, 681, 1544
458 <-> 269, 889, 1869
459 <-> 186, 490, 656, 698, 1261
4684 <-> 652, 1255
1985 <-> 1045
1989 <-> 319, 671
1990 <-> 1119
1995 <-> 332, 690
1997 <-> 376, 746
1998 <-> 414, 829
1999 <-> 1239, 1364
