0 <-> 22, 23, 24, 25, 26, 17
1 <-> 27, 28, 29, 30, 31
2 <-> 32, 33, 34, 35, 36
3 <-> 37, 38, 39, 40, 41
4 <-> 42, 43, 44
5 <-> 45, 46, 47, 48, 49, 50
6 <-> 51, 52, 53, 54, 55
7 <-> 56, 57, 44, 58, 59, 60, 31
8 <-> 61, 62, 63, 64, 65, 66
9 <-> 67, 68, 69, 70, 71
10 <-> 72, 73, 54, 74, 75, 76, 44, 77
11 <-> 78, 50, 18, 35
12 <-> 69, 78, 79, 80, 81, 82
13 <-> 83, 84, 85, 86
14 <-> 86, 87, 88, 89
15 <-> 39, 44, 70, 90, 8, 54, 91
16 <-> 92, 93, 15, 94, 17, 95, 96, 97
17 <-> 98, 99, 100, 101, 102, 103
18 <-> 104, 105, 106, 107, 87, 108, 3
19 <-> 109, 69, 110, 111
20 <-> 112, 113, 2, 114, 115, 116, 117
21 <-> 118, 119, 120, 113, 121, 122, 123, 124
