1 <-> 55
2 <-> 56
3 <-> 3
170 <-> 164, 152, 52, 182
4 <-> 57, 58, 59
5 <-> 60, 61
6 <-> 62
7 <-> 63
8 <-> 64, 65
9 <-> 66, 67, 68
10 <-> 69, 70
11 <-> 71, 72, 73
12 <-> 74, 75, 76
13 <-> 77
14 <-> 78
15 <-> 79, 80
16 <-> 81
17 <-> 82
18 <-> 83, 84, 85, 86
19 <-> 87, 88
20 <-> 89, 90
21 <-> 91, 92, 93
22 <-> 94
23 <-> 95
25 <-> 98, 99, 100, 101, 102
155 <-> 24
26 <-> 103
27 <-> 104
28 <-> 7105
29 <-> 106, 107
30 <-> 30, 108
32 <-> 32, 110
33 <-> 111
34 <-> 112
35 <-> 113, 114, 115, 116, 117
36 <-> 118, 119, 14
37 <-> 120
38 <-> 121, 122
39 <-> 123
40 <-> 124, 125, 126
42 <-> 128, 129, 130
44 <-> 133, 134, 135, 136
45 <-> 137, 138
46 <-> 139
47 <-> 140
48 <-> 141, 48, 142
49 <-> 143, 144, 145, 146
50 <-> 147, 148, 149
51 <-> 150
