0 <-> 106, 107
1 <-> 108, 109
2 <-> 110, 111, 112
3 <-> 113
4 <-> 114
5 <-> 115, 116
6 <-> 117, 118
7 <-> 119, 120
8 <-> 121, 122, 123
9 <-> 124
10 <-> 125, 126
11 <-> 127
12 <-> 128, 129, 130
13 <-> 131, 13
14 <-> 132
15 <-> 133
16 <-> 134
17 <-> 135
18 <-> 136, 137
19 <-> 19
20 <-> 138
21 <-> 139
22 <-> 140
23 <-> 141
24 <-> 24, 142
25 <-> 25
26 <-> 143
27 <-> 144, 145
28 <-> 146, 147, 148, 149
29 <-> 150
30 <-> 151, 152
31 <-> 153, 31
32 <-> 154
33 <-> 155, 156, 157
34 <-> 158
35 <-> 159
36 <-> 160, 161
37 <-> 114, 56, 75, 162, 82, 40, 1
38 <-> 163, 164, 165, 166
39 <-> 167, 168, 169
40 <-> 40, 170
41 <-> 171
42 <-> 172, 173, 42
43 <-> 174
44 <-> 175
45 <-> 176
46 <-> 177
47 <-> 178, 179
48 <-> 180, 181
49 <-> 182
50 <-> 183
51 <-> 184
52 <-> 185
53 <-> 186, 187, 188
54 <-> 189, 190, 191
55 <-> 192, 193
56 <-> 194, 195
57 <-> 196, 197, 198, 199
58 <-> 200, 201
59 <-> 202
60 <-> 203, 204
61 <-> 205
62 <-> 206, 207, 208
63 <-> 209, 210
64 <-> 211, 212, 213
65 <-> 214
66 <-> 215
44 <-> 216
67 <-> 217
68 <-> 218, 219
69 <-> 220
70 <-> 221, 222
71 <-> 223, 224, 225, 226, 227, 228
72 <-> 229
73 <-> 230, 231, 232, 233
37 <-> 234
74 <-> 235
75 <-> 236, 237
76 <-> 238
77 <-> 239
78 <-> 240, 241, 242, 243
79 <-> 244
80 <-> 245, 246, 247
81 <-> 248
82 <-> 249
83 <-> 250
84 <-> 251
85 <-> 252
86 <-> 253, 254
87 <-> 255
88 <-> 256, 257
89 <-> 258, 259
90 <-> 260
91 <-> 261, 262
92 <-> 263
93 <-> 264, 265
94 <-> 266
95 <-> 267, 268
96 <-> 269, 270
97 <-> 271, 272
98 <-> 273
99 <-> 274
100 <-> 275, 276
101 <-> 277
102 <-> 278, 279
103 <-> 280, 281
53 <-> 282, 283
104 <-> 284, 285
105 <-> 286, 287
