0 <-> 85, 86
1 <-> 87, 88, 89
2 <-> 2
3 <-> 90
4 <-> 91
5 <-> 5
6 <-> 92, 93, 94
7 <-> 95, 96
8 <-> 97
9 <-> 98
10 <-> 99
11 <-> 100, 101, 102
12 <-> 103
13 <-> 104, 105, 106, 107
14 <-> 108, 109
15 <-> 110, 111
16 <-> 112
17 <-> 113, 114, 115
18 <-> 116, 117
19 <-> 118, 119, 120, 121, 122, 123, 124, 125
20 <-> 126
21 <-> 127, 128, 129, 130, 131
22 <-> 132, 133
23 <-> 100
24 <-> 134, 135, 136, 137, 138, 139, 140, 141
25 <-> 142, 143, 144
26 <-> 145
27 <-> 146, 147
28 <-> 148
29 <-> 149, 150, 151
30 <-> 152, 153
31 <-> 154, 155, 156, 157, 158
32 <-> 159, 160, 161
33 <-> 162
34 <-> 163, 164
35 <-> 165, 166, 167
36 <-> 168, 169, 170
37 <-> 171, 172, 173
38 <-> 38, 174
39 <-> 175
40 <-> 167, 176, 177
41 <-> 178
42 <-> 179, 180
43 <-> 181
44 <-> 182
45 <-> 45
46 <-> 183, 184
47 <-> 185, 186
48 <-> 187, 188, 189, 190
49 <-> 191, 192, 193, 194
50 <-> 195, 196, 197
51 <-> 198, 199
52 <-> 200, 201
53 <-> 53, 202
54 <-> 203
55 <-> 204, 205
56 <-> 56, 206
57 <-> 207
58 <-> 208
59 <-> 209, 210
60 <-> 211
61 <-> 212
62 <-> 213, 214, 215, 216, 217
63 <-> 218
64 <-> 219, 220
65 <-> 195, 221
66 <-> 222
67 <-> 223, 224, 225
68 <-> 226, 227
69 <-> 228
70 <-> 229, 230
71 <-> 231, 232
72 <-> 233, 234
73 <-> 235, 236
74 <-> 237
75 <-> 238, 239, 240
76 <-> 241
77 <-> 242, 243, 244
78 <-> 245, 246
79 <-> 247, 248
80 <-> 249, 250
81 <-> 251
82 <-> 252, 253, 254
83 <-> 142
84 <-> 255, 256
