3 <-> 870
6 <-> 305, 842, 1932
7 <-> 4
383 <-> 568
384 <-> 345, 578
385 <-> 1752
154 <-> 38
387 <-> 293, 309
390 <-> 606, 1631
392 <-> 306, 429, 1883, 1909
394 <-> 394, 585
403 <-> 43
404 <-> 509
405 <-> 1343, 1491, 1915
406 <-> 941
407 <-> 450, 534
408 <-> 967, 1816
409 <-> 1687
410 <-> 106, 1304
411 <-> 1351
412 <-> 485, 682
413 <-> 1029, 1873
414 <-> 69, 1998
415 <-> 1559
416 <-> 109, 1757
417 <-> 865, 1461
9941 <-> 231, 1465
420 <-> 1062, 1574
421 <-> 1177, 1920
422 <-> 533, 1435
423 <-> 540
424 <-> 1060, 1570
426 <-> 229, 1414
427 <-> 643
428 <-> 481, 1705, 1942
429 <-> 392, 1324
430 <-> 1653, 1790
431 <-> 1815
432 <-> 782
433 <-> 667, 1355
434 <-> 2163, 1500
435 <-> 725, 1595, 1832, 1965
436 <-> 233
437 <-> 351, 1825
439 <-> 195
440 <-> 1686
121 <-> 10
122 <-> 1421, 1532
123 <-> 843, 1837
124 <-> 124
125 <-> 1679
126 <-> 126
127 <-> 1777, 1836
129 <-> 968
130 <-> 45, 251, 804, 1078
131 <-> 995
132 <-> 1420, 1498
133 <-> 776, 1300
134 <-> 134, 467
59 <-> 180
135 <-> 1176
137 <-> 206
138 <-> 51, 58, 75
140 <-> 445, 1732
61 <-> 21, 105
141 <-> 441
142 <-> 1280, 1787
542 <-> 74
30 <-> 99, 41, 108, 4, 160
712 <-> 176
149 <-> 83
89 <-> 13, 156, 112, 94
713 <-> 1512, 1586
719 <-> 1600
50 <-> 39
720 <-> 56, 827
722 <-> 1225, 1301
725 <-> 116, 435, 1651
726 <-> 858
727 <-> 308, 557
729 <-> 318
17 <-> 27, 174
730 <-> 778, 947, 1162, 1253, 1425
731 <-> 869
732 <-> 333, 1296
736 <-> 1241, 1331, 1820
29 <-> 97, 169, 6, 21, 54, 150, 2
738 <-> 533
37 <-> 96, 164, 168, 42
98 <-> 152
739 <-> 219
742 <-> 1376
101 <-> 6, 110
743 <-> 70, 1276
744 <-> 46
745 <-> 851
746 <-> 613, 1094, 1997
93 <-> 57
749 <-> 492, 698
751 <-> 148, 391
752 <-> 200, 505, 627, 1564
753 <-> 348, 521, 769, 1638
755 <-> 537
757 <-> 338
759 <-> 1010
761 <-> 327
762 <-> 12, 53, 267, 1869
199 <-> 48
60 <-> 40
764 <-> 677, 1117
765 <-> 822, 864, 1040
766 <-> 209, 707, 279, 1935
87 <-> 175, 1, 11, 40, 83, 18, 181, 81
786 <-> 1603
16 <-> 159, 88, 44, 139, 146
787 <-> 834, 1277, 1534
31 <-> 102
790 <-> 1342, 1464
168 <-> 14
791 <-> 553, 1344
197 <-> 1, 117, 164, 73
794 <-> 1408
