1199 <-> 1907
260 <-> 919
6 <-> 1323
1148 <-> 380, 621
808 <-> 241, 288, 1084, 1187, 1634
1349 <-> 1646
1029 <-> 413, 1029, 18895
950 <-> 1, 30, 265, 1470, 1520
408 <-> 967, 1816
1257 <-> 532
750 <-> 1973
364 <-> 595, 663, 1091, 1174
248 <-> 104
387 <-> 293, 309
994 <-> 994
594 <-> 1666
94 <-> 747, 973, 1010
613 <-> 505, 599, 600, 746
1120 <-> 1120
303 <-> 1301, 1599
1091 <-> 364, 897
1083 <-> 241, 1527, 1692
424 <-> 1060, 1570
98 <-> 1988
152 <-> 521, 1037
742 <-> 1376
280 <-> 1889
601 <-> 222, 1992
998 <-> 998
44 <-> 497, 503, 1305
969 <-> 365, 807
253 <-> 616
135 <-> 1176
962 <-> 1878
1225 <-> 296, 299, 346, 1318
116 <-> 368, 725, 1889
1112 <-> 1112, 1213, 1426, 1761
1465 <-> 419, 1672
267 <-> 762, 1807
1157 <-> 62, 270, 721, 1968
730 <-> 778, 947, 1162, 1253, 1425
589 <-> 589
1496 <-> 1694
28 <-> 802, 1227
658 <-> 137, 207, 522, 875
1466 <-> 1562, 1940
1119 <-> 35, 1990
453 <-> 150, 479, 1907
430 <-> 1653, 1790
1132 <-> 358, 551, 1212
1056 <-> 1237
592 <-> 592, 1834
1246 <-> 1175, 1899
301 <-> 1299
197 <-> 2, 125
810 <-> 210, 1758, 1824
22 <-> 1748, 1774
71 <-> 142, 393, 829
803 <-> 153, 806
47 <-> 867, 991, 1677, 1938
895 <-> 104, 248, 593, 1080, 1179
412 <-> 485, 682
1031 <-> 548, 756
1233 <-> 565
703 <-> 703, 8106
748 <-> 748
362 <-> 239, 1766
225 <-> 1374, 1751
162 <-> 162, 171, 1173
1255 <-> 1984
240 <-> 396
590 <-> 590, 1092
1450 <-> 1605
769 <-> 243, 753
437 <-> 351, 1825
1275 <-> 1722
368 <-> 116, 583, 1206
1950 <-> 981, 1494, 1769
1980 <-> 478, 669, 815, 1384, 1394, 1521
1161 <-> 85, 1878
1322 <-> 1024
16 <-> 5, 91, 3470
114 <-> 1221
833 <-> 1024, 1048, 1974
146 <-> 10, 51, 116, 198
1251 <-> 1074, 1251, 1641
177 <-> 10, 42, 107, 117
429 <-> 392, 1324
285 <-> 11, 29
603 <-> 575, 14283, 1914
656 <-> 459
438 <-> 7
1213 <-> 18, 256, 648, 1112
1347 <-> 1926
1111 <-> 634
346 <-> 1318, 1659
179 <-> 862, 876, 1633
5 <-> 371
1100 <-> 639, 3671
363 <-> 363
1005 <-> 1912
7 <-> 70, 1788, 2632
1000 <-> 1862
783 <-> 200, 325, 1072
1081 <-> 914
1434 <-> 520, 1755
856 <-> 1686
1155 <-> 14, 1616
915 <-> 139, 519, 708, 1600, 1654, 1821
60 <-> 896, 982
943 <-> 2256, 1150, 1818, 1854
744 <-> 46
199 <-> 471
3 <-> 315, 4381
753 <-> 348, 521, 769, 1638
1297 <-> 928
607 <-> 236
1169 <-> 917, 1208
444 <-> 916
226 <-> 226, 1969
1555 <-> 586, 1707, 11051
1252 <-> 230, 1252, 1406
52 <-> 1647
786 <-> 1603
1315 <-> 1507, 1675
1443 <-> 1753
197 <-> 1981
1063 <-> 1063
1994 <-> 825, 1749
1296 <-> 110, 732
133 <-> 18, 114, 194
1355 <-> 433, 1575
87 <-> 270, 1024, 1541, 1688, 1903
974 <-> 286, 1870
952 <-> 1461, 1655
243 <-> 53, 1455
761 <-> 104, 327, 562, 593
1485 <-> 690, 1892
1037 <-> 152, 1919
1044 <-> 289, 1702
1380 <-> 1441, 1527, 1855
1458 <-> 616, 941
1018 <-> 528, 1326, 1329
623 <-> 1486, 1623
1023 <-> 201, 1610
651 <-> 340
6 <-> 305, 842, 1932
44 <-> 1, 62, 68, 69, 90, 109, 139, 190
400 <-> 64, 1190
1300 <-> 133
661 <-> 883
130 <-> 45, 251, 804, 1078
1021 <-> 1021
16 <-> 147, 145, 49, 199
977 <-> 1882
193 <-> 193, 1405
189 <-> 2, 4, 38
359 <-> 359, 1016, 1202
278 <-> 513, 1449
320 <-> 1401
7979 <-> 838, 869, 1545
308 <-> 727, 1620
797 <-> 818, 1960
812 <-> 489, 582
273 <-> 230, 1875
422 <-> 533, 1435
1301 <-> 933, 1064, 1278, 1468
1545 <-> 779, 1369, 1442, 1446
19 <-> 1656
1484 <-> 63, 1451
727 <-> 308, 557
374 <-> 1632
55 <-> 340, 1913
1356 <-> 37, 540, 1299
1229 <-> 1703
1517 <-> 548, 1211
196 <-> 563
690 <-> 979, 1096, 1485, 1526, 1995
658 <-> 1713, 1917
251 <-> 130, 484, 882
361 <-> 4, 1333
59 <-> 1620, 1915
155 <-> 16
141 <-> 441
999 <-> 150, 653
1483 <-> 1197, 1438, 1922
772 <-> 917
1274 <-> 160, 1282
1270 <-> 1584, 1640, 1721
1511 <-> 1286
1 <-> 317, 904, 923
1019 <-> 835, 1142
1268 <-> 1641
1383 <-> 892, 1916
1073 <-> 388, 611
23 <-> 871, 7023
33 <-> 395, 1772
180 <-> 588
717 <-> 158, 830, 846, 1020, 1738
149 <-> 1401, 1883
705 <-> 109, 1083
1365 <-> 1006, 1047, 1410, 15865
1141 <-> 259, 297, 792, 1575, 1847
1231 <-> 357, 1302
685 <-> 1011
334 <-> 365
170 <-> 170, 571, 696, 859
168 <-> 1988
259 <-> 287, 941, 1141, 1262
986 <-> 584, 986, 1160
1082 <-> 1917
957 <-> 1655
8889 <-> 1869, 1987
404 <-> 509
37 <-> 263, 678, 1356, 1683, 1714
73 <-> 73, 1571
782 <-> 432, 569, 583
989 <-> 319, 671
1464 <-> 790
1311 <-> 1423
420 <-> 1062, 1574
858 <-> 726, 1796, 1843
61 <-> 61, 1666
700 <-> 1682
811 <-> 221, 711
279 <-> 785, 996, 1375
448 <-> 1246, 1889
455 <-> 28, 176, 457, 712, 831, 1227, 1386, 1639
1162 <-> 730, 1069, 1600
855 <-> 990
257 <-> 360, 581, 1658
9672 <-> 408, 1605
737 <-> 1816
606 <-> 390, 1745
1550 <-> 247, 1799
1510 <-> 1510, 1879
792 <-> 1141, 1746, 1757
1319 <-> 804
415 <-> 1559
134 <-> 134, 467
927 <-> 536, 841, 1908
1177 <-> 102, 421, 1778, 1791
75 <-> 138, 714
725 <-> 116, 435, 1651
924 <-> 388, 968, 1203, 1344, 1531, 1777
1049 <-> 1049, 1876
86 <-> 971
111 <-> 311, 1895
56 <-> 100, 977, 1924
1523 <-> 14, 1842
6 <-> 3, 9, 41, 90, 912, 97, 815, 957
1345 <-> 1345, 1547, 1942
1075 <-> 464, 506
1978 <-> 549, 1307
258 <-> 660, 905
1976 <-> 872, 1310, 1565, 1637
631 <-> 1566
1491 <-> 405, 707, 949, 1923
1509 <-> 7, 136, 1291
1256 <-> 1256
1294 <-> 1619, 2194
1209 <-> 219, 1880
214 <-> 214, 282, 1166, 1341, 1751
1258 <-> 1706
1482 <-> 1399, 1633
1493 <-> 21, 1731
419 <-> 231, 310, 1093, 1131, 1260, 1435, 1465
731 <-> 869
1175 <-> 272, 1246
1193 <-> 195, 1195
1358 <-> 1358
944 <-> 229, 1727
337 <-> 401
144 <-> 532, 996, 1794
1140 <-> 1221, 1591
1107 <-> 1730
431 <-> 1815
84 <-> 847, 9138
1207 <-> 228, 1802, 1833
802 <-> 1644
326 <-> 512
1522 <-> 669, 1273, 1939
1191 <-> 1403
1025 <-> 292, 454, 804, 1200
828 <-> 306, 568
1285 <-> 701, 1379, 1596
1500 <-> 938, 1991
807 <-> 102, 807, 969
818 <-> 250, 797
113 <-> 105, 629, 1786
1480 <-> 529
1125 <-> 1125
1 <-> 22, 78, 123, 175
704 <-> 474, 908, 1439
652 <-> 562, 1984
832 <-> 28, 1427, 1576
1429 <-> 13, 1429, 1928
605 <-> 1375
1310 <-> 844, 1410, 1976
1977 <-> 804
283 <-> 31, 1239
1210 <-> 1210, 1223
1497 <-> 598, 904
140 <-> 445, 1732
268 <-> 515, 586
7663 <-> 65, 1619
1007 <-> 1839, 1917
740 <-> 169, 964
35 <-> 471, 885, 1119
1478 <-> 140, 445, 715, 788
1382 <-> 1613
377 <-> 184, 978
1196 <-> 929, 1691
976 <-> 976
1460 <-> 1914
936 <-> 36, 1577
143 <-> 216, 468, 1180, 1695
321 <-> 646, 1265, 1877
117 <-> 567, 1502
1126 <-> 634, 1387, 1916
692 <-> 692
929 <-> 1196, 1650
1457 <-> 247
633 <-> 1051, 1792
151 <-> 115, 205, 382, 496, 535, 1222, 1388
693 <-> 1398, 1925
933 <-> 847, 1064
938 <-> 635, 1478, 1505
984 <-> 325
223 <-> 30, 344, 384, 1317, 1773
1129 <-> 1615
127 <-> 1777, 1836
1532 <-> 10, 122, 1566
294 <-> 547
1476 <-> 354, 1062, 1739
610 <-> 475, 610
34 <-> 133
428 <-> 481, 1705, 1942
429 <-> 417, 865, 896, 1324, 1362
1015 <-> 575
230 <-> 228, 273, 277, 1252
1062 <-> 345, 420, 1476
216 <-> 143, 1481, 1897
128 <-> 128
830 <-> 717, 889, 1047
850 <-> 850, 965, 1537
74 <-> 537, 1861
1138 <-> 156, 578, 1104, 1912
39 <-> 162
1340 <-> 1502, 1883
328 <-> 207, 276
291 <-> 1142, 1376
857 <-> 1293, 1412, 1983
165 <-> 1022, 1377
694 <-> 564
1352 <-> 959
2337 <-> 401, 924, 1344, 1531, 1777
1499 <-> 446
1992 <-> 601, 696
773 <-> 1505
1662 <-> 497, 595, 784, 1033, 1343, 1982
1993 <-> 550
281 <-> 1501
641 <-> 486, 641
832 <-> 6, 1907
34 <-> 1170
1001 <-> 880, 954, 1809
579 <-> 14
640 <-> 1527
381 <-> 477, 1043, 1735, 1831
68 <-> 1597
958 <-> 365, 1121, 1890
137 <-> 207
1071 <-> 1624
1034 <-> 580, 1038, 1118
991 <-> 397, 1961
262 <-> 418, 634
1244 <-> 1435
1215 <-> 1746
1361 <-> 580, 884, 1777
405 <-> 1343, 1491, 1915
1139 <-> 1854
327 <-> 761, 1240, 1789
1291 <-> 15019
643 <-> 427, 529, 1301
1477 <-> 1002, 1248, 1867
266 <-> 576, 609
733 <-> 1276, 1947
1181 <-> 920, 1165, 1542
217 <-> 602
378 <-> 89, 181, 771
6544 <-> 654
174 <-> 517, 573
1478 <-> 352, 788, 938, 1350, 1354
12 <-> 16, 22, 47, 79, 145
54 <-> 54
993 <-> 993
146 <-> 101, 148
795 <-> 795, 1693
630 <-> 616, 1861
961 <-> 1765, 1824
695 <-> 1427
1979 <-> 465
1304 <-> 410, 1560
31 <-> 283
69 <-> 414
762 <-> 12, 53, 267, 1869
119 <-> 915, 1821
980 <-> 124, 235, 1694
264 <-> 484, 618
78 <-> 1618
166 <-> 166, 508, 523, 825, 1259
193 <-> 3, 20, 71, 73, 79, 831, 1227
973 <-> 94, 925, 1821
714 <-> 75
131 <-> 995
845 <-> 887, 1180
1009 <-> 563, 1926
1437 <-> 66, 1152
1245 <-> 554, 735, 1617
591 <-> 1625, 1748
410 <-> 106, 1304
276 <-> 91, 313, 328, 1799
1373 <-> 157, 1345, 1547, 1771, 1784, 1859, 1878, 1975
1012 <-> 1538, 1894
655 <-> 520, 1394
713 <-> 1512, 1586
315 <-> 81, 1360, 1817
1531 <-> 780, 924, 1783
366 <-> 919, 1870
724 <-> 302, 1333
972 <-> 1723
1003 <-> 1206, 1339, 1737
215 <-> 14
11040 <-> 765
324 <-> 324
1525 <-> 442, 1754
343 <-> 84, 10878, 1266
1178 <-> 1804
1086 <-> 1751
720 <-> 56, 827
625 <-> 776, 1536, 1982
1114 <-> 106
259 <-> 287, 975, 1030, 1736
1506 <-> 451, 542
330 <-> 595, 1059
1734 <-> 211, 809, 830, 1047, 1052, 1217, 1365, 1515
805 <-> 805, 1065
1002 <-> 1239, 1477
944 <-> 229, 650, 978, 1378, 1567, 1913
1462 <-> 300, 588, 665, 1298
741 <-> 741
1272 <-> 1333, 1801
1513 <-> 943, 1149
292 <-> 314, 918, 1025
5 <-> 0, 37, 901, 913
1014 <-> 586, 602
864 <-> 510, 765, 922
456 <-> 379, 1462
112 <-> 112, 668, 1720
26 <-> 18, 490, 545, 1123, 1958
869 <-> 53228
254 <-> 1092, 1288, 1328
1006 <-> 499, 1377
648 <-> 256, 877, 1981
32 <-> 921
1145 <-> 1728
1185 <-> 484
1238 <-> 38, 552, 1292, 1548
1022 <-> 165, 1371
1515 <-> 447, 1640
1390 <-> 67, 212, 601, 1535
710 <-> 574
1470 <-> 1092
1428 <-> 603, 798
1314 <-> 1862
376 <-> 372, 1997
10 <-> 64, 1927
97 <-> 463
203 <-> 318, 1011
99 <-> 1417
57 <-> 547, 1417, 1785, 1801
860 <-> 530
1524 <-> 155, 187, 1797
310 <-> 1436, 1696, 1784
50 <-> 1687, 1966
195 <-> 439, 1193, 1875
1159 <-> 66, 1437, 1549, 1747
1108 <-> 570, 1614
1364 <-> 1413, 1999
665 <-> 1462
796 <-> 1819
255 <-> 1392
1099 <-> 386, 995, 1581
110 <-> 1296, 1837
1305 <-> 44, 1682
721 <-> 350, 446, 1157, 1164, 1271, 1499, 1716, 1991
619 <-> 252, 270, 1622
1183 <-> 172, 1455, 1538, 1910, 1996
1147 <-> 164, 900
306 <-> 392, 828, 963
1045 <-> 1334, 1985
80 <-> 290, 1925
1401 <-> 407, 450, 702, 1395
617 <-> 24, 550, 1798
190 <-> 1312, 1351, 1723
953 <-> 982, 1586
249 <-> 987, 1041, 1949
126 <-> 126
62 <-> 100
355 <-> 347, 461, 471, 679
1122 <-> 1053, 1710
1027 <-> 1027, 1198, 1289
452 <-> 452
1180 <-> 143, 845, 1933
817 <-> 817
1444 <-> 1928
367 <-> 181, 188, 367, 1100, 1109, 1594
1463 <-> 1690
1999 <-> 1239, 1364
1551 <-> 1551
1316 <-> 396, 1789
1481 <-> 216, 339, 483
242 <-> 353
1528 <-> 245, 923, 1152, 1674
1207 <-> 228, 230, 681, 854, 1152, 1739
622 <-> 298, 1474
1214 <-> 271, 1555
70 <-> 173, 527, 743, 1806, 1958
1088 <-> 21, 192, 608, 989, 1096, 1824, 1891
416 <-> 109, 1757
683 <-> 615, 1250
1312 <-> 190, 1787
86 <-> 63, 168
423 <-> 540
1535 <-> 67, 926, 1663
342 <-> 92, 1116, 1749
369 <-> 1759
76 <-> 554, 1582
42 <-> 1632, 1788
96 <-> 1299, 1924
968 <-> 129, 1203
1263 <-> 234, 504, 531, 599, 613, 1884, 1957
1335 <-> 156, 373, 602
413 <-> 1029, 1873
335 <-> 234, 335, 971, 1838
718 <-> 578
47 <-> 789, 867, 1311, 1630, 1871
823 <-> 823
1301 <-> 303, 380, 643, 722, 902, 946, 1278
1052 <-> 336, 1346, 1515
78 <-> 1452, 1706, 1804
659 <-> 572, 1214
684 <-> 1609
145 <-> 58, 138, 402, 507, 1593
941 <-> 259, 406, 1458, 1542, 1986
1553 <-> 668, 1449
18 <-> 40, 78, 122, 191
156 <-> 1138, 1146, 1335
1051 <-> 576, 633, 1404, 1972
873 <-> 153, 498, 760, 932, 1313, 1864
421 <-> 1177, 1920
443 <-> 531
1280 <-> 142, 509
1473 <-> 1677
1004 <-> 1876
108 <-> 1367
383 <-> 568
1156 <-> 312, 1208
1247 <-> 1337, 1739, 1954
626 <-> 1785
206 <-> 653
1330 <-> 1214
405 <-> 322, 784, 928, 1343, 1935
989 <-> 192, 489, 1279
766 <-> 209, 707, 798, 1649
1205 <-> 1102
642 <-> 1192
1254 <-> 1449, 1452, 1896
1298 <-> 470, 1134, 1462, 1557
813 <-> 1447, 1626
787 <-> 8334, 1277, 1534
436 <-> 233
738 <-> 533
114 <-> 32, 111, 115, 159, 176
1981 <-> 197, 648
673 <-> 880
177 <-> 638, 1102
219 <-> 426, 739, 1209
1010 <-> 94, 759, 951, 1656
1357 <-> 600, 800, 942
791 <-> 553, 1344
36 <-> 936, 1831
202 <-> 399, 582
764 <-> 177, 638, 677, 997, 1117, 1704, 1829
245 <-> 1528, 1605, 1905
1208 <-> 530, 1156, 1169, 1389
1467 <-> 535, 1950
751 <-> 148, 391
132 <-> 1420, 1498
596 <-> 313, 1133
1026 <-> 1026
666 <-> 487, 696
218 <-> 1325, 1581
9 <-> 425
645 <-> 211, 618, 1047, 1754
868 <-> 497, 1230, 1629
120 <-> 1342, 1826
948 <-> 84
1519 <-> 90, 1032, 1962
780 <-> 576, 587, 1531
1474 <-> 622, 1830
719 <-> 1600
11 <-> 285, 1242, 1753
67 <-> 1395
252 <-> 619, 1709
1492 <-> 1843
943 <-> 332, 482, 735, 1103, 1245, 1995
1134 <-> 559, 1298
154 <-> 1888
1028 <-> 874
1363 <-> 48
764 <-> 1117, 1359, 1703
660 <-> 258, 1396
1486 <-> 623, 1417
163 <-> 293, 500, 960
183 <-> 799, 1489
338 <-> 338, 757, 1058
768 <-> 1723
409 <-> 1687
375 <-> 191, 456
1204 <-> 1265
93 <-> 615, 1667, 1745
1353 <-> 1780, 1983
1105 <-> 51
849 <-> 849
851 <-> 745, 1414, 1541
1376 <-> 28, 674, 832, 870, 1049, 1409, 1454
1197 <-> 581, 1070, 1483
1158 <-> 1034, 1232, 1760
161 <-> 1602, 1936
1385 <-> 198, 1775
1211 <-> 1517, 1569, 1843
1036 <-> 465, 676, 1212
27 <-> 27
1552 <-> 15, 1432, 1552
1068 <-> 470
758 <-> 509
341 <-> 341, 637
344 <-> 384
827 <-> 275, 720, 827, 1403
777 <-> 164, 462, 879, 1890
689 <-> 398, 418, 729, 826, 1435
25 <-> 25
209 <-> 357, 766, 853
167 <-> 39, 1626
188 <-> 367, 686, 930, 1643
1303 <-> 480
647 <-> 486
331 <-> 364, 514
223 <-> 30, 1237
1348 <-> 552
1436 <-> 310, 1260
305 <-> 6, 1442
1594 <-> 770, 801, 1101, 1228, 1374, 1539
707 <-> 766, 949, 1439
139 <-> 680, 708, 1717, 1808
329 <-> 1167, 1569
434 <-> 304, 937, 1163, 1176, 1814, 1900
269 <-> 458
763 <-> 231, 1606
153 <-> 298, 760, 803, 1664
0 <-> 11, 86
1057 <-> 886, 1122, 1554
1542 <-> 941, 1181, 1973
275 <-> 17, 615, 827, 1013
1249 <-> 1249
1336 <-> 951, 1931
1135 <-> 1820
377 <-> 229, 852, 923, 955, 978, 1821
1055 <-> 1547
1284 <-> 514, 1459
1127 <-> 40, 307, 1697
1372 <-> 151, 205, 670
825 <-> 166, 841, 1290, 1994
261 <-> 261, 425, 526, 646
1328 <-> 254, 1143
794 <-> 1408, 1867
824 <-> 1533
1327 <-> 246, 1507
746 <-> 613, 1094, 1997
1479 <-> 1479
1144 <-> 1402, 1823
1109 <-> 284, 1070, 1190, 1714, 1730
105 <-> 151
1386 <-> 176, 959, 1217, 1311
72 <-> 391, 1863
1451 <-> 1039, 1484
1113 <-> 1425
671 <-> 1929, 1989
983 <-> 1185
712 <-> 176, 181, 1137, 1219
1050 <-> 16, 1151
635 <-> 175, 938, 1971
237 <-> 1468, 1934
83 <-> 734, 1794
701 <-> 1285, 1736
716 <-> 1659
1110 <-> 1807
95 <-> 95
1248 <-> 1477, 1699
12 <-> 632, 762, 829
1095 <-> 316, 1095
440 <-> 1686
939 <-> 1279
771 <-> 378, 754
1236 <-> 1236
743 <-> 70, 1276
1238 <-> 38, 1624
668 <-> 112, 1553
47 <-> 867, 1391, 1630
1267 <-> 478
1079 <-> 689, 821, 1189
1309 <-> 1309, 1736, 1886
843 <-> 123, 1419, 1661, 1678
688 <-> 1067, 1692
1225 <-> 149, 386, 722, 1093
88 <-> 931, 1024
1543 <-> 81
370 <-> 1928
238 <-> 15
123 <-> 843, 1837
435 <-> 725, 1595, 1832, 1965
1350 <-> 1066, 1317, 1478
148 <-> 65
698 <-> 459, 749, 1124
1471 <-> 819, 987
676 <-> 697, 1034
1035 <-> 1859
1342 <-> 120, 644, 790
1587 <-> 21, 166, 608, 1259, 1493, 1646, 1668
667 <-> 433
1153 <-> 1153, 9964
774 <-> 522
4 <-> 970
407 <-> 450, 534
620 <-> 1171, 1725
1448 <-> 357, 1089
934 <-> 926, 1488
52853 <-> 940, 1652
752 <-> 200, 505, 627, 1564
37 <-> 132, 263, 964, 1498
863 <-> 1789
274 <-> 227, 274, 1592
125 <-> 1679
148 <-> 101, 751, 793, 1601, 1603
822 <-> 765, 1853
10 <-> 121, 1532
297 <-> 565, 675, 1141, 1805
781 <-> 826, 1700
1490 <-> 1038, 1669, 1670
604 <-> 1693
1334 <-> 164, 777, 1045, 5147, 1192, 1546
736 <-> 1241, 1331, 1438, 1483, 1820
1172 <-> 268
185 <-> 185
1130 <-> 470
1194 <-> 1194
950 <-> 0, 1856
1061 <-> 1695
1212 <-> 1036, 1132, 1629, 1953
426 <-> 219, 1424
1495 <-> 1329, 1679
1370 <-> 94, 182, 233, 747, 1332
848 <-> 1949
24 <-> 244, 624
1046 <-> 1115
1188 <-> 491, 494, 1216, 1711
290 <-> 80, 1744, 1880
1433 <-> 189, 512, 902
1287 <-> 577, 1882
1537 <-> 368, 850, 9723, 1003, 1206
778 <-> 730
1554 <-> 1057, 1060, 1376, 1864
706 <-> 706, 1398
985 <-> 8, 402
319 <-> 906, 1008, 1989
224 <-> 335, 1911
449 <-> 982
820 <-> 556
636 <-> 477
664 <-> 1168, 1945
1042 <-> 1791
945 <-> 566, 672
767 <-> 767, 1445
956 <-> 289
861 <-> 1562
749 <-> 492, 698
1220 <-> 1673
173 <-> 70, 295
588 <-> 41, 365, 1941, 3739
414 <-> 69, 1998
612 <-> 521
104 <-> 9, 77, 107
356 <-> 839, 1432
227 <-> 274, 966
987 <-> 249, 1471, 1912
963 <-> 222, 306
814 <-> 1103, 1514, 1729, 1900
1421 <-> 122, 857, 1293, 1532
847 <-> 628, 933
447 <-> 1516
755 <-> 537
1166 <-> 214, 1529
1351 <-> 190, 204, 411, 1854
30 <-> 103, 141, 178
1230 <-> 868, 1397
1544 <-> 456, 1489
699 <-> 1966
1921 <-> 58, 402, 515, 985, 992, 1691
385 <-> 1752
160 <-> 1265, 1274, 1660
1218 <-> 1330, 1608
186 <-> 459, 493
1540 <-> 1637
814 <-> 163, 332, 960, 1103
556 <-> 15, 43, 331, 403, 866
1277 <-> 466, 787, 1277
231 <-> 419, 763, 1579
90 <-> 954, 1519
1097 <-> 1097, 1294
614 <-> 221, 1182, 1456
333 <-> 732
323 <-> 687
679 <-> 355, 1201
232 <-> 232, 1893
349 <-> 1602
816 <-> 1636
1224 <-> 1386
136 <-> 118, 1509
250 <-> 208, 1321, 1533, 1727
