0 <-> 475, 1839
1 <-> 317, 904, 9023
398 <-> 689, 826, 1435
399 <-> 202
400 <-> 64, 1190
401 <-> 337, 1707
402 <-> 58, 5190, 656, 698, 1261
460 <-> 1696
461 <-> 268, 402
116 <-> 185, 31, 199, 43, 197, 35, 45
516 <-> 516
517 <-> 174, 1665
518 <-> 1092
719 <-> 1850, 1966
520 <-> 655, 1434, 1501
521 <-> 152, 612, 709, 753
522 <-> 657, 774, 1733
65 <-> 13
523 <-> 166
524 <-> 1594
194 <-> 187, 86, 148, 49, 44
525 <-> 1778
526 <-> 261
527 <-> 70
528 <-> 1018, 1955
550 <-> 1901, 624, 546, 1926, 1993
529 <-> 643
530 <-> 860, 1208
531 <-> 443, 599
53 <-> 144, 869, 1257
533 <-> 422, 738, 1872
534 <-> 407
535 <-> 151, 1467
536 <-> 489, 927
537 <-> 74, 755, 1756
538 <-> 1592
539 <-> 1771
34 <-> 90, 170, 68, 61, 56, 121, 11
540 <-> 423, 1356
542 <-> 222, 1506
177 <-> 33, 142, 5, 36, 86, 53
541 <-> 1366, 1504
545 <-> 26
548 <-> 1031, 1517, 1741
549 <-> 1648, 1978
551 <-> 1132
552 <-> 325, 1292, 1348
553 <-> 791, 1295
554 <-> 76, 1245
555 <-> 470
557 <-> 727, 1368
558 <-> 1739
559 <-> 1134
148 <-> 54, 67, 12, 95, 77, 28
560 <-> 1633
561 <-> 577
114 <-> 97, 9, 93, 29, 6
562 <-> 593, 652
563 <-> 196, 1009
564 <-> 694, 1
