0 <-> 216, 217
1 <-> 218, 219, 220
2 <-> 221
3 <-> 222
4 <-> 4
5 <-> 223, 224, 225
6 <-> 226, 227
7 <-> 228
8 <-> 229
9 <-> 230, 231
10 <-> 232, 233, 234
11 <-> 235, 236, 237
12 <-> 238, 239
13 <-> 240, 241, 242
16 <-> 247
17 <-> 248, 249
18 <-> 250
19 <-> 251
22 <-> 258, 259
23 <-> 260, 261
24 <-> 17, 262, 263, 264, 265
25 <-> 25
26 <-> 266, 267
27 <-> 232
28 <-> 268, 107, 269
29 <-> 270
30 <-> 271
31 <-> 272, 273
32 <-> 274, 275, 1, 276, 277
33 <-> 278, 209
143 <-> 40, 114, 16, 34
35 <-> 281, 282
118 <-> 125
36 <-> 283, 284
37 <-> 285, 286, 287
38 <-> 289, 289, 290
39 <-> 291, 292, 293, 294
40 <-> 40, 295
41 <-> 296, 297, 298, 299
42 <-> 300, 301
43 <-> 302, 303
44 <-> 304
45 <-> 268, 305
46 <-> 306, 307
47 <-> 270, 308, 309, 310
48 <-> 311, 312
49 <-> 313
50 <-> 202
51 <-> 314, 315, 316
52 <-> 317, 318
53 <-> 319, 320, 321
54 <-> 322, 323
55 <-> 55
56 <-> 324
57 <-> 325, 57, 326
58 <-> 327, 58, 328
59 <-> 329, 330
60 <-> 331, 332, 333
62 <-> 62
63 <-> 335
64 <-> 336
65 <-> 337, 338
67 <-> 340
68 <-> 341
124 <-> 69, 37
70 <-> 342
71 <-> 343, 344, 345
72 <-> 346
73 <-> 347, 348
75 <-> 351, 352, 75
77 <-> 354, 355
78 <-> 356, 357
135 <-> 113
80 <-> 360, 361
81 <-> 362, 363
82 <-> 364, 365, 366
83 <-> 214, 367, 368
84 <-> 369, 370
85 <-> 371
87 <-> 372, 373
89 <-> 379
90 <-> 377, 380
91 <-> 190
92 <-> 382, 383, 204, 384
93 <-> 385, 386, 140
95 <-> 388, 389, 390, 293, 391, 308, 392
97 <-> 394, 395
98 <-> 98, 396
99 <-> 99, 397, 398
100 <-> 399, 400, 401
101 <-> 196
102 <-> 402, 403
105 <-> 405, 406
108 <-> 410, 411
109 <-> 412
110 <-> 413
111 <-> 414, 415
112 <-> 416
114 <-> 419, 420
115 <-> 421
116 <-> 422
117 <-> 423
119 <-> 423, 119, 425
120 <-> 312, 426
121 <-> 427
123 <-> 430, 431
124 <-> 432
126 <-> 434, 435
127 <-> 436
128 <-> 437, 438, 439
130 <-> 442, 443, 444
131 <-> 131, 445, 446
132 <-> 437, 447
133 <-> 448, 449
134 <-> 450
136 <-> 402, 451, 452, 453
137 <-> 454
139 <-> 456, 457
140 <-> 88, 458, 93
141 <-> 459, 141
142 <-> 140
143 <-> 460
144 <-> 461
145 <-> 462, 463, 464
147 <-> 466
148 <-> 279, 400, 467, 468
149 <-> 469
150 <-> 470, 318
151 <-> 471, 472
152 <-> 473
153 <-> 474, 475
154 <-> 476, 477, 478
155 <-> 479, 480
156 <-> 481, 482, 483
157 <-> 484, 485
159 <-> 488, 489, 490
161 <-> 491, 492
162 <-> 493, 494
163 <-> 495, 496
164 <-> 497
165 <-> 288, 498
166 <-> 499, 166
167 <-> 500, 501
168 <-> 502
170 <-> 498
171 <-> 505, 506
172 <-> 507, 508, 509
173 <-> 510, 511
174 <-> 512
175 <-> 513, 514, 515
176 <-> 516
177 <-> 517, 518, 519
178 <-> 520
179 <-> 521, 522
180 <-> 180, 523, 524
181 <-> 525, 304
182 <-> 526, 182
183 <-> 183
185 <-> 528, 529
186 <-> 530
188 <-> 532
189 <-> 533
190 <-> 534, 535, 207
191 <-> 536
194 <-> 541, 243
197 <-> 543
199 <-> 546
201 <-> 548, 549
202 <-> 550, 551, 50, 552
203 <-> 553, 554
204 <-> 556, 556, 557, 92
205 <-> 558, 559
206 <-> 560, 561, 562
208 <-> 440, 564
211 <-> 569, 570
212 <-> 571
213 <-> 572, 573
214 <-> 230, 574
215 <-> 575, 576, 307
