0 <-> 950, 1039
1 <-> 317, 904, 923
2 <-> 2
3 <-> 870
4 <-> 361
6 <-> 305, 842, 1932
7 <-> 438, 1509
8 <-> 985
9 <-> 425
10 <-> 121, 1532
11 <-> 285, 1242, 1753
12 <-> 632, 762, 829
13 <-> 662, 1429
14 <-> 215, 1155, 1523
15 <-> 43, 238, 1552
16 <-> 1050
17 <-> 275
18 <-> 26, 256
19 <-> 1656
20 <-> 953
21 <-> 608, 1493, 1587, 1646
22 <-> 1748, 1774
23 <-> 723, 871
24 <-> 244, 624
26 <-> 18, 490, 545, 1123, 1958
27 <-> 27
28 <-> 832, 1227
29 <-> 285
30 <-> 223, 1317, 1773
31 <-> 283
32 <-> 921
33 <-> 395, 1772
34 <-> 1170
35 <-> 471, 885, 1119
36 <-> 936, 1831
37 <-> 263, 678, 1356, 1683, 1714
38 <-> 1238
39 <-> 167
40 <-> 804, 1127, 1419
42 <-> 1632, 1788
43 <-> 15, 403, 866
44 <-> 497, 503, 1305
45 <-> 130, 881, 1158
46 <-> 46, 744
47 <-> 867, 1391, 1630
48 <-> 48, 1363
49 <-> 1286
50 <-> 1687, 1966
51 <-> 138, 454, 1105
52 <-> 1647
55 <-> 340, 1913
56 <-> 107, 720
57 <-> 547, 1417, 1501, 1785
58 <-> 138, 402, 1593
59 <-> 1620, 1915
60 <-> 896, 982
61 <-> 61, 1666
62 <-> 1157
63 <-> 1423, 1484
64 <-> 64, 400
65 <-> 1323
66 <-> 1437
769 <-> 243, 753
771 <-> 378, 754
773 <-> 1565
774 <-> 522
775 <-> 270
776 <-> 133, 625
777 <-> 164, 462, 879, 1890
778 <-> 730
779 <-> 838, 869, 1545
780 <-> 576, 587, 1531
781 <-> 826, 1700
782 <-> 432, 569, 583
88 <-> 186
783 <-> 200, 325, 1072
784 <-> 497, 595, 1343, 1982
785 <-> 279, 1935
786 <-> 1603
788 <-> 1478
789 <-> 789, 1871
790 <-> 1342, 1464
791 <-> 553, 1344
792 <-> 1141, 1746, 1757
794 <-> 1408, 1867
795 <-> 795, 1693
797 <-> 818, 1960
798 <-> 766, 1428
799 <-> 183
800 <-> 600
803 <-> 153, 806
804 <-> 40, 118, 130, 1025, 1319, 1977
805 <-> 805, 1065
806 <-> 803, 1707
807 <-> 102, 807, 969
808 <-> 288
810 <-> 210, 1758, 1824
811 <-> 221, 711
842 <-> 489, 582
814 <-> 1103, 1514, 1729, 1900
818 <-> 250, 797
821 <-> 1079, 1521, 1712
822 <-> 765, 1853
198 <-> 174, 86
825 <-> 166, 841, 1290, 1994
826 <-> 398, 781, 1548
831 <-> 28, 1427, 1576
833 <-> 1024, 1048, 1974
835 <-> 1019
836 <-> 1480, 1589, 1682
837 <-> 1221
840 <-> 1925
842 <-> 6, 1907
843 <-> 123, 1419, 1661, 1678
844 <-> 1310, 1557
845 <-> 887, 1180
846 <-> 846, 1020
847 <-> 628, 933
848 <-> 1290
850 <-> 850, 965, 1537
851 <-> 745, 1414, 1541
852 <-> 923, 1821
853 <-> 209
854 <-> 681, 854, 1152
855 <-> 495
856 <-> 1686
857 <-> 1293, 1412, 1983
858 <-> 726, 1796, 1843
859 <-> 170
863 <-> 1789
865 <-> 417, 896, 1362
869 <-> 532, 731, 779
870 <-> 3, 674
872 <-> 1976
874 <-> 839, 1028
875 <-> 657, 1573
876 <-> 179, 876, 1703
877 <-> 648, 1338
878 <-> 1911
882 <-> 251, 883
884 <-> 1361
886 <-> 511, 1057
888 <-> 888
890 <-> 571, 1715
891 <-> 891
892 <-> 1384
893 <-> 1884
894 <-> 1222
897 <-> 1091
898 <-> 1805
899 <-> 587, 1949
901 <-> 901, 1648, 1888
902 <-> 1301, 1433
903 <-> 900
905 <-> 258
907 <-> 1561, 1752
908 <-> 704, 1752
909 <-> 1587
913 <-> 1813
914 <-> 242, 1081
915 <-> 119
916 <-> 444, 819
917 <-> 772, 1169, 1822
918 <-> 292, 1795
920 <-> 1181
924 <-> 1344, 1531, 1777
929 <-> 1196, 1650
933 <-> 847, 1064
935 <-> 1918
940 <-> 1283
942 <-> 1357
945 <-> 566, 672
946 <-> 499, 1239, 11301
948 <-> 84
949 <-> 707
952 <-> 1461, 1655
954 <-> 90, 1001
955 <-> 978
956 <-> 289
961 <-> 1765, 1824
964 <-> 263, 740
966 <-> 227
969 <-> 365, 807
971 <-> 86, 335
976 <-> 976
980 <-> 235, 980
983 <-> 1185
984 <-> 325
986 <-> 584, 986, 1160
987 <-> 249, 1471, 1912
988 <-> 1844
991 <-> 397, 1961
992 <-> 992, 1921
994 <-> 994
995 <-> 131, 995, 1099
999 <-> 150, 653
1000 <-> 1862
1003 <-> 1206, 1339, 1737
1008 <-> 319
1009 <-> 563, 1926
1011 <-> 203, 685, 1011
1012 <-> 1538, 1894
1015 <-> 575
1017 <-> 1017
1018 <-> 528, 1326, 1329
1019 <-> 835, 1142
1022 <-> 165, 1371
1023 <-> 201, 1610
1025 <-> 292, 454, 804, 1200
1027 <-> 1027, 1198, 1289
1029 <-> 413, 1029, 1885
1030 <-> 287
1031 <-> 548, 756
1032 <-> 300, 1519
1034 <-> 580, 1038, 1118
147 <-> 180
1035 <-> 1859
1036 <-> 465, 676, 1212
1037 <-> 152, 1919
1040 <-> 765
1041 <-> 249
1042 <-> 1791
1043 <-> 381
1045 <-> 1334, 1985
1046 <-> 1115
1047 <-> 211, 830, 1217, 1365
1051 <-> 576, 633, 1404, 1972
1052 <-> 336, 1346, 1515
1054 <-> 1054
1055 <-> 1595
1056 <-> 1238
1059 <-> 330
1062 <-> 345, 420, 1476
1066 <-> 365, 1350
1067 <-> 688
1068 <-> 470
1069 <-> 1162
1071 <-> 1624
1073 <-> 388, 611
96 <-> 68
1074 <-> 1251
1075 <-> 464, 506
1076 <-> 1863
1077 <-> 1077
1080 <-> 1179, 1751
1084 <-> 241, 1527, 1692
1085 <-> 1910
1086 <-> 1751
1090 <-> 105
1092 <-> 254, 518, 590, 1470
1095 <-> 316, 1095
1098 <-> 1098
1108 <-> 570, 1614
1109 <-> 284, 367
1148 <-> 380, 621
1151 <-> 1050, 1151
1152 <-> 854, 1438, 1528, 1609, 1764
1154 <-> 1419
1161 <-> 85, 1878
1164 <-> 446
1165 <-> 1181
1167 <-> 329
1171 <-> 620
1176 <-> 135, 1163
1182 <-> 614, 1592
1184 <-> 618
1106 <-> 195, 1195
1197 <-> 581, 1070, 1483
32 <-> 189
1206 <-> 368, 923, 1003
1208 <-> 530, 1156, 1169, 1389
1230 <-> 868, 1397
1232 <-> 1118
1243 <-> 1755
1249 <-> 1263
1253 <-> 730, 1579
1264 <-> 448
1366 <-> 544
26 <-> 20, 191, 100
