0 <-> 169, 170
1 <-> 171, 172
2 <-> 173, 174, 175
3 <-> 176
4 <-> 4
5 <-> 177
6 <-> 6
7 <-> 178
9 <-> 181
10 <-> 182
12 <-> 185, 186, 187
13 <-> 188
14 <-> 189, 190
15 <-> 191, 192, 193
16 <-> 194
17 <-> 195, 196
18 <-> 197
19 <-> 198, 199, 200
20 <-> 201, 202, 203, 204
21 <-> 205, 206
22 <-> 207
23 <-> 208, 23
25 <-> 211
26 <-> 212
27 <-> 213
28 <-> 214
31 <-> 218
32 <-> 243, 344
107 <-> 345
108 <-> 346, 347
110 <-> 348
111 <-> 349
114 <-> 114
115 <-> 353, 11
5116 <-> 116
82 <-> 39, 181
119 <-> 362
120 <-> 363, 364, 365, 366
121 <-> 367
123 <-> 369
124 <-> 370
125 <-> 371, 372
127 <-> 375
129 <-> 377
131 <-> 382
132 <-> 383
133 <-> 384, 385, 386
134 <-> 387
136 <-> 136
137 <-> 389
138 <-> 390
139 <-> 391
140 <-> 392
141 <-> 393
142 <-> 394
143 <-> 395
144 <-> 396, 397
145 <-> 398
146 <-> 399
148 <-> 402, 403
149 <-> 404
151 <-> 407, 408
152 <-> 409
153 <-> 410
154 <-> 411, 412
156 <-> 414, 415
157 <-> 416, 417
158 <-> 418, 419
160 <-> 421
161 <-> 422, 423
162 <-> 424
163 <-> 425, 426
167 <-> 432, 433
168 <-> 434, 435
