26 <-> 447, 871
24 <-> 244, 624
25 <-> 25
26 <-> 18, 490, 545, 1123, 19571, 885, 1119
37 <-> 263, 678, 778, 3537, 17193, 1585, 680
72 <-> 391, 931
194 <-> 72, 154, 11, 97, 158, 175, 99, 107
706 <-> 0, 5, 470, 91
5 <-> 37, 901, 913, 328, 1799
296 <-> 3, 8, 9950, 1039
24 <-> 3
3 <-> 870
0 <-> 950, 36, 900, 61
6 <-> 1, 3, 7, 50, 9, 5, 1532
100 <-> 56, 1924
23 <-> 807, 1177
105 <-> 113, 1090
106 <-> 410, 11
16 <-> 1050
19 <-> 1656
22 <-> 1748, 1774
23 <-> 723, 872
26 <-> 18, 490, 545, 1123, 1958
27 <-> 27
28 <-> 832, 1227
29 <-> 285
30 <-> 223, 1317, 1773
31 <-> 283
33 <-> 395, 1772
34 <-> 1170
36 <-> 936, 1831
37 <-> 263, 678, 1356, 1683, 1714
83 <-> 7, 23
38 <-> 1238
41 <-> 366
43 <-> 15, 403, 866
47 <-> 867, 1391, 1631
48 <-> 48, 1363
49 <-> 1286
50 <-> 1687, 1366
51 <-> 138, 454, 6105
52 <-> 1647
53 <-> 762
54 <-> 54
57 <-> 547, 14117, 1501, 1785
59 <-> 4070, 1915
60 <-> 896, 982
62 <-> 1157
64 <-> 64, 3400
65 <-> 1323
67 <-> 1437
156 <-> 113, 90, 169, 5, 40
67 <-> 1390, 1535
69 <-> 414
70 <-> 173, 527, 743, 1806, 1958
71 <-> 393, 1585, 6080
74 <-> 537, 1861
76 <-> 554, 1582
77 <-> 611
78 <-> 1452, 1706, 1804
79 <-> 21618
81 <-> 81, 3458
271 <-> 1214
274 <-> 227, 274, 1592
275 <-> 1, 1, 97, 615, 827, 1013
276 <-> 91, 313, 128, 1799
278 <-> 513, 1449
20 <-> 951, 1, 338, 402, 1593
59 <-> 1620, 896, 982
62 <-> 11, 904, 923
4 <-> 311
14 <-> 215, 1191, 152
180 <-> 148, 103
315 <-> 3, 238, 1553
17 <-> 2775
18 <-> 26, 2, 720
10 <-> 804, 1127, 1419
3 <-> 365
144 <-> 130, 155
43 <-> 417, 503, 1305
45 <-> 130, 881, 1158
47 <-> 734, 13, 19913
4 <-> 361
6 <-> 32, 1927
3 <-> 438, 1509
8 <-> 985
10 <-> 12, 2, 72, 2712, 1683, 713
39 <-> 167
41 <-> 367
42 <-> 632, 18
7843 <-> 30, 403, 86
45 <-> 13, 881, 4158
46 <-> 43, 74
63 <-> 1423, 1484, 923
4 <-> 509, 1142, 1376
293 <-> 163, 387, 1845
1 <-> 317, 904, 923
6 <-> 305, 842, 1932
11 <-> 285, 1242, 1753
13 <-> 662, 714
14 <-> 215, 1155, 1523
15 <-> 43, 238, 1552
21 <-> 608, 1493, 1587, 1646
8 <-> 73, 90, 68
22 <-> 1748, 887
23 <-> 7238, 8754, 1582
78 <-> 1452, 378
92 <-> 342
93 <-> 615, 1667, 1745
94 <-> 747, 973, 1010
95 <-> 95
96 <-> 1299, 1924
98 <-> 1988
101 <-> 148
102 <-> 807, 1177
104 <-> 248, 593, 895
1994 <-> 825, 1749
1997 <-> 376, 746
1998 <-> 415, 829
22 <-> 542, 963, 1840
225 <-> 1374, 1750
227 <-> 274, 966
228 <-> 230, 1207, 1739
230 <-> 328, 273, 277, 1252
232 <-> 202, 1893
233 <-> 436, 747
234 <-> 1884
235 <-> 980, 1694
236 <-> 236
45 <-> 196, 165
239 <-> 239, 362
240 <-> 396
242 <-> 1, 1786
114 <-> 1221
115 <-> 151
118 <-> 136, 461, 804
119 <-> 915, 1821
22 <-> 1421, 1532
123 <-> 843, 4
447 <-> 8667, 13, 1913
90 <-> 84, 26
56 <-> 10, 749
1998 <-> 4100, 720
137 <-> 18
58 <-> 547, 1417, 15, 746
11998 <-> 414, 829
1999 <-> 1232, 2712
