9879 <-> 2303, 9790, 222
6817 <-> 6817
95 <-> 75, 169, 66, 73
5376 <-> 5376
2622 <-> 4938, 5749, 8180
3398 <-> 4989, 2492
59 <-> 8038
743 <-> 5932
4716 <-> 2113, 9703
827 <-> 6042, 4435, 3227
2017 <-> 92, 9223, 9399
9692 <-> 9348, 9442
2501 <-> 263, 7256, 331
2610 <-> 6371, 2577, 7835
722 <-> 861
3556 <-> 9730, 3558, 283, 4157
5728 <-> 2293, 369
9882 <-> 6782, 935
3176 <-> 3632, 1985, 1793, 6335, 9092
700 <-> 700
5984 <-> 6042
6432 <-> 4417, 3613, 1440
2011 <-> 3735
167 <-> 54
2011 <-> 9998, 2659
9189 <-> 480, 8740
3303 <-> 5474, 5905, 1085
709 <-> 5311, 8520, 9820, 8389, 4730
3094 <-> 2178
4955 <-> 6686
6371 <-> 2610, 3582, 6293
3814 <-> 9773, 4717, 8847
558 <-> 6690, 5359, 61
5570 <-> 5570, 5436
4545 <-> 3581, 4051, 6496
3759 <-> 2624
9351 <-> 7184, 9962, 3971
1519 <-> 4832
2625 <-> 2625
7838 <-> 2063, 8420
9466 <-> 7184, 1782, 2629
9501 <-> 9501, 6775
1319 <-> 5992, 3437
508 <-> 508, 1612
5432 <-> 3252
2064 <-> 8271
2460 <-> 4378, 3568
4026 <-> 8011
9679 <-> 2660
1925 <-> 6883, 1202, 7349, 9781, 9092
6147 <-> 6640, 6044, 9451
9561 <-> 9561, 580
6217 <-> 5756, 8345
7642 <-> 1501
1944 <-> 6754, 236, 3982
8356 <-> 8360
8342 <-> 8769, 4477
2990 <-> 2990, 7070
9285 <-> 9224, 250
4086 <-> 9779
6360 <-> 8560, 410, 2490, 2658, 9810
3824 <-> 3486, 519
1499 <-> 1191
8636 <-> 6015, 8371
1377 <-> 3213
7445 <-> 254
3998 <-> 546, 1633, 9054
3656 <-> 4692, 485, 9978
9849 <-> 9849
344 <-> 5896
7749 <-> 7749
2951 <-> 1132, 5549, 8717
4199 <-> 5983, 6681
4451 <-> 8980, 9827, 1179
6244 <-> 4729
855 <-> 1551, 7945
5983 <-> 4199, 6160, 7309
3470 <-> 7048, 2245
3402 <-> 2108, 5478, 9449
8046 <-> 8046
3537 <-> 2234, 6993
9378 <-> 1783, 5170
2479 <-> 2479, 4458
7624 <-> 8778, 8305, 5918, 398
7662 <-> 9213, 5134
5621 <-> 6461
1051 <-> 1547, 2360, 6185, 6534
1136 <-> 1136, 1621
904 <-> 904
8815 <-> 9768, 3774, 7614, 8959, 8062
5107 <-> 4009, 6575, 6605, 896
5004 <-> 8375
9444 <-> 7373, 9527, 3310
52 <-> 98, 117, 131, 23, 29, 18, 147
1625 <-> 797, 8619, 455
2 <-> 37, 17, 50, 181, 129
3927 <-> 3927, 9764, 3792
5177 <-> 3627, 3271, 8489
7089 <-> 9836
6883 <-> 1925, 1020
7030 <-> 8867, 3859
3452 <-> 5590
7818 <-> 4790, 7968, 4704, 7519, 7324
8775 <-> 8602, 6263
6628 <-> 6297, 8465, 3884
5540 <-> 2599
2261 <-> 772
7997 <-> 9228, 3274
1532 <-> 2898, 6305, 4480
2697 <-> 2697
4780 <-> 8803, 1605
7842 <-> 9817
2873 <-> 2098, 6634, 3953, 3273
6310 <-> 7264
257 <-> 6794
3544 <-> 3544, 7476
333 <-> 7709
9139 <-> 7667, 3910
9139 <-> 4633, 9657, 7119
8401 <-> 4743
3520 <-> 566
9261 <-> 4484
2491 <-> 2491, 9346
4032 <-> 5442, 277
1038 <-> 7482, 5109, 527
8557 <-> 2045, 7269
4732 <-> 5943
133 <-> 154, 32, 8, 35, 182, 163
5144 <-> 887, 5401, 3999
5113 <-> 4808
3523 <-> 7365, 9513
9479 <-> 8862
4367 <-> 7739
2344 <-> 2344, 4307, 5878, 7525, 2878
15447 <-> 1051, 3925, 2847
322 <-> 1989
4096 <-> 8927, 9188
7620 <-> 3772, 7237
135 <-> 13, 120, 59
471 <-> 4460, 2702, 2234
141 <-> 3815, 2878
1562 <-> 8507, 8182
8686 <-> 8533, 5117, 5297
6877 <-> 7730
2409 <-> 885, 6063
2288 <-> 6927
7462 <-> 970, 3976, 4743
6073 <-> 2851
9530 <-> 2063
174 <-> 149, 76
2869 <-> 5802, 5778
9140 <-> 6406, 138
2693 <-> 2693
1716 <-> 9920, 5377
8963 <-> 8803
1899 <-> 1995, 6192
812 <-> 8939, 1095
5697 <-> 4645, 3053
4673 <-> 1698, 3933
298 <-> 7086
6414 <-> 3280
2101 <-> 9514, 5377, 9232
2805 <-> 4203
4879 <-> 189
8480 <-> 567, 5665
7064 <-> 3278, 3555
6126 <-> 9901, 4543
4620 <-> 2779
362 <-> 1618
7072 <-> 277
1812 <-> 9236, 1812
9829 <-> 8601, 4662
6373 <-> 9580, 6358
2542 <-> 2542
7627 <-> 5424, 4477
9760 <-> 4325
9077 <-> 8866
160 <-> 135, 39, 12
8008 <-> 3090, 4605, 671
3506 <-> 8904
6065 <-> 858
9955 <-> 1336
72 <-> 156, 34, 7, 167, 189, 152, 78, 15
4889 <-> 4889, 7025
6810 <-> 8299, 2761, 9808
26 <-> 26, 5424
587 <-> 6572, 5260
6809 <-> 2900
709 <-> 5984, 9139, 7051, 9253, 2460, 5807, 4013
1294 <-> 7058, 2502
8016 <-> 9832
6468 <-> 6481
6388 <-> 6746
5444 <-> 5862, 9059
5654 <-> 3540, 48413, 2095, 5379
5195 <-> 4066, 5195
9588 <-> 4, 3311
9819 <-> 509, 9850, 9165
4918 <-> 9653, 1611
1654 <-> 8011
6391 <-> 5
1062 <-> 2854, 1101, 3429, 3281, 7849
3946 <-> 22741
9735 <-> 2912, 5650
2312 <-> 5427, 6551
3655 <-> 6685, 9624
1521 <-> 3965
611 <-> 611
8227 <-> 6447
9125 <-> 5155, 5264, 4600
4692 <-> 3656, 768, 8764
8483 <-> 4225, 8265
3774 <-> 8815, 3852
8257 <-> 3730, 1048, 4102, 1508
560 <-> 7918, 6572, 3788, 6587
9431 <-> 5303
5234 <-> 9233
359 <-> 5004, 4273, 2834, 2434
2305 <-> 7792
3692 <-> 3950, 527
3151 <-> 2214, 1394, 9012
5401 <-> 5144, 1962, 1766, 2838
9278 <-> 9278, 2183
6128 <-> 6860
124 <-> 1191, 4228
6158 <-> 2431
9069 <-> 8388
2199 <-> 7150
6697 <-> 8560
1783 <-> 9680, 3067
4638 <-> 8423, 8409, 6375, 1143
7134 <-> 800, 2741, 770
7779 <-> 7485, 882, 4783
5606 <-> 5067, 7953
196 <-> 12, 145
5593 <-> 2917, 9070, 5228
4401 <-> 9773, 5033, 8579, 5466
9972 <-> 8924, 7582
5086 <-> 8062
6197 <-> 199, 7033, 1435
5952 <-> 4589
957 <-> 957, 1799
8627 <-> 7730, 3533
81 <-> 28, 45, 196, 54
5521 <-> 2053, 4342
8310 <-> 3691, 8568, 165
8281 <-> 8281, 2672
1766 <-> 5401, 2363
2033 <-> 7198
85 <-> 70, 107, 101, 35, 20
3957 <-> 1222
5542 <-> 2857, 7204
9449 <-> 5312, 3402, 6690, 4905
5813 <-> 2901, 8641
2441 <-> 4835, 7928
1916 <-> 1704, 2297, 265, 4862
51 <-> 94, 194
1726 <-> 394
1451 <-> 1451
8400 <-> 5943, 6562
2515 <-> 1775, 197
1664 <-> 1473
5717 <-> 6358, 7073, 8406
5437 <-> 5437
5286 <-> 4592
5067 <-> 9580, 5606, 7799
9059 <-> 861, 5444, 9059, 7464
2474 <-> 7404, 8940
9399 <-> 2017, 7566
1987 <-> 2561, 9419, 7365
3424 <-> 476
5746 <-> 9747, 8866, 7313
3139 <-> 502
9158 <-> 5382, 5712, 858
8159 <-> 4856, 9082
936 <-> 4508, 528
1266 <-> 2796, 5352, 9676, 3360
9731 <-> 2706, 1179
9908 <-> 7482, 6456
6000 <-> 7660
2169 <-> 2169
6567 <-> 6567, 5439, 6141
6470 <-> 3643, 8274, 2490
4518 <-> 6094
6544 <-> 7605, 5268, 6568
8165 <-> 8403, 7713, 1587
1309 <-> 3090
2899 <-> 358
1394 <-> 4842, 3151, 58
3651 <-> 7552, 4390, 7125
3581 <-> 4545
34 <-> 53, 162, 74, 189, 71, 65, 18
567 <-> 9646, 8480
584 <-> 4066, 7601
9082 <-> 6159, 8399
6515 <-> 2700, 3521
8797 <-> 6510
1969 <-> 6380, 5126
5126 <-> 8095, 1969
7193 <-> 3056
2948 <-> 8965, 7762
2284 <-> 2284
1417 <-> 9757, 829
7164 <-> 7164
4104 <-> 6212
4537 <-> 3621
6400 <-> 882, 7660
9333 <-> 3129, 7880
3587 <-> 3587, 3875, 8375
23 <-> 134, 193, 113
6112 <-> 2305, 5117
9790 <-> 9879, 3686, 583
6250 <-> 8910
1855 <-> 5547, 5857
5364 <-> 1995
7639 <-> 7383
4004 <-> 7029, 1302
2128 <-> 1196, 4191, 2651, 8392
9635 <-> 4342, 4783, 5869
6172 <-> 2723, 627, 7183
4115 <-> 2664, 2035, 1222
1252 <-> 132
2723 <-> 6172, 5864
6865 <-> 522, 6449
9989 <-> 4572
7879 <-> 5590, 4589, 6740
1353 <-> 8743
9528 <-> 4044, 1730, 8243, 1074, 3033
8723 <-> 5744
2800 <-> 8686, 415
5545 <-> 1962
1988 <-> 326, 6240
9674 <-> 8054
7364 <-> 7754
9792 <-> 6453
8575 <-> 7388, 5992
5980 <-> 4141, 6898
1078 <-> 5311, 9836
6032 <-> 2174, 1437
7470 <-> 6686, 1705
3541 <-> 3721, 581
8811 <-> 6860
2206 <-> 2791, 8164
3831 <-> 3583
625 <-> 625
8430 <-> 4069, 4800, 1392
9658 <-> 1932
7137 <-> 8958
1964 <-> 2758, 1964, 9546
261 <-> 217, 197, 960
9968 <-> 7420, 9968
8071 <-> 8071, 4139
7434 <-> 7434
2753 <-> 2753
747 <-> 6574, 6015, 4920
2949 <-> 9405, 3576
232 <-> 2651, 9866, 4737
1839 <-> 6395, 6485
3856 <-> 1811
899 <-> 3051, 6079
9978 <-> 3656, 1545, 8787, 2382
1691 <-> 3036, 1090
8219 <-> 861
3837 <-> 3599, 1989
2523 <-> 6902
9801 <-> 2222
5189 <-> 5189
1177 <-> 7746, 4502, 6477
8174 <-> 4464, 9071
1113 <-> 3728, 1991
410 <-> 6360, 3824, 1087, 9048
592 <-> 3609, 9962, 9449, 7448
4062 <-> 4062
519 <-> 519, 1937, 5876
3255 <-> 6856, 3255, 7593
9429 <-> 8610
7978 <-> 7908, 6614
111 <-> 8378, 8904, 9334, 8163
76 <-> 142
5615 <-> 9873, 161
5108 <-> 5695, 8179
1634 <-> 2597, 7018
208 <-> 7754, 448
5052 <-> 3676
7365 <-> 3523, 1987, 7384, 1840
2522 <-> 1087
5960 <-> 6842, 3448
7948 <-> 8518, 6330, 8851
2642 <-> 4790
8651 <-> 8651
7187 <-> 3817
2223 <-> 4619
7762 <-> 2231, 8418, 9868
67 <-> 26, 122, 108, 174, 99, 175, 38
6593 <-> 9233
1722 <-> 7690
715 <-> 6534
8574 <-> 8647, 5499, 4693
2965 <-> 2965
8211 <-> 6456
4986 <-> 7807
8454 <-> 6686, 4474
8445 <-> 9686
3161 <-> 4521
8073 <-> 4765
52 <-> 51, 26, 191, 84, 115
33 <-> 20, 144, 130, 120, 23
9210 <-> 6286, 1531
4143 <-> 6320, 406
6294 <-> 6294
7687 <-> 6690
3930 <-> 8549, 2878
3638 <-> 6192
2986 <-> 8272, 78, 4662
312 <-> 2878
4236 <-> 719
2445 <-> 8968
6056 <-> 2611
4023 <-> 8913, 7677, 2170, 4964
1103 <-> 220, 1103
2759 <-> 2759
4505 <-> 2098, 2233
6263 <-> 2301, 8775, 4283
2645 <-> 2771
109 <-> 5901, 2198
6434 <-> 6823, 2098
5609 <-> 2595
7630 <-> 7630, 7598, 1973, 433
3137 <-> 7849
4643 <-> 3909
6579 <-> 3555
6018 <-> 6018
6475 <-> 8265
6138 <-> 6138
3722 <-> 2595, 3115, 3272
5840 <-> 5312, 8638, 8607
7875 <-> 3403
143 <-> 112
7618 <-> 9686
7223 <-> 5930, 5731, 9334
7661 <-> 1071
5761 <-> 6423, 7366
664 <-> 664
7373 <-> 9444, 6481, 2378, 960
4120 <-> 938, 5211
3691 <-> 4044, 5001, 8310, 7350, 9860
4335 <-> 7841, 502
5890 <-> 1017
3054 <-> 9782, 9352
8097 <-> 166
3741 <-> 1639, 6872
4976 <-> 2595, 4722
2559 <-> 4469, 8405
3882 <-> 5352
7256 <-> 2501, 5261
4870 <-> 8277, 5452
4413 <-> 6959, 8560, 5654, 8734
1824 <-> 1824, 525, 4993
3429 <-> 1063, 5842, 6746
523 <-> 6101, 9187, 3617, 7291
3285 <-> 1278
5878 <-> 2344, 7890
579 <-> 5365
4227 <-> 2431, 5452
8019 <-> 2572
4500 <-> 1345
5833 <-> 1698
7386 <-> 7813, 3266
6881 <-> 4161, 3740, 4089, 9785
1948 <-> 3982
6185 <-> 1051, 1412, 6394
1738 <-> 6288, 7235, 1074
2815 <-> 3772, 3872
7815 <-> 4014, 2421, 3036, 755, 8716
4902 <-> 5651
9260 <-> 4318
5657 <-> 4767
3736 <-> 5660, 5141, 9947, 8640
9 <-> 119
335 <-> 6358
1264 <-> 1612
1976 <-> 7464
4274 <-> 8423, 6525
7 <-> 110, 116, 60, 160, 63
3572 <-> 3572
7031 <-> 9657
2778 <-> 5626, 6230
9846 <-> 4853, 5419, 7442
7 <-> 6286, 6473
2651 <-> 7578, 222, 232
3256 <-> 3483, 9288, 3595
5452 <-> 358, 4870, 4227, 4763
1773 <-> 5221, 107
8503 <-> 2687, 2087, 1587
9334 <-> 7484, 7223, 1162, 5237
1882 <-> 2735, 2418
1872 <-> 3321, 9890
9957 <-> 2401, 913
7915 <-> 3934
938 <-> 1320, 1940, 4120
3142 <-> 1813, 9306, 9808
17 <-> 9000, 6978, 3958, 9538
4630 <-> 1256, 4536, 1324, 1291
5620 <-> 2028
1571 <-> 666, 3936
2399 <-> 1354, 3206
5555 <-> 8576
9734 <-> 9734
9664 <-> 9664
7772 <-> 1557, 4521
4971 <-> 2617
6586 <-> 23
5351 <-> 1, 3890, 4421
9489 <-> 3576, 9852
1997 <-> 1997
2131 <-> 9879
4702 <-> 5022, 4702, 466
4967 <-> 4741, 4967, 9922
3281 <-> 1062, 5979
3006 <-> 3006
2058 <-> 233
7811 <-> 236
9825 <-> 2270, 4439
1409 <-> 9896
5742 <-> 8803
5332 <-> 4044
1960 <-> 9673
4512 <-> 2840
4257 <-> 57936, 6063, 6374, 3403
6985 <-> 719
1167 <-> 1184
1931 <-> 466
8218 <-> 132
1885 <-> 3709, 5617, 7080
1300 <-> 5774
803 <-> 5736, 7905
4147 <-> 4719
8215 <-> 5117, 4418
6876 <-> 637, 1632
2707 <-> 9609, 8099
4490 <-> 1353, 7424
8743 <-> 3933, 4834
4347 <-> 7351, 9862, 7767
4571 <-> 8131, 4571, 599
3369 <-> 6570, 6960
62 <-> 2, 113, 73, 188
9648 <-> 8913
8968 <-> 926, 7799
3295 <-> 644, 3064
6356 <-> 6389, 1765, 9820
3206 <-> 821
6405 <-> 4889
4024 <-> 2567, 3605, 9808, 7707
2803 <-> 8513, 6366
7833 <-> 4383, 713, 5508
6284 <-> 9609, 8494
5100 <-> 7792, 8581, 7257
2762 <-> 4617, 3390
1695 <-> 1917, 6881
108 <-> 146, 156, 77, 80
7446 <-> 3326
1998 <-> 7220
5904 <-> 9285, 7467, 1816
8889 <-> 5032
8246 <-> 1864, 4325, 9817
6259 <-> 935
4644 <-> 3213, 9100, 4208, 9365
5641 <-> 5997
9288 <-> 8622, 3256
7848 <-> 6581, 8157
9781 <-> 1925, 532
1115 <-> 1563, 826
6588 <-> 3271, 7904, 1022
814 <-> 1999
1675 <-> 9087
3617 <-> 8578
8405 <-> 2559, 3590
9121 <-> 3647, 1222
3694 <-> 8925, 6403, 6361
7392 <-> 177, 4191, 485, 2112
9352 <-> 3054, 6951, 7128
8368 <-> 9404, 4585
570 <-> 6788, 3237
412 <-> 1174
7005 <-> 9493, 7005
1751 <-> 2955, 1399
4100 <-> 522, 1191, 2192, 5168
999 <-> 9850
3134 <-> 8446
6166 <-> 386
4083 <-> 3712, 2796
3727 <-> 581
6796 <-> 9142
1589 <-> 331
1587 <-> 8165, 8503, 1431, 483
1123 <-> 3337, 8180
4294 <-> 3627
8283 <-> 6640, 7220, 7950, 8283
2286 <-> 9860
3517 <-> 9414
65 <-> 109, 60, 64
2392 <-> 8628
6846 <-> 4701, 9743
1146 <-> 1146
6521 <-> 2214, 6361
3461 <-> 3494, 3767, 4223, 5109
7183 <-> 6172, 513
6011 <-> 1414
9321 <-> 7580, 6953
455 <-> 1625, 3970
2138 <-> 1643, 1703
5357 <-> 3488, 5998
287 <-> 4020, 287
9856 <-> 8361, 3576
762 <-> 7734, 9223, 6712
1739 <-> 3965
7406 <-> 6856
8584 <-> 6661
7119 <-> 9139, 2332
4174 <-> 5174, 1271
6188 <-> 2638, 9779, 6366
6019 <-> 9277, 372
9035 <-> 6285, 9035, 3529, 1564
6960 <-> 8582, 586, 3369, 9439
469 <-> 8394, 9757, 5199
8680 <-> 4650
14 <-> 509, 6923, 2840, 23
1143 <-> 4638, 7626, 1143
7544 <-> 137, 9503
6204 <-> 6560
9222 <-> 34
3109 <-> 1196, 262, 161
2993 <-> 4482, 8276
5337 <-> 6137
243 <-> 3266, 4729
5663 <-> 9877, 9451
1405 <-> 5930
5385 <-> 8081
8871 <-> 2900, 8000
2716 <-> 5154, 2373, 5749, 7494
7609 <-> 5747
755 <-> 4244, 7815, 5334
8420 <-> 7838, 2851, 2845
251 <-> 4000, 6026
5399 <-> 5748, 5183
9117 <-> 8530, 1332, 696, 4263, 5027
4185 <-> 7442
6925 <-> 6389, 9253
2585 <-> 1154, 2418
979 <-> 6908, 9442, 5160
5440 <-> 4207
9765 <-> 1714
7680 <-> 795
8180 <-> 2622, 7396, 1123
2274 <-> 4222
7582 <-> 2664, 9972, 1778, 4072
543 <-> 543
8362 <-> 3278
9448 <-> 9232
2545 <-> 6556
1850 <-> 5794
4002 <-> 7913, 8004
7155 <-> 7155
7431 <-> 9852
2722 <-> 2722
8455 <-> 7464
3265 <-> 1531, 5822, 4080, 7207
7993 <-> 5235
3210 <-> 683
1888 <-> 9673
9198 <-> 9994
6046 <-> 6562, 6285
131 <-> 164, 171, 21
9246 <-> 106, 7519, 3319
7658 <-> 8371
2051 <-> 4449
1680 <-> 9850
5892 <-> 6262, 8628, 5810
4544 <-> 4688, 6879
2029 <-> 6574
5463 <-> 5590, 7533
3660 <-> 6947, 1007
4165 <-> 6256, 1074
4954 <-> 6366
4684 <-> 3968, 2706, 8388, 9851
5921 <-> 2533, 5546
9392 <-> 4410
86 <-> 22, 10, 158, 120
6568 <-> 6544, 8114, 6568
1403 <-> 5348
1661 <-> 3376, 6712
3133 <-> 2531, 649, 3133
1588 <-> 1811, 4207
6995 <-> 1085
2 <-> 104, 106, 73, 168, 191, 90, 189, 49
9144 <-> 1278, 6740
8093 <-> 9877
5754 <-> 4508, 9994
5990 <-> 2032, 609
568 <-> 9405, 187
3779 <-> 960
4048 <-> 824, 2453
8677 <-> 1987, 8349
4593 <-> 2017, 847, 1563, 762
7468 <-> 261, 6409, 7373
5582 <-> 8875, 1675
1396 <-> 3562, 4644
5603 <-> 4384, 2206, 4320
2945 <-> 1164, 5747, 8580
3454 <-> 8768, 957
9292 <-> 7956, 359, 5542, 9322
