10 <-> 950, 1040
1 <-> 317, 904, 923
2 <-> 2
3 <-> 870
4 <-> 361
5 <-> 59, 198
6 <-> 305, 842, 1932
7 <-> 4
381 <-> 477, 1043, 1735, 1831
382 <-> 1222, 1388
384 <-> 344, 578
385 <-> 1752
386 <-> 1099, 1225
387 <-> 293, 309
388 <-> 5073, 1203, 1689
389 <-> 1799
390 <-> 606, 1631
391 <-> 72, 302, 751, 1705
392 <-> 306, 429, 1883, 1909
393 <-> 71, 1846
394 <-> 394, 585
395 <-> 33, 395
396 <-> 240, 13115, 985, 1691
403 <-> 43
405 <-> 1343, 1491, 1915
406 <-> 941
407 <-> 450, 534
409 <-> 1687
411 <-> 1351
412 <-> 485, 682
414 <-> 69, 1998
415 <-> 1559
416 <-> 109, 1757
418 <-> 262, 729
419 <-> 231, 1465
179 <-> 194
420 <-> 1062, 1574
423 <-> 540
424 <-> 1060, 1570
425 <-> 9, 261
426 <-> 229, 1414
427 <-> 643
428 <-> 481, 1705, 1942
430 <-> 1653, 1790
431 <-> 1815
432 <-> 782
433 <-> 667, 1355
434 <-> 2163, 1500
435 <-> 725, 1595, 1832, 1965
436 <-> 233
437 <-> 351, 1825
438 <-> 7
439 <-> 195
441 <-> 141, 1900
121 <-> 10
122 <-> 1421, 1532
123 <-> 843, 1837
124 <-> 124
125 <-> 1679
126 <-> 126
127 <-> 1777, 1836
128 <-> 128
37 <-> 35, 190, 199
129 <-> 968
130 <-> 45, 251, 804, 1078
131 <-> 995
132 <-> 1420, 1498
134 <-> 134, 467
135 <-> 1176
136 <-> 118, 1509
137 <-> 207
138 <-> 51, 58, 75
139 <-> 680, 708, 1717, 1808
140 <-> 445, 1732
142 <-> 1280, 1787
143 <-> 216, 468, 11592
539 <-> 1771
541 <-> 1771
542 <-> 222, 1506
543 <-> 543
544 <-> 1366, 1504
52 <-> 174
545 <-> 26
546 <-> 546, 1926
547 <-> 57, 294
548 <-> 1031, 1517, 1741
549 <-> 16048, 1978
54 <-> 196, 66, 38
550 <-> 624, 1901, 1993
552 <-> 368, 782
589 <-> 589
590 <-> 590, 1092
591 <-> 1625, 1748
592 <-> 592, 1834
593 <-> 104, 562, 593
595 <-> 330, 364, 784
184 <-> 191, 181, 24, 65, 16, 18, 1, 69
596 <-> 313, 1133
597 <-> 1776
598 <-> 1497
599 <-> 504, 531, 613, 1263, 1957
601 <-> 212, 1992
602 <-> 217, 1014, 1335
603 <-> 575, 1428, 1914
604 <-> 1693
605 <-> 1375
194 <-> 170, 18, 183
606 <-> 390, 1745
607 <-> 607
608 <-> 21, 1824
47 <-> 98
609 <-> 266
610 <-> 475, 610
152 <-> 42, 178
611 <-> 77, 1073, 1571, 1950
188 <-> 14, 3
613 <-> 505, 599, 600, 746
614 <-> 221, 1182, 1456
615 <-> 93, 275, 683
40 <-> 136, 171, 19, 40
616 <-> 253, 630, 1458
618 <-> 264, 645, 1184
619 <-> 252, 270, 1622
23 <-> 94
620 <-> 1171, 1725
621 <-> 1148
622 <-> 149, 1474
625 <-> 776, 1536, 1982
626 <-> 1785
628 <-> 204, 847
629 <-> 113, 1731
631 <-> 1566
633 <-> 1051, 1792
634 <-> 262, 1111, 1126, 1149
635 <-> 175, 938, 1971
636 <-> 477
637 <-> 341
638 <-> 177, 1704
639 <-> 1100
642 <-> 1192
644 <-> 1342
646 <-> 261, 321
647 <-> 486
648 <-> 256, 877, 1981
649 <-> 904
651 <-> 340
653 <-> 206, 999
655 <-> 520, 1394
656 <-> 459
67 <-> 522, 875
658 <-> 1713, 1917
659 <-> 572, 1241
189 <-> 227, 35
86 <-> 163, 16, 110
660 <-> 258, 1396
661 <-> 883
154 <-> 22
46 <-> 24
662 <-> 13
663 <-> 364, 514
664 <-> 1168, 1945
665 <-> 1462
666 <-> 487, 696
668 <-> 112, 15553, 873, 1313, 1864
761 <-> 327
111 <-> 41, 60
762 <-> 12, 53, 267, 1869
763 <-> 231, 1606
764 <-> 677, 1117
766 <-> 209, 707, 798, 1649
767 <-> 767, 1445
769 <-> 243, 753
771 <-> 378, 754
772 <-> 917
773 <-> 1565
774 <-> 522
775 <-> 270
777 <-> 164, 462, 879, 1890
778 <-> 730
779 <-> 838, 869, 1545
780 <-> 576, 587, 1531
48 <-> 107
781 <-> 826, 1700
783 <-> 200, 325, 1072
785 <-> 279, 1935
786 <-> 1603
787 <-> 834, 1277, 1534
788 <-> 1478
789 <-> 789, 1871
790 <-> 1342, 1464
791 <-> 553, 1344
792 <-> 1141, 1746, 1757
793 <-> 148
794 <-> 1408
