1 <-> 114, 115
3 <-> 119
4 <-> 120
6 <-> 123, 124
7 <-> 125, 126
9 <-> 130
11 <-> 133
12 <-> 134, 135, 136
13 <-> 137, 13
14 <-> 138
15 <-> 139
16 <-> 140
18 <-> 142, 143
20 <-> 144
226 <-> 226
21 <-> 145
22 <-> 146
23 <-> 147
24 <-> 24, 148
26 <-> 149
27 <-> 150, 151
28 <-> 152, 153, 154, 155
29 <-> 156
30 <-> 157, 158
31 <-> 159, 31
32 <-> 160
34 <-> 164
45 <-> 45
75 <-> 165
36 <-> 166, 167
37 <-> 120, 57, 79, 168, 87, 41, 1
38 <-> 169, 170, 171, 172
41 <-> 41, 177
42 <-> 178
43 <-> 179, 180, 43
44 <-> 181
46 <-> 183
47 <-> 184
48 <-> 185, 186
49 <-> 187, 188
50 <-> 189
51 <-> 190
52 <-> 191
53 <-> 192
54 <-> 193, 194, 195
55 <-> 196, 197, 198
56 <-> 199, 200
57 <-> 201, 202
59 <-> 206, 207, 208, 209
60 <-> 210, 211
61 <-> 212
62 <-> 213, 214
65 <-> 219, 220
66 <-> 221, 222, 223
68 <-> 225
69 <-> 227
70 <-> 228, 229
74 <-> 234, 235, 236, 237, 238, 239
76 <-> 241, 242, 243, 244
37 <-> 246
78 <-> 247
80 <-> 250
81 <-> 251
83 <-> 256
84 <-> 257, 258, 259
85 <-> 260
87 <-> 261
88 <-> 262
89 <-> 263
90 <-> 264
91 <-> 265, 266
94 <-> 269, 270
95 <-> 271, 272
96 <-> 273
97 <-> 274, 275
98 <-> 276
99 <-> 277, 278
100 <-> 279
102 <-> 282, 283
103 <-> 284, 285
104 <-> 286
105 <-> 287
106 <-> 288, 289
107 <-> 290
108 <-> 291, 292
110 <-> 297, 298
111 <-> 299, 300
