0 <-> 268, 269, 270
1 <-> 1
2 <-> 271
3 <-> 272
4 <-> 4
5 <-> 273, 274, 275
6 <-> 276, 2776
7 <-> 278, 279
7 <-> 280, 281
8 <-> 282, 283, 284
9 <-> 285, 286
10 <-> 287, 288, 289
11 <-> 290
12 <-> 291
13 <-> 292
14 <-> 293
15 <-> 294, 295, 296, 297
16 <-> 298, 299
17 <-> 300, 301
18 <-> 302, 303
19 <-> 19
20 <-> 13, 304, 305, 306, 307
21 <-> 21
23 <-> 166, 309, 310
24 <-> 311
25 <-> 312
26 <-> 313, 314
27 <-> 315
28 <-> 316, 317
29 <-> 318, 319, 320, 321, 322
30 <-> 323
31 <-> 324, 325, 326
32 <-> 327
33 <-> 22, 308
34 <-> 328, 329, 330
35 <-> 331, 332, 333
36 <-> 99, 334, 335
37 <-> 37, 336
38 <-> 38, 337
39 <-> 116, 23, 31, 338, 84, 122, 34
40 <-> 339
41 <-> 340, 341
42 <-> 342
43 <-> 343
44 <-> 44
45 <-> 344, 345, 346, 347
46 <-> 348
47 <-> 349, 350
48 <-> 48, 351
49 <-> 352
50 <-> 353
51 <-> 354, 355
52 <-> 356
53 <-> 357, 358, 359, 360, 307
54 <-> 361, 362, 363
55 <-> 364, 365
56 <-> 56, 366
57 <-> 367, 368
58 <-> 369, 370
59 <-> 371
60 <-> 372, 373, 374
61 <-> 375
62 <-> 62, 376
63 <-> 377, 378
64 <-> 379, 380
65 <-> 65, 381, 382
66 <-> 383
67 <-> 384, 385, 386, 387, 388
68 <-> 389, 390
69 <-> 391
70 <-> 392
71 <-> 393, 394, 395
72 <-> 396, 397, 398
73 <-> 73
74 <-> 399
75 <-> 400
76 <-> 401, 402
77 <-> 403, 404
78 <-> 78
79 <-> 405, 406, 407
80 <-> 408, 409, 410
81 <-> 81
82 <-> 411
83 <-> 412, 413
84 <-> 414, 415
85 <-> 416, 417
86 <-> 86, 418, 419
87 <-> 420
88 <-> 421, 422, 423
89 <-> 424, 425
90 <-> 426, 427, 324
91 <-> 428, 429
92 <-> 430, 431
93 <-> 93
94 <-> 432
95 <-> 95
96 <-> 433, 434
97 <-> 97
98 <-> 435
99 <-> 36, 189, 324, 436
100 <-> 437, 438
101 <-> 439, 440
102 <-> 102, 441
103 <-> 442
104 <-> 90, 277
105 <-> 443, 444, 445
106 <-> 446, 241, 447, 448
107 <-> 449, 450
108 <-> 451
109 <-> 452, 453, 454, 455
110 <-> 456, 457, 380
111 <-> 111, 458
112 <-> 112
113 <-> 459
114 <-> 460, 461, 462, 463, 464
115 <-> 465, 466
116 <-> 467, 468, 469, 470
117 <-> 471
118 <-> 472
119 <-> 473, 474, 475
120 <-> 476, 477, 478
121 <-> 479
122 <-> 480
123 <-> 481, 482, 483
124 <-> 484, 485
125 <-> 125, 486, 487
126 <-> 488
127 <-> 489, 490, 491
128 <-> 492, 493
129 <-> 129, 494, 495, 496, 497
130 <-> 498
131 <-> 499, 500
132 <-> 501
133 <-> 502, 503, 504, 505, 506
134 <-> 507
135 <-> 508
136 <-> 509, 510
137 <-> 511
138 <-> 512, 513
139 <-> 139
140 <-> 509, 514, 515, 516
141 <-> 517, 518, 519
142 <-> 520
143 <-> 521, 522, 523, 524
144 <-> 525
145 <-> 526, 527, 528
146 <-> 529
147 <-> 530
148 <-> 531
149 <-> 149, 532
150 <-> 533, 534
151 <-> 535, 536
152 <-> 537, 518, 538
153 <-> 539
154 <-> 540, 541
155 <-> 542, 543, 544
156 <-> 545
157 <-> 546, 547
158 <-> 548
159 <-> 483
160 <-> 160, 549, 550, 551, 552
161 <-> 553
162 <-> 554, 555
163 <-> 556, 557, 558
164 <-> 559
165 <-> 560, 561
166 <-> 23, 562
167 <-> 563, 564
168 <-> 565, 552
169 <-> 169, 566
170 <-> 567, 568
171 <-> 569, 570, 571
172 <-> 572, 573, 574
173 <-> 173, 575
174 <-> 576
175 <-> 577, 578
176 <-> 176
177 <-> 579, 580
178 <-> 328
179 <-> 179, 581
180 <-> 582
181 <-> 583, 584
182 <-> 585
183 <-> 586, 587
184 <-> 588, 589, 590
185 <-> 591
186 <-> 592, 593
187 <-> 594, 595, 596
188 <-> 597, 598
189 <-> 99, 599, 600
190 <-> 601, 602
191 <-> 603
192 <-> 604, 605, 606
193 <-> 607
194 <-> 608, 201
195 <-> 609, 610, 611
196 <-> 612
197 <-> 197, 613, 614, 615
198 <-> 616, 617
199 <-> 618, 619
200 <-> 620
201 <-> 194, 621, 622
202 <-> 623
203 <-> 624
204 <-> 625, 626
205 <-> 205
206 <-> 627, 628
207 <-> 629, 630
208 <-> 631, 632
209 <-> 633, 634
210 <-> 635, 636
211 <-> 637
212 <-> 638, 639
213 <-> 640
214 <-> 641
215 <-> 642, 643
216 <-> 644
217 <-> 645
218 <-> 646, 647
219 <-> 648, 649
220 <-> 650, 651
221 <-> 652
222 <-> 393, 653
223 <-> 654
225 <-> 655, 225
226 <-> 656, 657
227 <-> 658, 659
228 <-> 660, 661
229 <-> 229
230 <-> 230
231 <-> 662, 663
232 <-> 664
233 <-> 665
234 <-> 666, 667, 668
235 <-> 669
236 <-> 670, 671, 672
237 <-> 673
238 <-> 674, 675
239 <-> 239, 676
240 <-> 677, 678, 679
241 <-> 106, 680, 681
242 <-> 682, 683
243 <-> 684
244 <-> 561
245 <-> 445
246 <-> 449, 685, 686
247 <-> 687
248 <-> 688, 689
249 <-> 690
250 <-> 401, 691
251 <-> 692, 693
252 <-> 694, 695
253 <-> 696
254 <-> 697, 698
255 <-> 699
256 <-> 700, 701, 702, 703, 704
257 <-> 705, 706, 707, 708
258 <-> 709, 710, 711
259 <-> 712, 713, 714
260 <-> 715, 716
261 <-> 717, 718, 719
262 <-> 720, 721, 722
263 <-> 723, 724
264 <-> 725, 726, 727
265 <-> 728
266 <-> 729, 730
267 <-> 731
