62 <-> 1128
4 <-> 361
59 <-> 1620, 1914
60 <-> 896, 982
67 <-> 1390, 1535
13 <-> 6262, 1429
61 <-> 666
23 <-> 723, 871
63 <-> 1423, 1484
127 <-> 124, 166, 5, 137, 40, 149
0 <-> 950, 1039
131 <-> 76, 107
8 <-> 985
6 <-> 305, 842, 1932
2 <-> 2
9 <-> 425
14 <-> 215, 1155, 1523
1 <-> 317, 271, 923
33 <-> 92, 161, 39, 85, 135, 111, 63
70 <-> 122, 1532
12 <-> 632, 762, 829
7 <-> 438, 1509
5 <-> 42, 1593
96 <-> 26, 206
29 <-> 142, 139, 89
84 <-> 64, 400
19 <-> 1656
21 <-> 608, 1446
146 <-> 195, 78
661 <-> 618
66 <-> 1437
