1850 <-> 519
1855 <-> 1380
1856 <-> 926, 950
1906 <-> 574, 1906
1907 <-> 20, 453, 842, 1199
1908 <-> 927
9912 <-> 987, 460
1915 <-> 58, 405
1917 <-> 658, 1007, 1082, 1917
1918 <-> 495, 935, 1234, 1408, 1556
1919 <-> 1037, 1895
1920 <-> 421, 1790
1921 <-> 992, 1396, 1722
1922 <-> 1483
1925 <-> 80, 693, 840
1926 <-> 546, 1009, 1347
1927 <-> 906, 1555
142 <-> 85, 0, 15, 133
1929 <-> 671
1930 <-> 1670
1931 <-> 1336
1932 <-> 6, 1767, 1844
86 <-> 3
1933 <-> 463, 1180
1934 <-> 237
1935 <-> 322, 785, 1559, 1803
937 <-> 1937
1939 <-> 1523
1940 <-> 1466
1941 <-> 379
1942 <-> 428, 1345
1943 <-> 11943
1945 <-> 664, 1945
1947 <-> 733, 1632
130 <-> 11, 71, 93, 35
1948 <-> 1403
1949 <-> 249, 848, 999
1951 <-> 16795
1956 <-> 1817
1957 <-> 599
1958 <-> 26, 70, 1422, 8051
75 <-> 16, 38
27 <-> 74, 94, 54, 136, 82, 7, 22, 4
1959 <-> 1749
1960 <-> 797, 1671
1961 <-> 991, 1386, 1561
1962 <-> 1519
90 <-> 141
1964 <-> 1153
1966 <-> 50, 519, 699
1968 <-> 1157
1969 <-> 226, 1770
1970 <-> 880
1971 <-> 635, 1612
1972 <-> 1051, 1707
88 <-> 69
1973 <-> 750, 1542
1974 <-> 194, 833
1976 <-> 872, 1310, 1565, 1637
1977 <-> 804
1979 <-> 465
1980 <-> 1384
1981 <-> 197, 648
1982 <-> 625, 784
1983 <-> 857
