16 <-> 305, 842, 1932
8 <-> 985
12 <-> 632, 762, 829
13 <-> 662, 1429
21 <-> 608, 1493, 1587, 1646
26 <-> 18, 490, 545, 1123, 1958, 1772
34 <-> 1170
35 <-> 471, 885, 1119
36 <-> 936, 1831
40 <-> 804, 1127, 1419
42 <-> 1632, 1788
50 <-> 1687, 1966
55 <-> 340, 1913
60 <-> 896, 982
69 <-> 414
70 <-> 173, 527, 743, 1806, 1958
919 <-> 260, 366
928 <-> 322, 1297, 1644
1075 <-> 464, 506
1094 <-> 746
1103 <-> 332, 814
1115 <-> 10460, 1115
1490 <-> 1038, 1669, 1670
1491 <-> 4105, 1923
1492 <-> 1843
1495 <-> 1329, 1679
159 <-> 252
1710 <-> 1122, 1882
1711 <-> 1188
1714 <-> 37, 1070, 1810
1715 <-> 890
1716 <-> 721
1717 <-> 139
1721 <-> 1270, 1691
1722 <-> 1275, 1840, 1921
132 <-> 179, 82
1724 <-> 1665, 1794
1726 <-> 1891
1727 <-> 944, 1321
1728 <-> 1145, 1728
1736 <-> 701, 975, 1309
1737 <-> 1003
1738 <-> 717
1739 <-> 228, 558, 1247, 1476
1741 <-> 548, 1895
1744 <-> 290
1745 <-> 93, 606
1746 <-> 792, 1215
1748 <-> 22, 470, 591
1749 <-> 342, 1959, 1994
1751 <-> 214, 225, 1080, 1086
1752 <-> 385, 907, 908, 1825
1754 <-> 211, 1525
1755 <-> 1243, 1434
1756 <-> 537, 896, 1898
111 <-> 183, 186, 126
1757 <-> 416, 792
1758 <-> 810, 1673
1760 <-> 673, 1118
1762 <-> 1762, 1781
1763 <-> 1694
1764 <-> 1152
1765 <-> 961
1766 <-> 362
1768 <-> 1659
1771 <-> 157, 488, 539, 541, 1771
1772 <-> 133
9 <-> 106, 98
1773 <-> 30
1775 <-> 1385, 1075
1776 <-> 578, 597
1778 <-> 525, 1177
1779 <-> 1320, 1779
1780 <-> 1353
1784 <-> 310, 1547
1785 <-> 57, 626, 1769
1786 <-> 113
1787 <-> 142, 1312
1789 <-> 327, 863, 1316
1790 <-> 430, 1920
1793 <-> 1568
1795 <-> 918
1796 <-> 858
1797 <-> 480, 564, 1524
1798 <-> 624
1799 <-> 276, 389, 1550, 1815
1801 <-> 1272
1802 <-> 178, 1207
1803 <-> 1935
1805 <-> 675, 898
1806 <-> 70, 371
1809 <-> 1001
1810 <-> 500, 1562, 1714
1811 <-> 1504
1812 <-> 1923
1813 <-> 483, 913, 1813
1814 <-> 1163
27 <-> 159
1815 <-> 431, 1799
1816 <-> 408, 737
1817 <-> 315, 1956
1818 <-> 1150, 1952
1819 <-> 796, 1644
1820 <-> 736, 1135, 1701
1822 <-> 917
1823 <-> 1144, 1371, 1800
1824 <-> 608, 810, 961, 1664
125 <-> 117, 63, 79
1825 <-> 437, 1752
1826 <-> 120, 1621
1827 <-> 1504, 1630
1828 <-> 1400
1829 <-> 997, 1829
1830 <-> 1474, 1759
1831 <-> 36, 378, 381, 1635
1832 <-> 435
1833 <-> 1207
1834 <-> 592
1835 <-> 1610
1836 <-> 127
1837 <-> 110, 123
1838 <-> 335
1839 <-> 1007
1843 <-> 858, 1211, 1492, 1623
1844 <-> 988, 1932
1845 <-> 293
1847 <-> 1141
1857 <-> 519
1851 <-> 1851, 1860
1852 <-> 1852
1853 <-> 822, 1701
1854 <-> 220, 1128, 1139, 1351
1855 <-> 1380
5 <-> 8, 6, 9572, 1620
1859 <-> 157, 1035
1861 <-> 74, 630
1862 <-> 1000, 1314, 1439, 1718
1863 <-> 72, 1076
1864 <-> 760, 1554
1866 <-> 1331, 1866
1867 <-> 794, 1477
1869 <-> 458, 762, 1281
1870 <-> 366, 974, 1566
1871 <-> 147, 789
1872 <-> 533
1873 <-> 413
1875 <-> 195, 273
1876 <-> 1004, 1049
1877 <-> 321, 912
1878 <-> 962, 1161, 1547
1879 <-> 1453, 1510
1880 <-> 290, 1209
1881 <-> 1671, 1881, 1887, 1902
1882 <-> 566, 977, 1287, 1710
1883 <-> 149, 392, 1340
1884 <-> 234, 571, 893
1885 <-> 1029
1886 <-> 1309
1888 <-> 154, 901
1889 <-> 116, 280, 448, 1435
1890 <-> 777, 1121, 1890
1892 <-> 1485
1893 <-> 232
1894 <-> 1012
1895 <-> 111, 1741, 1919
1896 <-> 1254, 1708
1897 <-> 216
1900 <-> 441, 814, 1163
1901 <-> 550, 1680
1903 <-> 87, 1406
1904 <-> 358
1905 <-> 245
1906 <-> 574, 1906
1907 <-> 20, 453, 842, 1199
909 <-> 392
1911 <-> 224, 878, 1690
1913 <-> 55, 1378, 1407
1914 <-> 603, 1460
1918 <-> 495, 935, 1234, 1408, 1556
1919 <-> 1037, 1895
1920 <-> 421, 1790
1921 <-> 992, 1396, 1722
1922 <-> 1483
1924 <-> 96, 100
1925 <-> 80, 693, 840
1927 <-> 906, 1555
1928 <-> 370, 1429, 1444
1929 <-> 671
1930 <-> 1670
1931 <-> 1336
1933 <-> 463, 1180
1934 <-> 237
1935 <-> 322, 785, 1559, 1803
1936 <-> 161, 506
1937 <-> 1937
1939 <-> 1522
137 <-> 124, 126
1941 <-> 379
1943 <-> 1943
1944 <-> 1699
1945 <-> 664, 1945
1946 <-> 1946
11 <-> 29
1947 <-> 733, 1632
1948 <-> 1403
1949 <-> 249, 848, 899
1951 <-> 1679
1953 <-> 1212
1954 <-> 1247
1955 <-> 528, 1475
1957 <-> 599
1960 <-> 797, 1671
1961 <-> 991, 1386, 1561
1962 <-> 1519
1963 <-> 1963
1964 <-> 1153
1966 <-> 50, 519, 699
1967 <-> 1767
1968 <-> 1157
1969 <-> 226, 1770
1970 <-> 880
1971 <-> 635, 1612
1972 <-> 1051, 1707
1973 <-> 750, 1542
1974 <-> 194, 833
1975 <-> 1547
1976 <-> 872, 1310, 1565, 1637
1977 <-> 804
1978 <-> 549, 1307
1979 <-> 465
1980 <-> 1384
1981 <-> 197, 648
1982 <-> 625, 784
1982 <-> 857, 1353, 1983
1984 <-> 652, 1255
1985 <-> 1045
1986 <-> 941
1987 <-> 1170, 1281
1988 <-> 99, 168, 1988
1989 <-> 319, 671
1990 <-> 1119
1991 <-> 446, 1505
1992 <-> 601, 696
1993 <-> 550
1995 <-> 332, 690
1996 <-> 1183
1997 <-> 376, 746
1998 <-> 414, 829
