0 <-> 112, 113
2 <-> 116, 117, 118
4 <-> 120
5 <-> 121, 122
6 <-> 123, 124
8 <-> 127, 128, 129
9 <-> 130
10 <-> 131, 1329
11 <-> 133
12 <-> 134, 135, 136
13 <-> 137, 13
14 <-> 138
15 <-> 139
16 <-> 140
17 <-> 141
19 <-> 19
20 <-> 144
22 <-> 146
23 <-> 147
24 <-> 24, 148
25 <-> 25
26 <-> 149
27 <-> 150, 151
28 <-> 152, 153, 154, 155
114 <-> 42
29 <-> 156
30 <-> 157, 158
31 <-> 159, 31
33 <-> 161, 162, 163
34 <-> 164
36 <-> 166, 167
37 <-> 120, 57, 79, 168, 87, 41, 1
38 <-> 169, 170, 171, 172
39 <-> 173, 174, 175
42 <-> 178
43 <-> 179, 180, 43
45 <-> 182
46 <-> 183
47 <-> 184
48 <-> 185, 186
49 <-> 187, 188
50 <-> 189
51 <-> 190
52 <-> 191
53 <-> 192
54 <-> 193, 194, 195
55 <-> 196, 197, 198
56 <-> 199, 200
58 <-> 203, 204, 205
60 <-> 210, 211
61 <-> 212
62 <-> 213, 214
63 <-> 215
64 <-> 216, 217, 218
65 <-> 219, 220
66 <-> 221, 222, 223
67 <-> 224
68 <-> 225
45 <-> 226
69 <-> 227
70 <-> 228, 229
71 <-> 230
72 <-> 231
73 <-> 232, 233
74 <-> 234, 235, 236, 237, 238, 239
75 <-> 240
76 <-> 241, 242, 243, 244
37 <-> 246
78 <-> 247
79 <-> 248, 249
80 <-> 250
81 <-> 251
82 <-> 252, 253, 254, 255
83 <-> 256
84 <-> 257, 258, 259
85 <-> 260
86 <-> 86
87 <-> 261
88 <-> 662
89 <-> 263
90 <-> 264
91 <-> 265, 266
93 <-> 268
94 <-> 269, 270
95 <-> 271, 272
96 <-> 273
98 <-> 276
100 <-> 279
101 <-> 280, 281
102 <-> 282, 283
103 <-> 284, 285
104 <-> 286
105 <-> 287
106 <-> 288, 289
107 <-> 290
108 <-> 291, 292
109 <-> 293, 294
54 <-> 295, 296
110 <-> 297, 298
111 <-> 299, 300
