0 <-> 169, 170
1 <-> 171, 172, 173
2 <-> 2
3 <-> 174
4 <-> 175
130 <-> 103, 90
5 <-> 5
6 <-> 176, 177, 178
7 <-> 179, 180
8 <-> 181
9 <-> 182
10 <-> 183, 184
11 <-> 185, 186, 187
12 <-> 188, 189, 190
13 <-> 191, 192
14 <-> 193, 194, 195
15 <-> 196
16 <-> 197, 198
17 <-> 199
18 <-> 92
19 <-> 200, 201, 202, 203
20 <-> 204
21 <-> 205, 206, 207
22 <-> 208, 209, 210, 211
23 <-> 212, 213
24 <-> 214, 215
25 <-> 216, 217
26 <-> 218
27 <-> 219, 27
28 <-> 220, 221
29 <-> 222, 223, 224, 225
30 <-> 226
31 <-> 227
32 <-> 228
33 <-> 229
34 <-> 230
35 <-> 231, 232
36 <-> 233
37 <-> 234
38 <-> 235
39 <-> 236
41 <-> 241, 242
42 <-> 243, 244, 245, 42
43 <-> 246
44 <-> 44
45 <-> 247
46 <-> 248
47 <-> 249
48 <-> 48, 250
49 <-> 49
50 <-> 251, 252
51 <-> 253, 254, 255, 256
52 <-> 257
53 <-> 258, 259
54 <-> 260
55 <-> 261, 262
56 <-> 263, 264
57 <-> 265, 266, 267, 268
58 <-> 269, 270
59 <-> 271, 272
60 <-> 273, 60
61 <-> 274, 275
62 <-> 19
63 <-> 276, 189, 277
64 <-> 278, 202, 279
65 <-> 280, 281
66 <-> 282
67 <-> 283
68 <-> 284
69 <-> 285, 286
70 <-> 287, 288
71 <-> 289, 290
72 <-> 291, 292
73 <-> 293, 73, 294, 295
74 <-> 296, 297, 298, 299
75 <-> 300, 301, 302
76 <-> 303, 304, 305
77 <-> 306
78 <-> 307
79 <-> 308, 309
80 <-> 310, 311, 312, 313
81 <-> 314, 315, 81
82 <-> 316
83 <-> 317
84 <-> 318
85 <-> 319, 320, 321
86 <-> 322, 323
87 <-> 324
88 <-> 325, 326, 327
89 <-> 328, 329
90 <-> 330, 331
91 <-> 332
92 <-> 18, 333, 177, 334
93 <-> 335
94 <-> 336
95 <-> 337, 338, 339
96 <-> 340, 341, 339
97 <-> 342, 343, 344
98 <-> 345, 346, 347
99 <-> 348, 349
100 <-> 350, 351
101 <-> 352, 353, 187
102 <-> 354, 234, 355, 356
103 <-> 357, 358, 359, 360, 361
104 <-> 362, 363
105 <-> 364, 365, 235
106 <-> 366
107 <-> 367, 368
108 <-> 369, 370, 371
109 <-> 372, 373, 374
110 <-> 375, 376
111 <-> 377, 192, 378
112 <-> 379
113 <-> 380
114 <-> 381
115 <-> 382, 383
116 <-> 384
117 <-> 385, 386, 387, 388
118 <-> 389, 390
119 <-> 119
120 <-> 391
121 <-> 392
122 <-> 393
124 <-> 395
125 <-> 396, 397
126 <-> 126
127 <-> 398
128 <-> 399, 128
129 <-> 129
131 <-> 402
132 <-> 403, 404, 405
133 <-> 406, 407, 408, 409
134 <-> 410
135 <-> 411
136 <-> 412, 413
137 <-> 197, 414, 415, 416
138 <-> 417
139 <-> 418, 419, 420
140 <-> 421
141 <-> 422
142 <-> 226
143 <-> 423
144 <-> 424, 425
145 <-> 426
146 <-> 427, 428
147 <-> 429, 430
148 <-> 431, 432
149 <-> 433
150 <-> 434, 435, 436, 437
151 <-> 438
152 <-> 439, 440
153 <-> 441
154 <-> 442
155 <-> 443, 444
156 <-> 445, 446, 156
157 <-> 447
158 <-> 448, 277
159 <-> 449, 450, 159
160 <-> 451, 379
161 <-> 452, 453
162 <-> 454, 455
163 <-> 328
164 <-> 456, 417
165 <-> 457, 458
166 <-> 338
167 <-> 459, 460
168 <-> 461, 462
