10 <-> 950, 10039
1 <-> 317, 904, 923
2 <-> 2
3 <-> 870
4 <-> 361
6 <-> 305, 842, 1932
7 <-> 438, 1509
8 <-> 985
9 <-> 425
10 <-> 121, 1532
11 <-> 285, 1242, 1753
12 <-> 632, 762, 829
13 <-> 662, 1429
14 <-> 215, 1155, 1523
15 <-> 43, 238, 1552
16 <-> 1050
17 <-> 275
19 <-> 1656
20 <-> 1907
21 <-> 608, 1493, 1587, 1646
22 <-> 1748, 1774
23 <-> 724, 871
24 <-> 244, 624
26 <-> 18, 490, 545, 1123, 1958
27 <-> 27
28 <-> 832, 1227
29 <-> 285
30 <-> 223, 1317, 1773
32 <-> 921
33 <-> 395, 1772
34 <-> 1170
35 <-> 471, 885, 1119
36 <-> 936, 1831
376 <-> 376
37 <-> 2632, 678, 1356, 16838
339 <-> 1481
340 <-> 55, 651
341 <-> 341, 637
342 <-> 92, 1116, 1749
343 <-> 84, 1087, 1266
345 <-> 1062
346 <-> 1318, 1659
347 <-> 355
348 <-> 753
349 <-> 1602
350 <-> 721
351 <-> 437
352 <-> 1478
353 <-> 242, 513
354 <-> 1476
355 <-> 347, 461, 471, 679
356 <-> 839, 1432
357 <-> 209, 1448
358 <-> 617, 1132, 1904
359 <-> 359, 1016, 1202
362 <-> 239, 1766
364 <-> 595, 663, 1091, 1174
365 <-> 41, 334, 958, 969, 1066, 1421
366 <-> 919, 1870
367 <-> 181, 188, 367, 1100, 1109, 1594
368 <-> 116, 583, 1206
369 <-> 1759
376 <-> 372, 1997
377 <-> 184, 978
379 <-> 588, 1941
380 <-> 1148, 1301
383 <-> 568
384 <-> 344, 578
389 <-> 1799
391 <-> 78, 302, 751, 1705
392 <-> 306, 4289, 19
408 <-> 967, 1816
409 <-> 1687
411 <-> 1351
414 <-> 69, 1998
415 <-> 1559
416 <-> 109, 1757
417 <-> 865, 1461
418 <-> 262, 729
419 <-> 231, 1465
422 <-> 533, 1435
426 <-> 229, 1414
427 <-> 643
428 <-> 481, 1705, 1942
429 <-> 392, 1324
430 <-> 165, 3, 1790
431 <-> 1815
433 <-> 667, 1355
434 <-> 2163, 1500
435 <-> 725, 8, 1439
706 <-> 706, 1398
772 <-> 917
