0 <-> 169, 170
1 <-> 171, 172
2 <-> 173, 174, 175
3 <-> 176
4 <-> 4
5 <-> 177
6 <-> 6
7 <-> 178
8 <-> 179, 180
9 <-> 181
10 <-> 182
11 <-> 183, 184
12 <-> 185, 186, 187
13 <-> 188
14 <-> 189, 190
15 <-> 191, 192, 193
16 <-> 194
17 <-> 195, 196
18 <-> 197
19 <-> 198, 199, 200
20 <-> 201, 202, 203, 204
21 <-> 205, 206
22 <-> 207
23 <-> 208, 23
24 <-> 209, 210
25 <-> 211
26 <-> 212
27 <-> 213
28 <-> 214
29 <-> 215, 216
30 <-> 217
31 <-> 218
32 <-> 219, 220
33 <-> 221
34 <-> 222, 223
35 <-> 35
36 <-> 224
37 <-> 225
38 <-> 226
39 <-> 227
40 <-> 40, 228
41 <-> 41
42 <-> 229
43 <-> 230, 231
44 <-> 232, 233, 234, 235
45 <-> 236
46 <-> 237, 238
47 <-> 239
48 <-> 240, 241
49 <-> 242, 243
50 <-> 244, 245
51 <-> 246, 51
52 <-> 247
53 <-> 248, 249, 250
54 <-> 251
55 <-> 252
56 <-> 253
57 <-> 254
58 <-> 255, 256
59 <-> 257, 258
60 <-> 259, 260
61 <-> 261, 262, 263, 264
62 <-> 265, 266, 267
63 <-> 268
64 <-> 269
65 <-> 65, 270
66 <-> 271
67 <-> 272, 273, 67
68 <-> 274
69 <-> 275
70 <-> 276
71 <-> 277
72 <-> 278
73 <-> 279, 280
74 <-> 281, 282
75 <-> 283
76 <-> 284
77 <-> 285
78 <-> 286, 287
79 <-> 288
80 <-> 289, 290, 291
81 <-> 292
82 <-> 293, 294
83 <-> 295, 296, 297
84 <-> 298, 299, 300
85 <-> 301, 302
86 <-> 303, 304
87 <-> 305, 306, 307
88 <-> 308, 309, 310, 311
89 <-> 312
90 <-> 313, 314, 315, 316, 317
91 <-> 318, 319
92 <-> 320, 321, 322
93 <-> 323
94 <-> 324
95 <-> 325, 326
96 <-> 327
97 <-> 328, 329, 330
98 <-> 331, 332
99 <-> 333, 334
100 <-> 335, 336, 337
101 <-> 338
102 <-> 339
103 <-> 340
104 <-> 341
105 <-> 342
106 <-> 343, 344
107 <-> 345
108 <-> 346, 347
109 <-> 109
110 <-> 348
111 <-> 349
112 <-> 350, 351
113 <-> 352
114 <-> 114
115 <-> 353, 115
118 <-> 356, 357, 358, 359, 360, 361
119 <-> 362
120 <-> 363, 364, 365, 366
121 <-> 367
122 <-> 368
123 <-> 369
124 <-> 370
125 <-> 371, 372
126 <-> 373, 374
127 <-> 375
128 <-> 376
129 <-> 377
130 <-> 378, 379, 380, 381
131 <-> 382
132 <-> 383
133 <-> 384, 385, 386
134 <-> 387
135 <-> 388
136 <-> 136
137 <-> 389
138 <-> 390
139 <-> 391
140 <-> 392
141 <-> 393
142 <-> 394
143 <-> 395
144 <-> 396, 397
145 <-> 398
146 <-> 399
147 <-> 400, 401
148 <-> 402, 403
149 <-> 404
150 <-> 405, 406
151 <-> 407, 408
152 <-> 409
153 <-> 410
154 <-> 411, 412
155 <-> 413
156 <-> 414, 415
157 <-> 416, 417
158 <-> 418, 419
159 <-> 420
160 <-> 421
161 <-> 422, 423
162 <-> 424
163 <-> 425, 426
164 <-> 427, 428
165 <-> 429
166 <-> 430, 431
167 <-> 432, 433
168 <-> 434, 435
