0 <-> 41, 50, 1039
1 <-> 317, 904, 923
2 <-> 2
3 <-> 870
4 <-> 361
5 <-> 5
6 <-> 305, 842, 1932
7 <-> 438, 1509
8 <-> 985
9 <-> 425
10 <-> 121, 1532
11 <-> 570, 1242, 1753
12 <-> 632, 762, 829
13 <-> 662, 1429
14 <-> 215, 1155, 1523
15 <-> 43, 238, 1552
16 <-> 1050
17 <-> 275
18 <-> 26, 256
19 <-> 1656
20 <-> 1907
21 <-> 608, 1493, 1587, 1646
22 <-> 1748, 1774
23 <-> 723, 871
24 <-> 244, 624
25 <-> 25
26 <-> 18, 490, 545, 1123, 1958
27 <-> 27
28 <-> 832, 1227
29 <-> 285
30 <-> 223, 1317, 17373
31 <-> 283
32 <-> 921
113 <-> 81, 121
33 <-> 395, 1772
34 <-> 1170
35 <-> 471, 885, 1119
36 <-> 936, 1831
37 <-> 263, 678, 1356, 1683, 1714
38 <-> 1238
39 <-> 167
21 <-> 86, 76
43 <-> 15, 403, 866
44 <-> 497, 503, 1305
45 <-> 130, 881, 58
46 <-> 46, 744
48 <-> 4831, 63
51 <-> 138, 454, 1105
52 <-> 1647
53 <-> 762
55 <-> 340, 1913
57 <-> 547, 1417, 1501, 1785
224 <-> 335, 3822
71 <-> 60, 195
227 <-> 274, 966
233 <-> 436, 747
235 <-> 980, 1694
239 <-> 239, 362
240 <-> 396
242 <-> 1084, 1634
245 <-> 1528, 1606, 1905
248 <-> 104
265 <-> 265, 1520
268 <-> 515, 1144
164 <-> 85, 2, 0, 62
270 <-> 88, 699, 775, 1157
271 <-> 1214
276 <-> 91, 313, 328, 1799
277 <-> 230
278 <-> 533, 1449
280 <-> 18861, 1666
292 <-> 314, 918, 1025
293 <-> 163, 387, 1845
44 <-> 101, 118, 42, 46, 145
294 <-> 547
295 <-> 173, 463
297 <-> 1141
298 <-> 153, 622
299 <-> 1225
301 <-> 1299
302 <-> 391, 724
304 <-> 304, 93
