1 <-> 385, 1242, 1753
14 <-> 2157, 1155, 152
15 <-> 43, 238, 1552
16 <-> 50
21 <-> 123
18 <-> 26, 256
20 <-> 1907
22 <-> 1748, 987
23 <-> 723, 871
24 <-> 244
76 <-> 554, 1582
77 <-> 611
78 <-> 1452, 378
90 <-> 954, 1519
91 <-> 552
92 <-> 342
93 <-> 615, 1667, 17973, 1010
94 <-> 95
96 <-> 1299, 1924
145 <-> 59
97 <-> 463
99 <-> 1417
100 <-> 56, 1924
101 <-> 148
102 <-> 807, 1177
103 <-> 103
104 <-> 248, 593, 895
105 <-> 9
1992 <-> 601, 696
1993 <-> 550
157 <-> 136, 58, 193, 124
133 <-> 10, 64
1994 <-> 825, 1749
1995 <-> 332, 690
1997 <-> 376, 746
1998 <-> 4134
4 <-> 43, 76, 5, 9, 8, 91
180 <-> 137
62 <-> 2
