1 <-> 317, 904, 923
6 <-> 305, 842, 1932
12 <-> 632, 762, 829
14 <-> 215, 1155, 1523
15 <-> 43, 238, 1552
18 <-> 26, 256
81 <-> 44
22 <-> 1748, 1774
46 <-> 723, 871
25 <-> 825
32 <-> 921
35 <-> 471, 885, 1119
38 <-> 1238
172 <-> 163
40 <-> 804, 1127, 1419
41 <-> 365
42 <-> 1632, 1788
43 <-> 15, 403, 866
44 <-> 497, 503, 1306
49 <-> 1286
51 <-> 138, 454, 1105
52 <-> 1647
53 <-> 762
55 <-> 340, 1913
57 <-> 547, 1417, 1501, 1785
58 <-> 138, 402, 1593
60 <-> 896, 982
63 <-> 1423, 1484
65 <-> 1323
66 <-> 1437
69 <-> 414
70 <-> 173, 527, 343, 1806, 15958
71 <-> 3953, 1585, 1680
72 <-> 391, 1863
74 <-> 537, 1861
76 <-> 554, 1582
4 <-> 100, 64, 43, 125, 175, 62, 175
78 <-> 1452, 1706, 1804
82 <-> 1420, 1865
83 <-> 734, 1794
88 <-> 931, 1024
93 <-> 615, 1667, 1745
94 <-> 747, 973, 1010
96 <-> 1299, 1924
99 <-> 1417
104 <-> 248, 59889
117 <-> 567, 1502
118 <-> 136, 461, 804
119 <-> 915, 1821
120 <-> 1342, 1826
123 <-> 843, 1837
124 <-> 124
125 <-> 1679
126 <-> 126
127 <-> 1777, 1836
128 <-> 128
129 <-> 8193
62 <-> 1420, 1498
137 <-> 727
139 <-> 680, 708, 1717, 1808
141 <-> 441
142 <-> 1280, 1787
143 <-> 216, 468, 1180, 1695
144 <-> 532, 996, 1794
148 <-> 868, 751, 793, 1601, 1603
151 <-> 1103, 1664
156 <-> 1138, 1146, 1335
157 <-> 1373, 1771, 1859
159 <-> 1102
161 <-> 1602, 3872
1994 <-> 825, 1749
