0 <-> 77, 78
1 <-> 79, 80
2 <-> 81, 82, 83
3 <-> 84
4 <-> 4
5 <-> 85
6 <-> 6
7 <-> 86
8 <-> 87
9 <-> 88
10 <-> 89, 90, 91
11 <-> 92
12 <-> 93, 94
13 <-> 95, 96, 97
14 <-> 98
15 <-> 99, 100
16 <-> 101
17 <-> 102, 103, 104
18 <-> 105, 106, 107, 108
19 <-> 109, 110
20 <-> 111
21 <-> 112, 21
22 <-> 113
23 <-> 114
24 <-> 115
25 <-> 116
26 <-> 117
27 <-> 118, 119
28 <-> 120
29 <-> 121, 122
30 <-> 123
31 <-> 124
32 <-> 32
33 <-> 125
34 <-> 126, 127
35 <-> 128, 129, 130, 131, 132, 133
36 <-> 134
37 <-> 135, 136, 137, 138
38 <-> 139
39 <-> 140
40 <-> 141
41 <-> 142, 143
42 <-> 144, 145
43 <-> 146
44 <-> 147
45 <-> 148
46 <-> 149
47 <-> 150, 151, 152
48 <-> 153
49 <-> 49
50 <-> 154
51 <-> 155
52 <-> 156
53 <-> 157
54 <-> 158
55 <-> 159
56 <-> 160
57 <-> 161, 162
58 <-> 163
59 <-> 164
60 <-> 165, 166
61 <-> 167
62 <-> 168, 169
63 <-> 170
64 <-> 171
65 <-> 172, 173
66 <-> 174
67 <-> 175, 176
68 <-> 177, 178
69 <-> 179, 180
70 <-> 181
71 <-> 182, 183
72 <-> 184
73 <-> 185, 186
74 <-> 187
75 <-> 188, 189
76 <-> 190, 191
