0 <-> 950, 1039
1 <-> 158, 904, 923
2 <-> 2
3 <-> 870
4 <-> 361
6 <-> 305, 842, 1932
7 <-> 438, 1509
8 <-> 985
9 <-> 425
10 <-> 121, 1532
11 <-> 285, 1242, 1753
12 <-> 632, 762, 829
13 <-> 662, 1429
14 <-> 215, 1155, 1523
15 <-> 43, 238, 1552
16 <-> 1050
17 <-> 275
18 <-> 26, 256
19 <-> 1656
20 <-> 1907
21 <-> 608, 1493, 1587, 1646
22 <-> 1747, 1774
23 <-> 723, 871
24 <-> 244, 624
25 <-> 25
26 <-> 18, 490, 545, 1123, 1958
27 <-> 27
28 <-> 802, 1227
29 <-> 86
30 <-> 223, 1317, 1773
31 <-> 283
32 <-> 921
33 <-> 395, 1772
34 <-> 1170
35 <-> 471, 885, 1119
36 <-> 936, 1831
37 <-> 2663, 678, 1356, 1683, 1714
38 <-> 1238
39 <-> 167
40 <-> 804, 1127, 1419
41 <-> 365
42 <-> 1632, 1788
43 <-> 15, 403, 866
44 <-> 497, 503, 1305
45 <-> 130, 881, 1158
47 <-> 867, 1391, 1630
48 <-> 48, 1363
49 <-> 1286
50 <-> 1687, 1966
51 <-> 138, 454, 1105
52 <-> 1647
53 <-> 762
54 <-> 54
55 <-> 340, 1913
56 <-> 100, 720
57 <-> 547, 1417, 1501, 1785
58 <-> 138, 402, 1593
59 <-> 1620, 1915
60 <-> 896, 982
62 <-> 1157
63 <-> 1423, 1484
65 <-> 1323
66 <-> 1437
67 <-> 1390, 1535
68 <-> 1597
69 <-> 414
70 <-> 173, 527, 743, 1806, 1958
71 <-> 393, 1585, 1680
72 <-> 391, 1863
73 <-> 73, 1571
74 <-> 537, 1861
75 <-> 138, 714
77 <-> 611
78 <-> 1452, 1706, 1804
79 <-> 1618
81 <-> 81, 3315
82 <-> 1420, 1865
85 <-> 1161
87 <-> 270, 1024, 2857, 1688, 1903
88 <-> 931, 1024
92 <-> 342
93 <-> 615, 1667, 1745
94 <-> 747, 973, 1010
96 <-> 1299, 1924
99 <-> 1417
101 <-> 148
102 <-> 807, 1177
103 <-> 103
104 <-> 248, 593, 895
105 <-> 113, 1090
107 <-> 107
108 <-> 1367
109 <-> 416, 705
110 <-> 1296, 1837
111 <-> 311, 1790
112 <-> 192, 668, 1720
113 <-> 105, 629, 1786
16 <-> 128
114 <-> 1221
116 <-> 368, 725, 1889
118 <-> 136, 461, 804
119 <-> 915, 1821
120 <-> 1342, 1826
123 <-> 843, 1837
124 <-> 124
127 <-> 1777, 1836
133 <-> 776, 1300
135 <-> 1176
139 <-> 680, 708, 1717, 1808
140 <-> 445, 1732
141 <-> 441
142 <-> 1280, 1787
143 <-> 216, 468, 1180, 1695
144 <-> 532, 996, 1794
145 <-> 145, 507
147 <-> 1871
148 <-> 101, 751, 793, 1601, 1603
149 <-> 1401, 1883
150 <-> 453, 999
151 <-> 115, 205, 496, 535
152 <-> 531, 1037
153 <-> 298, 760, 803, 1664
154 <-> 1888
155 <-> 1524
156 <-> 1138, 1146, 1335
160 <-> 1265, 1274, 1660
161 <-> 1602, 1936
162 <-> 162, 171, 1173
176 <-> 455, 457, 712, 1386, 1639
178 <-> 1802
179 <-> 862, 876, 1633
181 <-> 367, 1219
1869 <-> 458, 762, 1281
1870 <-> 366, 974, 1565
1872 <-> 533
1918 <-> 495, 935, 1234, 1408, 1556
1919 <-> 1037, 1861
1962 <-> 1519
1963 <-> 1963
1964 <-> 1153
1965 <-> 435
1967 <-> 1767
1968 <-> 1157
1970 <-> 880
1971 <-> 635, 1612
1972 <-> 1051, 1707
1974 <-> 194, 833
1975 <-> 1547
1976 <-> 872, 1310, 1565, 1637
1978 <-> 549, 1307
1979 <-> 465
1981 <-> 197, 648
1982 <-> 625, 784
1983 <-> 857, 1353, 1983
1986 <-> 941
1987 <-> 1170, 1281
1988 <-> 98, 168, 1988
1989 <-> 319, 671
1992 <-> 601, 696
1993 <-> 550
1994 <-> 825, 1749
1995 <-> 332, 690
1996 <-> 1183
1998 <-> 414, 829
