0 <-> 127, 128
1 <-> 129, 130
2 <-> 131, 132, 133
3 <-> 134
4 <-> 4
5 <-> 135
6 <-> 136, 137
7 <-> 138
8 <-> 139, 140
9 <-> 141, 142, 143
10 <-> 144, 145
11 <-> 146, 147, 148
12 <-> 149
13 <-> 150, 151
14 <-> 152
15 <-> 153, 154, 155
16 <-> 156, 16
17 <-> 157
18 <-> 158
19 <-> 159
20 <-> 160, 161
21 <-> 162
22 <-> 163
23 <-> 164
24 <-> 165, 166
25 <-> 25
26 <-> 167
27 <-> 168
28 <-> 169
29 <-> 29, 170
30 <-> 30
31 <-> 171
32 <-> 172, 173
33 <-> 174
34 <-> 175, 176, 177, 178
35 <-> 179
36 <-> 180, 181
37 <-> 182, 37
38 <-> 183
39 <-> 184, 185, 186
40 <-> 187
41 <-> 188
42 <-> 189, 190
43 <-> 191, 192
44 <-> 193, 194
45 <-> 195, 196, 197, 198
46 <-> 199, 200, 201
47 <-> 202
48 <-> 48, 203
49 <-> 204
50 <-> 205, 206, 50
51 <-> 207
52 <-> 208
53 <-> 209
54 <-> 210
55 <-> 211, 212
56 <-> 213, 214
57 <-> 215
58 <-> 216
59 <-> 217
60 <-> 218
61 <-> 219, 220, 221
62 <-> 222
63 <-> 223, 224, 225
64 <-> 226, 227
65 <-> 228, 229
66 <-> 230, 231, 232
67 <-> 233, 234, 235, 236
68 <-> 237, 238
69 <-> 239
70 <-> 240, 241
71 <-> 242
72 <-> 243, 244, 245
73 <-> 246
74 <-> 247, 248
75 <-> 249, 250, 251
76 <-> 252
77 <-> 253
78 <-> 254
79 <-> 255
80 <-> 256
81 <-> 257, 258
82 <-> 259, 260
83 <-> 261
84 <-> 262
85 <-> 263, 264
86 <-> 265
87 <-> 266
88 <-> 267
89 <-> 268
90 <-> 269, 270
91 <-> 271
92 <-> 272
93 <-> 273
94 <-> 274, 275, 276, 277
95 <-> 278
96 <-> 279, 280, 281
97 <-> 282
98 <-> 283
99 <-> 99
100 <-> 284
101 <-> 285
102 <-> 286
103 <-> 287
104 <-> 288
105 <-> 289, 290
106 <-> 291
107 <-> 292
108 <-> 293, 294
109 <-> 295, 296
110 <-> 297
111 <-> 298, 299
112 <-> 300
113 <-> 301, 302
114 <-> 303
115 <-> 304, 305
116 <-> 306, 307
117 <-> 308, 309
118 <-> 310
119 <-> 311
120 <-> 312, 313
121 <-> 314
122 <-> 315, 316
123 <-> 317, 318
124 <-> 319, 320
125 <-> 321, 322
126 <-> 323, 324
