0 <-> 9
2 <-> 2
3 <-> 870
4 <-> 361
5 <-> 5
137 <-> 14, 59
7 <-> 438, 1509
8 <-> 985
10 <-> 608, 1493, 1587, 1646
22 <-> 1748, 1774
23 <-> 723, 871
26 <-> 18, 490, 545, 1123, 1958
27 <-> 67
28 <-> 832, 1227
29 <-> 142
31 <-> 283
32 <-> 921
35 <-> 235, 885, 1119
36 <-> 936, 1831
37 <-> 2641, 1688, 1903
88 <-> 931, 1024
18 <-> 155, 99, 194, 186
89 <-> 378
91 <-> 276
92 <-> 342
93 <-> 615, 1667
146 <-> 146
68 <-> 127, 177
148 <-> 101, 751, 793, 1602, 1603
149 <-> 1401, 1883
107 <-> 175, 65, 47
75 <-> 181
125 <-> 70, 160
61 <-> 168, 158, 192
151 <-> 115, 205, 496, 35
152 <-> 521, 1037
153 <-> 298, 760, 803, 1664
156 <-> 1138, 1146, 1335
157 <-> 292
109 <-> 178
315 <-> 81, 1360, 1817
316 <-> 1095
317 <-> 1, 476
118 <-> 80
319 <-> 906, 1008, 1989
320 <-> 1401
321 <-> 646, 1265, 1877
322 <-> 928, 1935
323 <-> 687
324 <-> 324
325 <-> 552, 783, 984
326 <-> 512
327 <-> 761, 1240, 1789
328 <-> 207, 276
329 <-> 1167, 1569
330 <-> 595, 1059
331 <-> 556
332 <-> 943, 1109, 1995
333 <-> 732
334 <-> 365
335 <-> 35, 8, 7, 2, 470, 4
5 <-> 37, 802, 4, 2, 4, 364
