24 <-> 244, 624
5 <-> 5
0 <-> 950, 1039
28 <-> 832, 1227
16 <-> 2100
60 <-> 896, 982
59 <-> 1620, 1914
6 <-> 305, 842, 1932
138 <-> 662, 1429
74 <-> 537, 1861
2 <-> 3
34 <-> 5170
35 <-> 471, 885, 1119
14 <-> 215, 1155, 1523
9 <-> 425
77 <-> 611
29 <-> 285
17 <-> 121, 43, 20
161 <-> 189
10 <-> 121, 1532
7 <-> 438, 1509
22 <-> 1748, 1774
27 <-> 27
19 <-> 1656
61 <-> 61, 1666
11 <-> 285, 1242, 876
25 <-> 218, 490, 545, 1123, 1458
12 <-> 632, 762, 829
36 <-> 936, 1, 402, 3593
150 <-> 55
78 <-> 1452, 9706, 8
31 <-> 283
33 <-> 395, 1772
32 <-> 921
