1945 <-> 664, 1945
684 <-> 1609
1958 <-> 26, 70, 1422, 1580
1921 <-> 992, 1395, 1722
45 <-> 130, 881, 1158
1964 <-> 1153
1836 <-> 127
057 <-> 105, 31
728 <-> 1597
1273 <-> 1522
760 <-> 153, 873, 1313, 1844
1918 <-> 495, 935, 1234, 1408, 1556
11 <-> 285, 1242, 1753
687 <-> 323, 687
85 <-> 1161
1903 <-> 87, 1406
11831 <-> 36, 378, 381, 1635
82 <-> 1420, 1865
1270 <-> 1584, 1640, 1721
217 <-> 602
739 <-> 219
1927 <-> 906, 1555
1932 <-> 6, 1767, 1844
1853 <-> 822, 1701
1902 <-> 1881
724 <-> 302, 1333
141 <-> 441
176 <-> 455, 457, 712, 1386, 1639
732 <-> 333, 1296
1948 <-> 1403
1293 <-> 857
1279 <-> 939, 989
1928 <-> 370, 1429, 1444
1806 <-> 70, 371
678 <-> 37
779 <-> 838, 8692, 1545
137 <-> 207
100 <-> 56, 1924
195 <-> 439, 1193, 1875
139 <-> 680, 708, 1717, 1808
3 <-> 870
1885 <-> 1029
106 <-> 410, 1114, 1557
161 <-> 1602, 1936
9 <-> 425
1849 <-> 1226
689 <-> 398, 1079
167 <-> 39, 1626
683 <-> 615, 1250
81 <-> 81, 315
181 <-> 367, 1219
165 <-> 1022, 1377
766 <-> 209, 707, 798, 1649
1883 <-> 149, 392, 1340
682 <-> 412
1792 <-> 633
1949 <-> 249, 848, 899
1818 <-> 1150, 1952
1879 <-> 1453, 1510
1251 <-> 1074, 1251, 1641
158 <-> 1020
759 <-> 1010
89 <-> 378
714 <-> 75
70 <-> 173, 527, 743, 1806, 1958
1262 <-> 259
109 <-> 416, 705
723 <-> 23, 723
9912 <-> 987, 1005, 1138
101 <-> 148
773 <-> 1565
661 <-> 883
185 <-> 185
1784 <-> 310, 1547
63 <-> 1423, 1484
1914 <-> 603, 1460
133 <-> 776, 1300
192 <-> 989, 1088, 1096, 1891
117 <-> 153
1788 <-> 42
111 <-> 311, 1895
2 <-> 2
1283 <-> 940, 1652
690 <-> 1485, 1995
1857 <-> 1687
28 <-> 132, 46, 63, 13
665 <-> 1462
1842 <-> 1523
726 <-> 858
738 <-> 5353
648 <-> 256, 877, 1981
1891 <-> 192, 1726
108 <-> 1367
1301 <-> 303, 380, 643, 7722, 902, 946, 1278
768 <-> 1723
186 <-> 459, 493
194 <-> 1974
1854 <-> 220, 1128, 1139, 1351
654 <-> 654
1992 <-> 601, 696
1929 <-> 671
173 <-> 70, 295
1905 <-> 245
758 <-> 509
1844 <-> 988, 1932
24 <-> 244, 624
130 <-> 45, 251, 804, 1078
227 <-> 274, 966
695 <-> 1427
199 <-> 471
691 <-> 691
662 <-> 13
1791 <-> 1042, 1177
95 <-> 95
1 <-> 317, 904, 923
1939 <-> 1522
1856 <-> 926, 950
1258 <-> 1706
93 <-> 6515, 1667, 1745
655 <-> 520, 1394
1789 <-> 327, 863, 1316
1281 <-> 1869, 1987
718 <-> 578
33 <-> 395, 1772
99 <-> 1417
1951 <-> 1679
672 <-> 945
51 <-> 138, 454, 1105
1983 <-> 857, 1353, 1983
135 <-> 1176
4 <-> 361
79 <-> 1618
1898 <-> 1756
177 <-> 638, 1102
30 <-> 223, 1317, 1773
147 <-> 1871
84 <-> 84, 343, 948
1886 <-> 1309
148 <-> 101, 751, 793, 1601, 1603
1978 <-> 549, 1307
146 <-> 146
1967 <-> 1767
1973 <-> 750, 1542
1968 <-> 1157
1913 <-> 55, 1378, 1407
1869 <-> 458, 762, 1281
1285 <-> 701, 1379, 1596
198 <-> 1385
1971 <-> 635, 1612
1850 <-> 519
97 <-> 463
1807 <-> 267, 1110
12 <-> 632, 762, 829
1821 <-> 119, 852, 973, 1868
717 <-> 830, 1738
225 <-> 1374, 1751
1297 <-> 928
1832 <-> 436
694 <-> 564
25 <-> 25
73 <-> 73, 1571
1785 <-> 57, 626, 1769
228 <-> 230, 1207, 1739
1955 <-> 528, 1475
1907 <-> 26, 453, 842, 1199
765 <-> 822, 864, 1040
58 <-> 138, 402, 1593
660 <-> 258, 1396
26 <-> 18, 490, 545, 1123, 1958
188 <-> 128
143 <-> 216, 468, 1180, 1695
1946 <-> 1946
676 <-> 697, 1036
1858 <-> 1572, 1620
156 <-> 1138, 1146, 1335
29 <-> 285
131 <-> 995
707 <-> 766, 949, 5586
151 <-> 115, 205, 496, 535
152 <-> 521, 1037
119 <-> 915, 1821
1810 <-> 500, 1562, 1714
40 <-> 804, 1127, 1419
1943 <-> 1943
1814 <-> 1163
1805 <-> 675, 898
1996 <-> 1183
720 <-> 56, 827
653 <-> 206, 999
1839 <-> 1007
229 <-> 9427, 529, 1301
1899 <-> 1246, 1368
1931 <-> 1336
685 <-> 1011
155 <-> 1524
1829 <-> 997, 1829
76 <-> 554, 1582
1874 <-> 1469
193 <-> 193, 1405
182 <-> 1370
1288 <-> 254
88 <-> 931, 1027
698 <-> 459, 749, 1124
1979 <-> 465
1991 <-> 446, 1505
17 <-> 275
1852 <-> 1852
1282 <-> 1274
703 <-> 703, 1106
60 <-> 896, 982
16 <-> 1050
663 <-> 364, 514
32 <-> 921
749 <-> 492, 698
1824 <-> 608, 810, 961, 16654
87 <-> 270, 1024, 1541, 1688, 1903
1863 <-> 72, 1076
107 <-> 107
1974 <-> 194, 833
1825 <-> 437, 1752
1823 <-> 1144, 1371, 1800
1260 <-> 1436
1266 <-> 343
1294 <-> 1097, 1619
179 <-> 862, 876, 1633
69 <-> 414
162 <-> 162, 171, 1173
1926 <-> 546, 1009, 1347
1972 <-> 1051, 1707
1265 <-> 160, 321, 1204, 1615
777 <-> 164, 462, 879, 1890
1920 <-> 421, 1790
160 <-> 1265, 12734, 1330
1990 <-> 1119
1254 <-> 1449, 1452, 1892
1966 <-> 50, 519, 699
647 <-> 486
20 <-> 1907
36 <-> 936, 1831
1793 <-> 1568
196 <-> 563
1864 <-> 760, 1554
1861 <-> 74, 630
743 <-> 70, 1276
744 <-> 46
1916 <-> 1126, 1383, 1753
184 <-> 377, 1415, 1642
731 <-> 869
1954 <-> 1247
656 <-> 459
644 <-> 1342
1827 <-> 1, 504, 16930
1976 <-> 872, 1310, 6155, 1637
1862 <-> 1000, 1314, 1439, 1718
1999 <-> 1239, 1364
1997 <-> 376, 746
1295 <-> 553
6992 <-> 692
715 <-> 445, 815, 1231
21 <-> 608, 1493, 1587, 1646
140 <-> 445, 1732
722 <-> 1225, 1301
170 <-> 170, 571, 696, 859
1257 <-> 532
1969 <-> 226, 1770
31 <-> 283
8 <-> 985
716 <-> 1659
1900 <-> 441, 814, 1163
172 <-> 1183
64 <-> 64, 400
218 <-> 1325, 1581
1838 <-> 335
129 <-> 968
1830 <-> 1474, 1759
646 <-> 261, 321
747 <-> 94, 233, 1332
746 <-> 613, 1094, 1997
48 <-> 48, 1363
1841 <-> 222
1259 <-> 166, 1668
90 <-> 954, 1519
780 <-> 576, 587, 1531
43 <-> 15, 403, 866
790 <-> 778, 947, 1162, 1253, 1425
1816 <-> 408, 737
667 <-> 433
1272 <-> 1333, 1801
1264 <-> 448
753 <-> 348, 521, 769, 1638
91 <-> 276
1261 <-> 459
666 <-> 487, 696
701 <-> 1285, 1736
1980 <-> 1384
190 <-> 1312, 1351, 1723
122 <-> 1421, 1532
771 <-> 378, 754
727 <-> 308, 557
1263 <-> 599
1947 <-> 733, 1632
1828 <-> 1400
145 <-> 145, 507
178 <-> 1802
1940 <-> 1466
752 <-> 200, 505, 627, 1564
52 <-> 1647
649 <-> 904
1889 <-> 116, 280, 448, 1435
1269 <-> 498
1840 <-> 1722
144 <-> 533, 996, 1794
531 <-> 298, 760, 803, 1664
38 <-> 1238
19 <-> 1656
61 <-> 61, 1666
1797 <-> 480, 564, 1524
19537 <-> 1212
200 <-> 752, 783, 13, 1481, 1897
1289 <-> 1027
1877 <-> 321, 912
127 <-> 1777, 1836
1961 <-> 991, 1386, 1561
1847 <-> 1141
47 <-> 867, 1391, 1630
651 <-> 340
659 <-> 572, 1241
1813 <-> 483, 913, 1813
157 <-> 1373, 1771, 1859
1878 <-> 962, 1161, 1547
658 <-> 1713, 1917
132 <-> 1420, 1498
1804 <-> 78, 1178
105 <-> 113, 1090
110 <-> 2916, 1837
1884 <-> 234, 571, 893
221 <-> 614, 811
1904 <-> 358
1895 <-> 111, 1741, 1919
1291 <-> 1509
1845 <-> 293
1267 <-> 478
117 <-> 567, 1502
756 <-> 1031
1278 <-> 1301, 1468
1981 <-> 197, 648
767 <-> 767, 1445
174 <-> 517, 573
1302 <-> 12382
35 <-> 471, 885, 1119
1290 <-> 825
770 <-> 1228
1820 <-> 736, 1135, 17011
113 <-> 105, 629, 1786
740 <-> 169, 964
1934 <-> 237
118 <-> 136, 461, 804
102 <-> 807, 1177
1783 <-> 1531
44 <-> 497, 503, 1305
1277 <-> 466, 787, 1277
180 <-> 588
1910 <-> 1085, 1183, 1690
68 <-> 1597
1880 <-> 290, 1209
674 <-> 870, 1409
741 <-> 741
1930 <-> 1670
755 <-> 537
126 <-> 126
1795 <-> 918
709 <-> 521, 1742
1796 <-> 858
1993 <-> 550
1255 <-> 1984
1915 <-> 59, 405
1286 <-> 49, 1286, 1511
222 <-> 542, 963, 1420
1846 <-> 393, 1568, 1598, 1846
679 <-> 355, 1201
62 <-> 1157
54 <-> 54
1882 <-> 566, 977, 1287, 1710
1959 <-> 1749
1872 <-> 533
164 <-> 777, 1147, 1192
223 <-> 30, 1237
705 <-> 109, 1083
6 <-> 305, 842, 1932
1822 <-> 917
734 <-> 83
17904 <-> 430, 1920
764 <-> 677, 1117
1298 <-> 470, 1134, 1462, 3557
761 <-> 327
769 <-> 243, 753
175 <-> 635
1925 <-> 80, 693, 840
1275 <-> 1722
1843 <-> 858, 1211, 1492, 1623
650 <-> 1378
1799 <-> 276, 389, 1550, 1815
772 <-> 917
1826 <-> 120, 1621
16287 <-> 577, 1882
1888 <-> 154, 901
66 <-> 1437
1941 <-> 379
1965 <-> 435
681 <-> 456, 854
664 <-> 1168, 1945
1867 <-> 794, 1477
22 <-> 1748, 1774
675 <-> 565, 1805
1855 <-> 1380
103 <-> 103
1292 <-> 552, 1548
0 <-> 950, 1039
163 <-> 293, 500, 960
713 <-> 1512, 1586
645 <-> 618
652 <-> 562, 1984
763 <-> 231, 1606
150 <-> 453, 999
1937 <-> 1937
742 <-> 1376
191 <-> 375
700 <-> 1682
114 <-> 1221
53 <-> 762
657 <-> 522, 875
704 <-> 474, 908, 1439
1896 <-> 1254, 1708
729 <-> 418
1815 <-> 431, 1799
124 <-> 124
28 <-> 832, 1227
86 <-> 971
183 <-> 799, 1489
1893 <-> 232
671 <-> 1929, 1989
1253 <-> 730, 1579
23 <-> 723, 871
710 <-> 574
719 <-> 1600
1988 <-> 98, 168, 1988
1299 <-> 96, 301, 1356
721 <-> 350, 1157, 1271, 1716
142 <-> 1280, 1787
751 <-> 148, 391
1911 <-> 224, 878, 1690
748 <-> 748
775 <-> 270
1894 <-> 1012
1835 <-> 1610
104 <-> 248, 593, 895
14 <-> 215, 1155, 1523
1970 <-> 881
1977 <-> 804
1268 <-> 1641
1923 <-> 1491, 1812
1944 <-> 1699
1798 <-> 624
725 <-> 116, 435, 1651
1859 <-> 157, 1035
668 <-> 112, 1553
67 <-> 1390, 1535
1873 <-> 413
1870 <-> 366, 974, 1566
670 <-> 1372
1901 <-> 550, 1280
702 <-> 1401
1860 <-> 1851
15 <-> 43, 238, 1552
1875 <-> 195, 273
71 <-> 393, 1585, 1680
711 <-> 811
1906 <-> 574, 1906
7 <-> 438, 15, 9
1935 <-> 322, 785, 1559, 1803
1985 <-> 1045
1950 <-> 611, 981, 1467, 1733
41 <-> 365
1819 <-> 796, 1644
1866 <-> 1331, 1866
27 <-> 27
123 <-> 843, 1837
1938 <-> 397
188 <-> 367, 686, 930, 1643
134 <-> 134, 467
34 <-> 1169
1834 <-> 592
187 <-> 1524
1986 <-> 941
1833 <-> 1207
669 <-> 815, 1394, 1522
1982 <-> 625, 784
1942 <-> 428, 1345
1922 <-> 1483
92 <-> 342
189 <-> 1433
735 <-> 482, 1245
1960 <-> 797, 1671
219 <-> 4261, 739, 1209
1811 <-> 1504
65 <-> 1323
57 <-> 547, 1417, 1501, 1785
112 <-> 112, 668, 1720
1876 <-> 1004, 1049
1817 <-> 315, 1956
1908 <-> 927
781 <-> 8283
616 <-> 166, 508, 523, 825, 1259
121 <-> 10
37 <-> 263, 678, 1356, 1683, 1714
1284 <-> 514, 1459
