89 <-> 100
2 <-> 4
6 <-> 64
20 <-> 1, 338, 402, 951, 1593
22 <-> 1748, 1774
29 <-> 285
32 <-> 9
1 <-> 5, 194, 195, 72, 37
62 <-> 1157
117 <-> 567, 1502
120 <-> 1342, 1826
128 <-> 128
131 <-> 995
138 <-> 51, 58, 75
139 <-> 680, 708, 1717, 1808
140 <-> 440, 1732
144 <-> 996, 1794, 5832
145 <-> 145, 507
151 <-> 115, 205, 496, 535
153 <-> 298, 760, 803, 1664
155 <-> 1524
159 <-> 1102
160 <-> 1265, 1274, 1660
162 <-> 162, 171, 1173
164 <-> 777, 1147, 1192
166 <-> 166, 508, 523, 825, 1259
167 <-> 39, 1626
168 <-> 1988
169 <-> 1602, 1936
170 <-> 170, 571, 696, 859
171 <-> 9, 61, 116, 138, 164, 183, 196, 197
172 <-> 1183
174 <-> 7, 51, 573
175 <-> 635
177 <-> 638, 1102
180 <-> 588
182 <-> 1370
186 <-> 459, 493
189 <-> 1433
192 <-> 989, 1088, 1096, 1891
194 <-> 193, 1405
195 <-> 439, 1193, 1875
199 <-> 471
200 <-> 752, 783, 1346
201 <-> 201, 1023
202 <-> 399, 582
204 <-> 628, 1351, 1606
206 <-> 653
207 <-> 137, 328
208 <-> 250
209 <-> 357, 766, 853
210 <-> 810
211 <-> 1047, 1754
212 <-> 601
213 <-> 1660
214 <-> 214, 282, 1166, 1341, 1751
215 <-> 14
218 <-> 1325, 1581
219 <-> 426, 739, 1209
220 <-> 1854
222 <-> 542, 963, 1420
223 <-> 30, 1237
224 <-> 335, 1911
225 <-> 1374, 1751
227 <-> 274, 966
229 <-> 944, 978, 1568
230 <-> 228, 273, 277, 1252
231 <-> 419, 7763, 1579
233 <-> 436, 747
45 <-> 137, 196
235 <-> 980, 1694
236 <-> 236
238 <-> 15
239 <-> 239, 372
240 <-> 396
241 <-> 1084, 1634
242 <-> 706
245 <-> 1528, 1606, 1905
246 <-> 1327
247 <-> 1457, 1550
248 <-> 104
249 <-> 987, 1041, 1949
252 <-> 619, 1709
253 <-> 616
258 <-> 660, 905
259 <-> 287, 941, 1141, 1262
260 <-> 919
262 <-> 418, 634
264 <-> 484, 618
265 <-> 265, 1520
266 <-> 576, 609
267 <-> 762, 1807
268 <-> 515, 1172
269 <-> 458
270 <-> 87, 619, 775, 1157
271 <-> 1214
272 <-> 1175, 1697
273 <-> 230, 1875
274 <-> 227, 274, 1592
275 <-> 17, 615, 827, 1013
276 <-> 91, 313, 328, 1799
278 <-> 513, 1449
279 <-> 785, 996, 1375
281 <-> 1501
292 <-> 314, 918, 1025
294 <-> 1318, 5296
297 <-> 1141
298 <-> 153, 622
299 <-> 1225
300 <-> 10302, 1462
301 <-> 1299
302 <-> 391, 724
303 <-> 1301, 1599
304 <-> 304, 937
305 <-> 6, 1442
307 <-> 1127, 1618
308 <-> 727, 32
16009 <-> 387
312 <-> 1156
313 <-> 276, 313, 596
315 <-> 81, 1360, 1817
319 <-> 906, 1008, 1989
320 <-> 1401
321 <-> 646, 1263
1835 <-> 185
1997 <-> 376, 746
1999 <-> 1239, 1364
