
5 <-> 177
6 <-> 6
7 <-> 178
8 <-> 179, 180
9 <-> 181
10 <-> 182
11 <-> 183, 184
12 <-> 185, 186, 687
13 <-> 188
14 <-> 189, 190
15 <-> 191, 192, 193
16 <-> 194
17 <-> 195, 196
18 <-> 197
19 <-> 239
48 <-> 240, 241
49 <-> 242, 243
50 <-> 244, 245
51 <-> 246, 51
52 <-> 247
53 <-> 248, 249, 250
54 <-> 251
55 <-> 252
56 <-> 253
57 <-> 254
58 <-> 255, 256
59 <-> 257, 258
60 <-> 2
92 <-> 320, 321, 322
93 <-> 323
94 <-> 324
95 <-> 325, 326
96 <-> 327
97 <-> 328, 329, 330
98 <-> 331, 332
99 <-> 333, 334
100 <-> 335, 336, 337 353, 115
116 <-> 116
118 <-> 356, 357, 35845񷮠