13 <-> 170, 571, 696, 859
1982 <-> 1982
176 <-> 455, 457, 712, 1386, 1639
1878 <-> 962, 1161, 1547
1932 <-> 6, 1767, 1844
1944 <-> 1699
1945 <-> 664, 1945
65 <-> 44
184 <-> 37, 39, 117
1947 <-> 733, 1632
1965 <-> 1965
1948 <-> 1403
1950 <-> 611, 981, 1467, 1733
22 <-> 36
1952 <-> 1818
1953 <-> 1212
1954 <-> 1247
1955 <-> 528, 1475
1956 <-> 1817
1757 <-> 198
154 <-> 38
1985 <-> 1985
1957 <-> 26, 70, 1422, 1580
143 <-> 87
1959 <-> 1749
1961 <-> 991, 1386, 1561
1962 <-> 1519
1965 <-> 435
171 <-> 145
1966 <-> 50, 519, 699
1967 <-> 1767
1969 <-> 226, 1770
19740 <-> 880
1970 <-> 635, 1612
193 <-> 122
1972 <-> 1051, 1707
1973 <-> 750, 1542
1974 <-> 194, 833
275 <-> 275
88 <-> 134, 60
1975 <-> 1547
45 <-> 40
1976 <-> 872, 1311, 1565, 1637
1977 <-> 804
1979 <-> 465
1981 <-> 197, 648
1982 <-> 625, 784
1984 <-> 652, 1254
1985 <-> 1045
1986 <-> 941
1987 <-> 5
1992 <-> 601, 696
1997 <-> 275
1994 <-> 825, 1749
63 <-> 42, 118
1995 <-> 332, 690
1998 <-> 414, 829
999 <-> 1239, 1364
124 <-> 77
