40 <-> 804, 1127, 1419
10 <-> 121, 1532
709 <-> 521, 1742
143 <-> 216, 468, 1180, 1695
169 <-> 740
708 <-> 139, 1600, 1654
17 <-> 275
11 <-> 285, 1242, 1753
43 <-> 15, 403, 866
677 <-> 397, 764
183 <-> 799, 1489
792 <-> 1141, 1746, 1757
224 <-> 335, 1911
166 <-> 166, 508, 523, 825, 1259
229 <-> 944, 978, 1567
237 <-> 1468, 1934
227 <-> 274, 966
250 <-> 208, 818
165 <-> 1022, 1377
58 <-> 138, 402, 1593
648 <-> 256, 877, 1981
660 <-> 258, 1396
223 <-> 30, 1237
12 <-> 632, 762, 829
144 <-> 532, 996, 1794
24 <-> 244, 624
153 <-> 298, 760, 803, 1664
235 <-> 980, 1694
681 <-> 456, 854
717 <-> 830, 1738
718 <-> 578
48 <-> 48, 1363
200 <-> 752, 783, 1346
13 <-> 662, 1429
198 <-> 1385
174 <-> 517, 573
715 <-> 445, 815, 1231
52 <-> 1647
217 <-> 602
676 <-> 697, 1036
787 <-> 834, 1277, 1534
30 <-> 223, 1317, 1773
671 <-> 1929, 1989
149 <-> 1401, 1883
170 <-> 170, 571, 696, 859
702 <-> 1401
60 <-> 896, 982
725 <-> 116, 435, 1651
49 <-> 1286
188 <-> 367, 686, 930, 1643
219 <-> 426, 739, 1209
210 <-> 810
239 <-> 239, 362
225 <-> 1374, 1751
167 <-> 39, 3626
263 <-> 73, 964
264 <-> 484, 618
202 <-> 399, 582
150 <-> 453, 999
59 <-> 1620, 1915
704 <-> 474, 908, 1439
780 <-> 576, 587, 1531
35 <-> 471, 885, 1119
689 <-> 398, 1079
180 <-> 588
659 <-> 572, 1241
64 <-> 136, 140, 176
4 <-> 361
22 <-> 1748, 1774
658 <-> 1713, 1917
190 <-> 1312, 1351, 1723
2 <-> 2
23 <-> 723, 871
54 <-> 54
657 <-> 522, 875
665 <-> 1462
731 <-> 869
185 <-> 185
656 <-> 459
196 <-> 563
29 <-> 2875
20 <-> 1907
14 <-> 215, 1110, 1523
707 <-> 766, 949, 1439
713 <-> 1512, 1586
151 <-> 115, 205, 496, 535
61 <-> 61, 1666
736 <-> 236
247 <-> 1457, 1550
128 <-> 80, 42, 131, 31, 126
788 <-> 1478
213 <-> 1660
158 <-> 1020
28 <-> 832, 1227
233 <-> 436, 747
179 <-> 90, 25, 119
684 <-> 1609
95 <-> 97
234 <-> 1884
191 <-> 375
204 <-> 628, 1351, 1606
172 <-> 1183
243 <-> 769, 1455
88 <-> 84
262 <-> 418, 634
682 <-> 412
31 <-> 283
222 <-> 542, 963, 1420
700 <-> 1682
232 <-> 232, 1893
194 <-> 1974
254 <-> 1092, 1288, 1328
701 <-> 1285, 1736
211 <-> 1047, 1754
173 <-> 70, 295
245 <-> 1528, 1605, 1905
146 <-> 292
670 <-> 1372
791 <-> 553, 1344
182 <-> 1370
41 <-> 365
193 <-> 193, 1405
228 <-> 230, 1207, 1739
724 <-> 302, 1333
32 <-> 921
727 <-> 308, 557
779 <-> 838, 69, 1545
178 <-> 1802
203 <-> 318, 1011
176 <-> 455, 457, 712, 1386, 1639
51 <-> 138, 454, 1105
652 <-> 562, 1984
669 <-> 815, 1394, 1521
168 <-> 180
667 <-> 433
720 <-> 56, 827
206 <-> 653
197 <-> 1981
259 <-> 287, 941, 1141, 1262
53 <-> 762
710 <-> 574
207 <-> 137, 328
25 <-> 65
186 <-> 459, 493
781 <-> 826, 1700
157 <-> 1373, 1771, 1859
694 <-> 564
777 <-> 164, 462, 879, 1890
719 <-> 1600
63 <-> 1732
242 <-> 353
177 <-> 638, 1102
103 <-> 18, 157, 36
706 <-> 703, 1106
6 <-> 305, 842, 1932
666 <-> 487, 696
674 <-> 870, 1409
122 <-> 16, 145
693 <-> 1398, 1925
240 <-> 396
1 <-> 317, 904, 923
221 <-> 261, 425, 526, 646
189 <-> 1433
722 <-> 1225, 1301
42 <-> 1632, 1788
785 <-> 279, 1935
214 <-> 214, 282, 1166, 1341, 1751
695 <-> 1427
661 <-> 883
152 <-> 521, 1037
687 <-> 323, 687
55 <-> 340, 1913
673 <-> 1760
45 <-> 130, 881, 1158
721 <-> 350, 1157, 1271, 1716
47 <-> 867, 1391, 1630
241 <-> 1084, 1634
7 <-> 438, 1509
141 <-> 441
81 <-> 136
44 <-> 497, 503, 1305
683 <-> 615, 1250
705 <-> 109, 1083
21 <-> 606, 1493, 1587, 1646
0 <-> 28
37 <-> 263, 678, 1356, 1683, 1714
675 <-> 5765, 1805
199 <-> 471
231 <-> 419, 763, 1579
663 <-> 364, 514
732 <-> 333, 1296
672 <-> 945
148 <-> 101, 751, 793, 1601, 1603
668 <-> 112, 1553
714 <-> 75
62 <-> 1157
782 <-> 432, 569, 583
733 <-> 1276, 5
246 <-> 1327
491 <-> 691
175 <-> 635
162 <-> 162, 171, 1173
57 <-> 547, 1417, 1501, 1785
257 <-> 360, 581, 1658
161 <-> 1602, 1936
15 <-> 43, 238, 1552
698 <-> 451, 749, 1124
33 <-> 395, 1772
690 <-> 1485, 1996
195 <-> 439, 1193, 1875
26 <-> 18, 490, 545, 1123, 1958
252 <-> 619, 1709
220 <-> 1854
8 <-> 985
135 <-> 99, 160
226 <-> 226, 1970
790 <-> 1342, 1464
181 <-> 367, 1219
86 <-> 91, 77, 9, 4, 15, 38, 24, 184
679 <-> 355, 1201
46 <-> 46, 744
38 <-> 1238
159 <-> 1102
155 <-> 1524
184 <-> 377, 1415, 1642
19 <-> 1656
192 <-> 990, 1088, 1096, 1891
50 <-> 1687, 1966
249 <-> 987, 1041, 1949
142 <-> 1280, 1787
716 <-> 1659
56 <-> 100, 720
711 <-> 811
34 <-> 1170
655 <-> 520, 1394
154 <-> 1888
794 <-> 1408
728 <-> 1597
201 <-> 201, 1023
789 <-> 789, 1871
179 <-> 862, 876, 1633
260 <-> 919
147 <-> 1871
16 <-> 82
156 <-> 1138, 1146, 1335
163 <-> 293, 500, 960
688 <-> 1067, 1692
