0 <-> 59, 60, 61, 62, 63, 64, 65, 66
1 <-> 67, 68, 69
2 <-> 70, 71
3 <-> 72
4 <-> 73, 74
5 <-> 75
6 <-> 76, 77
7 <-> 78
8 <-> 79, 80
9 <-> 81
10 <-> 82, 83, 84, 85
11 <-> 86, 87, 88, 89
12 <-> 90, 91, 92, 93
13 <-> 94
14 <-> 95
15 <-> 96, 97, 98, 99, 100, 101, 102, 103
16 <-> 104, 105, 106, 107, 108, 109, 110
17 <-> 111, 112
18 <-> 113
19 <-> 114, 115, 116, 12, 117, 118
20 <-> 119
21 <-> 120, 121, 122
22 <-> 123, 124
23 <-> 125, 126
24 <-> 127
25 <-> 128
26 <-> 129
27 <-> 130, 131
28 <-> 132, 133, 134, 135
29 <-> 136, 137, 138
30 <-> 139
31 <-> 140, 141, 142
32 <-> 143, 144
33 <-> 145
34 <-> 146, 147
35 <-> 148, 149, 150
36 <-> 151, 152, 153, 154
37 <-> 155, 156
38 <-> 157, 158
39 <-> 159, 160
40 <-> 161
41 <-> 162, 163, 164
42 <-> 165
43 <-> 166, 167
44 <-> 168, 169, 170
45 <-> 171
46 <-> 172
47 <-> 173, 174, 175
48 <-> 176
49 <-> 177, 178, 179
50 <-> 180, 181
51 <-> 182, 183, 184, 185, 83, 186, 187
52 <-> 188, 189
53 <-> 190, 191
54 <-> 192
55 <-> 193
56 <-> 194, 177, 195, 196, 197, 198, 199
57 <-> 200, 201
58 <-> 202, 203
