0 <-> 289, 290, 291
1 <-> 1
2 <-> 292
3 <-> 293
4 <-> 4
5 <-> 294, 295, 296
6 <-> 297, 298
7 <-> 299
8 <-> 300, 301
8 <-> 302, 303
9 <-> 304, 305, 306
10 <-> 307, 308
11 <-> 309, 310, 311
12 <-> 312
13 <-> 313
14 <-> 314
15 <-> 315
16 <-> 316, 317, 318, 319
17 <-> 320, 321
18 <-> 322, 323
19 <-> 324, 325
20 <-> 20
21 <-> 326, 327, 328, 329, 330
22 <-> 22
23 <-> 331, 332
24 <-> 181, 333, 334
25 <-> 335
26 <-> 336
27 <-> 337, 338
28 <-> 339
29 <-> 340, 341
30 <-> 342, 343, 344, 345, 346
31 <-> 347
32 <-> 348
33 <-> 349, 350, 351
34 <-> 352
35 <-> 353, 354
36 <-> 355, 356, 357
37 <-> 358, 359, 360
38 <-> 105, 361, 362
39 <-> 39, 363
40 <-> 364, 365, 366
41 <-> 41, 367
42 <-> 368
43 <-> 369, 370
44 <-> 371
45 <-> 372
46 <-> 46
47 <-> 373, 374, 375, 376
48 <-> 377
49 <-> 378, 379
50 <-> 50, 380
51 <-> 381
52 <-> 382
53 <-> 383, 384
54 <-> 385
55 <-> 142, 386, 387, 388, 330
56 <-> 389, 390, 391
57 <-> 392, 393
58 <-> 58, 394
59 <-> 395, 396
60 <-> 397, 398
61 <-> 399
62 <-> 400, 401, 402
63 <-> 403
64 <-> 64, 404
65 <-> 405, 406
66 <-> 407, 408
67 <-> 67, 409, 410
68 <-> 411
69 <-> 412
70 <-> 413, 414, 415, 416, 417
71 <-> 418, 414
72 <-> 419, 420
73 <-> 421
74 <-> 422
75 <-> 423, 424, 425
76 <-> 426, 427, 428
77 <-> 77
78 <-> 429
79 <-> 430
80 <-> 431, 432
81 <-> 433, 434
82 <-> 82
83 <-> 435, 436, 437
84 <-> 438, 439, 440
85 <-> 85
86 <-> 441
87 <-> 442, 443
88 <-> 444, 445
89 <-> 446, 447
90 <-> 90, 448, 449
91 <-> 450, 451, 452
92 <-> 453
93 <-> 454, 455, 456
94 <-> 457, 458
95 <-> 459, 460, 349
96 <-> 461, 462
97 <-> 463, 464
98 <-> 465, 445
99 <-> 99
100 <-> 466
101 <-> 101
102 <-> 467, 468
103 <-> 103
104 <-> 469
105 <-> 38, 205, 349, 470
106 <-> 471, 472
107 <-> 473, 474
108 <-> 108, 475
109 <-> 476
110 <-> 95, 298
111 <-> 477, 478, 479
112 <-> 480, 258, 481, 482
113 <-> 483, 484
114 <-> 485
115 <-> 486, 487
116 <-> 488, 489, 490, 491
117 <-> 492, 493, 408
118 <-> 118, 494
119 <-> 119
120 <-> 495
121 <-> 496, 497, 498, 499, 500
122 <-> 501, 502
123 <-> 503, 504, 505, 506
124 <-> 507, 508
125 <-> 509, 510, 511, 512
126 <-> 513
127 <-> 514
128 <-> 515, 516, 517
129 <-> 518, 519, 520
130 <-> 521
131 <-> 522
132 <-> 523, 524, 525
133 <-> 526, 527
134 <-> 134, 528, 529
135 <-> 530
136 <-> 531, 532, 533
137 <-> 276, 534, 535
138 <-> 536, 537
139 <-> 139, 538, 539, 540, 541
140 <-> 542
141 <-> 543
142 <-> 55, 544
143 <-> 545, 546
144 <-> 547
145 <-> 548, 549, 550, 551, 552
146 <-> 553
147 <-> 554
148 <-> 555, 556
149 <-> 557
150 <-> 558, 559
151 <-> 560, 561, 562
152 <-> 152
153 <-> 514
154 <-> 555, 563, 564, 565
155 <-> 566, 567, 568
156 <-> 569
157 <-> 570, 571, 572, 573
158 <-> 574
159 <-> 575, 576, 577
160 <-> 578
161 <-> 579
162 <-> 580
163 <-> 581
164 <-> 164, 582
165 <-> 583, 584
166 <-> 585, 586
167 <-> 587, 567, 588
168 <-> 589
169 <-> 590, 591
170 <-> 592, 593, 594
171 <-> 595
172 <-> 596, 597
173 <-> 598
174 <-> 525
175 <-> 175, 599, 600, 601, 602
176 <-> 603
177 <-> 604, 605
178 <-> 606, 607, 608
179 <-> 609
180 <-> 610, 611
181 <-> 24, 612
182 <-> 613, 614
183 <-> 615, 602
184 <-> 184, 616
185 <-> 617, 618
186 <-> 619, 620, 621
187 <-> 622, 623, 624
188 <-> 625, 626, 627
189 <-> 189, 628
190 <-> 629
191 <-> 630, 631
192 <-> 192
193 <-> 632, 633
194 <-> 355
195 <-> 195, 634
196 <-> 635
197 <-> 636, 637
198 <-> 638
199 <-> 639, 640
200 <-> 641, 642, 643
201 <-> 644
202 <-> 645, 646
203 <-> 647, 648, 649
204 <-> 650, 651
205 <-> 105, 652, 653
206 <-> 654, 655
207 <-> 656
208 <-> 657, 658, 659
209 <-> 660
210 <-> 661, 662, 663
211 <-> 664, 665, 666, 667
212 <-> 668
213 <-> 213, 669, 670, 671
214 <-> 672, 673
215 <-> 652, 674
216 <-> 675
217 <-> 676, 677, 579
218 <-> 678
219 <-> 679
220 <-> 680, 681
221 <-> 221
222 <-> 682, 683
223 <-> 684, 685
224 <-> 686, 687
225 <-> 688, 689
226 <-> 690, 691
227 <-> 692
228 <-> 693, 694
229 <-> 695
230 <-> 696
231 <-> 697, 698
232 <-> 699
233 <-> 700
234 <-> 701, 702
235 <-> 703, 704
236 <-> 705, 706
237 <-> 707, 708
238 <-> 709
239 <-> 423, 710
240 <-> 711
241 <-> 586
242 <-> 712, 242
243 <-> 713, 714
244 <-> 715, 716
245 <-> 717, 718
246 <-> 246
247 <-> 247
248 <-> 719, 720
249 <-> 721
250 <-> 722
251 <-> 723, 724, 725
252 <-> 726
253 <-> 727, 728, 729
254 <-> 730
255 <-> 731, 732
256 <-> 256, 733
257 <-> 734, 735, 736
258 <-> 112, 737, 738
259 <-> 507, 739
260 <-> 740
261 <-> 611
262 <-> 741, 742
263 <-> 479
264 <-> 483, 743, 744
265 <-> 745
266 <-> 746, 747
267 <-> 748
268 <-> 431, 749
269 <-> 750, 377, 751, 752
270 <-> 753, 754
271 <-> 755, 756
272 <-> 757
273 <-> 758, 759
274 <-> 760
275 <-> 761, 762, 763, 764, 765
276 <-> 137, 766, 767, 768
277 <-> 769, 770, 771
278 <-> 772, 773, 774
279 <-> 775, 776
280 <-> 777, 778, 779
281 <-> 780, 781, 782
282 <-> 783, 784
283 <-> 500
284 <-> 785, 786, 787
285 <-> 788
286 <-> 286, 495
287 <-> 789, 790
288 <-> 791
