0 <-> 459, 460
1 <-> 461, 314
2 <-> 462
3 <-> 463, 464, 465
4 <-> 466, 467
5 <-> 468, 469
6 <-> 470, 471
7 <-> 472, 473
8 <-> 110, 144
9 <-> 474, 475
10 <-> 476, 477, 478
11 <-> 479
12 <-> 12, 480
13 <-> 481, 482, 483
14 <-> 14
15 <-> 484, 485
16 <-> 486, 487
17 <-> 339, 488, 489
18 <-> 421, 490, 491
19 <-> 492, 185
20 <-> 493, 494
21 <-> 495
22 <-> 496
23 <-> 91
24 <-> 497
25 <-> 498, 499
12 <-> 11
26 <-> 26, 500
28 <-> 501
29 <-> 502, 503
30 <-> 21
31 <-> 217, 504
33 <-> 506, 507
34 <-> 64, 508, 509
35 <-> 35
36 <-> 510, 511
37 <-> 512
38 <-> 38
39 <-> 86, 498, 333, 513
40 <-> 70
41 <-> 514, 515
42 <-> 159, 516
43 <-> 351, 73, 391, 220
44 <-> 517
45 <-> 259
46 <-> 518
47 <-> 519, 520
49 <-> 522
51 <-> 226, 524
52 <-> 525, 526
53 <-> 527
54 <-> 528
55 <-> 529
56 <-> 88, 530, 30, 531
57 <-> 532
58 <-> 125, 533
59 <-> 534, 535
60 <-> 14, 401, 536
61 <-> 537
62 <-> 538
63 <-> 539
64 <-> 64, 34, 540
65 <-> 65, 317
66 <-> 541
67 <-> 542, 543
68 <-> 544, 545, 203, 546
69 <-> 440
70 <-> 40, 547
71 <-> 71
72 <-> 548, 220, 549, 550
73 <-> 551, 552
74 <-> 553
75 <-> 554
76 <-> 554, 555
77 <-> 556, 557
78 <-> 558
79 <-> 559
17 <-> 35, 560
80 <-> 334, 561
81 <-> 562, 563
82 <-> 564
83 <-> 565, 274
84 <-> 566
85 <-> 559, 567, 568
86 <-> 39
87 <-> 569, 570
88 <-> 32
89 <-> 89
90 <-> 571, 517, 274, 572, 126
91 <-> 23, 573
92 <-> 574, 575
93 <-> 264
94 <-> 576
95 <-> 577
96 <-> 578, 579, 580
97 <-> 171, 223, 581, 582
98 <-> 583
99 <-> 584
100 <-> 300, 585, 586
101 <-> 587
102 <-> 588
103 <-> 589
104 <-> 590
105 <-> 591
106 <-> 106, 592
107 <-> 593
108 <-> 594, 108, 595, 596
109 <-> 110, 597
110 <-> 50, 109
111 <-> 234
112 <-> 598
113 <-> 19, 599, 387
114 <-> 600
115 <-> 601
116 <-> 602, 603
117 <-> 604
118 <-> 605, 606
119 <-> 607, 608
120 <-> 609
121 <-> 610, 201
122 <-> 611, 612
123 <-> 613, 614
124 <-> 124, 411
125 <-> 300
126 <-> 588, 615
127 <-> 616
128 <-> 617, 618
129 <-> 522, 619
130 <-> 620, 621
131 <-> 622
132 <-> 623, 624
133 <-> 625, 626, 627
134 <-> 628
135 <-> 105, 629
136 <-> 630, 631, 484, 632, 633
101 <-> 45
137 <-> 634
138 <-> 316
139 <-> 498
140 <-> 635
141 <-> 636, 637, 638, 639
142 <-> 301, 640
143 <-> 641
144 <-> 642, 643
133 <-> 45, 644, 4, 211
145 <-> 645, 646
146 <-> 647, 648, 649
147 <-> 650
148 <-> 651, 652
149 <-> 341
150 <-> 220
151 <-> 653
152 <-> 378
152 <-> 65
153 <-> 654, 655
154 <-> 519
155 <-> 207
156 <-> 656, 657, 658
157 <-> 659
158 <-> 660
159 <-> 42
160 <-> 517, 661
161 <-> 461, 662, 539, 663
162 <-> 162
163 <-> 664, 665
164 <-> 666, 667, 668, 669, 670
19 <-> 671
83 <-> 672, 673
165 <-> 669
166 <-> 674
167 <-> 675, 676
168 <-> 482
169 <-> 331, 677, 605
170 <-> 678
171 <-> 97
172 <-> 679
173 <-> 680, 681, 682
174 <-> 683, 684, 685
175 <-> 686
176 <-> 687, 688, 689
177 <-> 415, 250, 690, 691
178 <-> 692, 693
179 <-> 694
180 <-> 695, 696
181 <-> 79, 697, 698
182 <-> 699, 700
183 <-> 686, 701
184 <-> 277, 702, 703
185 <-> 570
186 <-> 704
187 <-> 705
188 <-> 671, 706
189 <-> 368, 707
190 <-> 708, 656
191 <-> 709, 710
192 <-> 35
193 <-> 711, 712, 713
194 <-> 194
195 <-> 714, 715
196 <-> 196, 716
17 <-> 106, 154
197 <-> 7173
198 <-> 718
199 <-> 289
30 <-> 719
200 <-> 720, 721
75 <-> 107
201 <-> 521, 121, 722
202 <-> 414
116 <-> 156
203 <-> 68
204 <-> 723
205 <-> 724, 494
206 <-> 725, 726
207 <-> 155, 727, 592, 728
43 <-> 150, 729
208 <-> 729, 730, 731
209 <-> 732
210 <-> 210, 695
211 <-> 488
212 <-> 733, 734
213 <-> 735, 736
214 <-> 737
215 <-> 215
216 <-> 684
217 <-> 31, 738
218 <-> 405, 739
219 <-> 740
79 <-> 79, 181
220 <-> 588
221 <-> 548
222 <-> 741
223 <-> 97, 741, 742
224 <-> 743
225 <-> 744
226 <-> 30, 158, 572
227 <-> 306
228 <-> 745, 746
229 <-> 747
230 <-> 714
231 <-> 351, 748
5 <-> 192
232 <-> 749
233 <-> 750, 751
234 <-> 595
235 <-> 752, 753, 523
62 <-> 209, 245, 671
236 <-> 611
237 <-> 754, 755, 756, 575
238 <-> 757, 758
239 <-> 585
240 <-> 759, 760, 618
241 <-> 576
242 <-> 761
243 <-> 762
244 <-> 763, 764
245 <-> 245
246 <-> 246
247 <-> 446, 765
248 <-> 766
125 <-> 3, 16
249 <-> 767, 768
250 <-> 177, 769
251 <-> 770, 771
252 <-> 772, 773, 774
253 <-> 464
254 <-> 775
255 <-> 776
256 <-> 559, 777, 778
257 <-> 779
258 <-> 780
259 <-> 206
260 <-> 781
111 <-> 611
261 <-> 619
262 <-> 361, 782
263 <-> 783, 784, 785
264 <-> 38, 93
265 <-> 786
266 <-> 787, 788, 789
267 <-> 286, 790, 791
268 <-> 754
269 <-> 792, 793, 766
270 <-> 270
271 <-> 794, 795
272 <-> 796, 797, 798
47 <-> 799
273 <-> 800, 801
274 <-> 105, 591
275 <-> 802, 803
276 <-> 276, 804
277 <-> 516, 184
278 <-> 448
279 <-> 625
193 <-> 233
280 <-> 805, 776
281 <-> 190
270 <-> 270
282 <-> 806
8 <-> 167
283 <-> 807, 598, 808, 583
284 <-> 809
285 <-> 530
286 <-> 267
287 <-> 810
288 <-> 96, 717, 16, 666
289 <-> 199, 289
290 <-> 811
291 <-> 484, 812, 573
88 <-> 813
292 <-> 814
293 <-> 293
294 <-> 815, 816
295 <-> 817
296 <-> 419, 818, 819
297 <-> 820, 821, 822
298 <-> 385
299 <-> 823
300 <-> 824, 825, 786
301 <-> 142
302 <-> 826
303 <-> 827
304 <-> 828, 829
192 <-> 192
305 <-> 830, 831
27 <-> 43
306 <-> 227, 832
307 <-> 833, 54
308 <-> 577, 605
309 <-> 834, 835, 836
310 <-> 837
311 <-> 838, 839
312 <-> 840, 841
313 <-> 842
314 <-> 233
315 <-> 843, 844
316 <-> 316, 138
317 <-> 65
318 <-> 845
319 <-> 846, 743
320 <-> 847
211 <-> 170
193 <-> 159
27 <-> 848
321 <-> 849, 850
322 <-> 828
323 <-> 851, 852
324 <-> 853
274 <-> 854
325 <-> 855, 856
326 <-> 326
327 <-> 857
110 <-> 389, 858, 16
328 <-> 859
329 <-> 659
330 <-> 307
331 <-> 169
332 <-> 860
333 <-> 861, 39
104 <-> 558, 650
334 <-> 561, 862
335 <-> 343, 863
220 <-> 72
336 <-> 864, 865, 866, 867
295 <-> 868, 869, 453
337 <-> 826, 605
338 <-> 870
339 <-> 439
340 <-> 843, 871, 872, 873
341 <-> 149, 874
342 <-> 875
193 <-> 47
343 <-> 335
314 <-> 876, 623
344 <-> 390
345 <-> 877, 878
102 <-> 444, 879
346 <-> 880, 722
49 <-> 116
347 <-> 347
348 <-> 881, 882
349 <-> 883
350 <-> 884, 885
300 <-> 364
351 <-> 231, 886, 887
352 <-> 888, 817
353 <-> 849
354 <-> 889, 890, 891
355 <-> 830, 892
352 <-> 352, 584
12 <-> 27
356 <-> 893, 894
357 <-> 895, 467
358 <-> 754, 358
359 <-> 896, 897, 898
360 <-> 899, 900, 901
361 <-> 262
362 <-> 543
363 <-> 902
341 <-> 215, 102
364 <-> 371, 452
365 <-> 90
366 <-> 903
367 <-> 904
369 <-> 369
370 <-> 21
371 <-> 295, 461, 364
372 <-> 283
373 <-> 373
374 <-> 431, 438, 905, 566
375 <-> 71
376 <-> 1
377 <-> 906, 907
378 <-> 152, 908
379 <-> 909, 910, 911
380 <-> 912, 913
381 <-> 469, 914, 915
382 <-> 916
383 <-> 383, 917
384 <-> 918, 450, 919
385 <-> 385, 298, 920
386 <-> 921
387 <-> 922
388 <-> 90
389 <-> 923
390 <-> 344, 924, 777
285 <-> 925, 926
274 <-> 274
391 <-> 927
392 <-> 928, 929
393 <-> 930, 931
394 <-> 932, 933
395 <-> 934, 935, 936
396 <-> 679
397 <-> 937, 938
347 <-> 71
398 <-> 939
399 <-> 940, 941
400 <-> 617
89 <-> 130, 135
401 <-> 942, 943
402 <-> 711
357 <-> 895, 467
403 <-> 944, 945
404 <-> 946, 947, 643
405 <-> 474, 218, 948, 949
406 <-> 950
388 <-> 951, 952
278 <-> 953, 954, 955
364 <-> 956
73 <-> 370, 559, 615
407 <-> 957, 958
408 <-> 408
97 <-> 300, 888
409 <-> 723, 959
410 <-> 960, 961
45 <-> 257, 4
411 <-> 124
412 <-> 962
413 <-> 709
414 <-> 963
372 <-> 372
377 <-> 612, 964
415 <-> 177, 965, 966
416 <-> 967, 202
417 <-> 968, 969
418 <-> 817
419 <-> 970, 296
420 <-> 420
421 <-> 18, 971
422 <-> 972, 973, 974
423 <-> 637, 975
424 <-> 976
209 <-> 372, 977, 246
295 <-> 371, 958, 979
425 <-> 793, 980
56 <-> 981, 982, 983
426 <-> 984, 985
427 <-> 986, 649
428 <-> 987
429 <-> 988
430 <-> 19, 989, 990, 991
431 <-> 992, 374
432 <-> 993, 826
433 <-> 994, 696
434 <-> 437
435 <-> 435, 995, 996
436 <-> 921, 997
437 <-> 434, 998, 999
439 <-> 339, 1000, 1001, 1002, 1003, 551
183 <-> 977
440 <-> 505, 69
441 <-> 441, 1004
442 <-> 1005, 569, 1006
443 <-> 1007
444 <-> 102, 1008
48 <-> 1009
445 <-> 1010, 1011
446 <-> 612, 247
447 <-> 1012
448 <-> 102
449 <-> 1013, 93, 1014
450 <-> 384, 1015, 1016
80 <-> 912, 1017
451 <-> 133
452 <-> 364
453 <-> 1018, 1019, 1005
454 <-> 524, 1020
455 <-> 376, 1021
456 <-> 33, 1022
157 <-> 311
457 <-> 1023, 1024
458 <-> 1
