0 <-> 54, 55, 56, 57
161 <-> 21, 183, 126, 78, 72
1 <-> 58, 59, 60, 61, 62
2 <-> 63, 64, 65
3 <-> 66
5 <-> 68
6 <-> 69, 70, 71
8 <-> 74
9 <-> 75, 76, 77, 78
10 <-> 79
11 <-> 80
158 <-> 196, 74, 15
12 <-> 81
13 <-> 82
14 <-> 83
16 <-> 86
18 <-> 88, 89, 90, 91
20 <-> 93
21 <-> 94, 61, 95
22 <-> 96
23 <-> 97
24 <-> 98
25 <-> 99
29 <-> 105
31 <-> 108
33 <-> 111, 112
34 <-> 113, 114
35 <-> 115, 116
36 <-> 117
37 <-> 118
38 <-> 119, 120, 121, 122
39 <-> 123
40 <-> 124
43 <-> 129, 130
45 <-> 132
46 <-> 133
48 <-> 135
49 <-> 136, 793
52 <-> 141, 142
53 <-> 143
