1527 <-> 640, 1084, 1380
1530 <-> 15, 30
735 <-> 482, 1245
1201 <-> 679
1508 <-> 1508
166 <-> 29, 81, 33, 172, 17
2281 <-> 230, 1207, 1739
129 <-> 3, 86, 57, 135, 68, 131, 127, 112
7 <-> 70, 2632, 1788
1287 <-> 577, 1882
420 <-> 1062, 1574
250 <-> 208, 818
989 <-> 319, 671
1141 <-> 259, 297, 792, 1575, 1847
864 <-> 510, 765, 922
596 <-> 313, 1133
450 <-> 407, 1395
721 <-> 350, 1157, 1271, 1716
185 <-> 185
1022 <-> 165, 1371
952 <-> 1461, 1655
615 <-> 93, 275, 683
1215 <-> 1746
10 <-> 64, 7863
1434 <-> 622, 1830
106 <-> 410, 11124, 1557
810 <-> 210, 1758, 1824
955 <-> 978
708 <-> 139, 1600, 1654
1192 <-> 164, 642
189 <-> 186, 103, 193, 31
1237 <-> 223, 1053
1134 <-> 559, 1298
782 <-> 432, 569, 583
728 <-> 1597
1006 <-> 499, 1377
1195 <-> 1193
251 <-> 130, 484, 882
702 <-> 1401
289 <-> 956, 1544
67 <-> 1395
166 <-> 166, 508, 523, 825, 1259
773 <-> 1565
1319 <-> 804
1061 <-> 1695
1139 <-> 1854
1194 <-> 1194
48 <-> 48, 1363
814 <-> 1103, 1514, 1729, 1900
827 <-> 275, 720, 827, 1403
1493 <-> 21, 1731
125 <-> 1679
1120 <-> 1120
701 <-> 1285, 1736
101 <-> 148
1228 <-> 770, 801, 1101, 1594
791 <-> 553, 1344
84 <-> 847, 9138
258 <-> 660, 905
144 <-> 532, 996, 1794
1452 <-> 78, 1254
963 <-> 222, 306
1024 <-> 87, 88, 833, 1322
19 <-> 1656
1099 <-> 386, 995, 1581
1259 <-> 166, 1668
966 <-> 227
324 <-> 324
381 <-> 477, 1043, 1735, 1831
429 <-> 392, 1324
383 <-> 568
1442 <-> 305, 1545
643 <-> 427, 529, 1301
41998 <-> 414, 829
40 <-> 8204, 1127, 1419
1226 <-> 1226, 1849
1346 <-> 200, 1052
441 <-> 141, 1900
666 <-> 487, 696
1162 <-> 730, 1069, 1600
1478 <-> 352, 788, 938, 1350, 1354
365 <-> 41, 334, 958, 969, 1066, 21421
193 <-> 193, 1405
661 <-> 883
356 <-> 839, 1432
1027 <-> 2027, 1198, 12289
1507 <-> 1315, 1327
322 <-> 928, 1935
259 <-> 287, 941, 1141, 1262
1524 <-> 155, 187, 1797
1252 <-> 230, 1252, 1406
858 <-> 726, 1796, 1843
590 <-> 590, 1092
209 <-> 357, 766, 853
652 <-> 562, 1984
237 <-> 1468, 1934
157 <-> 1373, 1771, 1859
53 <-> 762
97 <-> 463
739 <-> 219
1444 <-> 1928
718 <-> 578
405 <-> 1343, 1491, 1915
189 <-> 1433
935 <-> 1918
267 <-> 762, 1807
16 <-> 5, 3470, 91
18 <-> 78, 191, 40, 111
1519 <-> 90, 1032, 1962
149 <-> 11, 163, 82, 167
1167 <-> 329
684 <-> 1609
1205 <-> 1102
152 <-> 124, 14, 87
43 <-> 15, 403, 866
1316 <-> 396, 1789
1307 <-> 18, 256, 549, 1978, 26
817 <-> 8917
764 <-> 1703, 1117, 1259
337 <-> 401
28 <-> 832, 1454
734 <-> 83
7947 <-> 1408, 1867
1475 <-> 1002, 1248, 1867
422 <-> 533, 1435
22 <-> 1748, 1774
831 <-> 1227
1356 <-> 37, 540, 1299
353 <-> 242, 513
1321 <-> 1533, 1727
1145 <-> 1728
71 <-> 393, 142, 829
343 <-> 84, 1087, 1266
1253 <-> 730, 1579
1336 <-> 951, 1931
617 <-> 358
131 <-> 995
87 <-> 270, 1024, 1541, 1688, 1903
1382 <-> 1613
228 <-> 274, 966
639 <-> 1100
224 <-> 335, 1911
786 <-> 1603
1531 <-> 780, 924, 1783
656 <-> 459
26 <-> 18, 490, 545, 1123, 19178
52 <-> 1219, 181, 1137, 176
932 <-> 498
784 <-> 497, 595, 1343, 1982
609 <-> 266
1088 <-> 192
288 <-> 288, 808, 1187
700 <-> 1682
214 <-> 214, 282, 1166, 1341, 1751
945 <-> 566, 672
32 <-> 162, 120, 197
1140 <-> 1221, 1591
811 <-> 221, 7121
76 <-> 554, 1582
1021 <-> 1021
779 <-> 838, 869, 1545
1029 <-> 413, 1029, 18895
85 <-> 1161
236 <-> 143, 1481, 1897
308 <-> 727, 1620
50 <-> 138
1449 <-> 278, 1254, 1553
595 <-> 330, 364, 784
104 <-> 248, 593, 895
23 <-> 723, 871
1272 <-> 1333, 1801
241 <-> 1084, 1634
1542 <-> 941, 1181, 1973
626 <-> 1785
1018 <-> 528, 1326, 1329
1073 <-> 388, 611
776 <-> 133, 625
421 <-> 1177, 1920
183 <-> 799, 1489
1303 <-> 480
984 <-> 325
1229 <-> 1703
320 <-> 1401
1136 <-> 113
261 <-> 608, 1493, 1587, 1646
832 <-> 28, 1427, 1576
1131 <-> 1093
1281 <-> 1869, 1987
1297 <-> 928
1485 <-> 690, 1892
1308 <-> 1308, 1613
454 <-> 51, 1025
687 <-> 323, 687
1037 <-> 152, 1919
9989 <-> 192, 489, 1279
332 <-> 943, 1103, 1995
1065 <-> 805
1095 <-> 316, 1095
790 <-> 1342, 1464
756 <-> 1031
47 <-> 867, 1677, 991, 1938
848 <-> 1949
982 <-> 60, 449, 953
117 <-> 567, 1502
688 <-> 1067, 1692
796 <-> 1819
689 <-> 398, 1079
974 <-> 286, 1870
1158 <-> 1034, 1232, 1760
1026 <-> 1026
1046 <-> 1115
178 <-> 1802
1137 <-> 1219
82 <-> 1420, 1865
1003 <-> 1206, 1339, 1737
72 <-> 391, 1863
1230 <-> 867, 1397
1172 <-> 268
797 <-> 818, 1960
1280 <-> 142, 509
1202 <-> 359
631 <-> 1566
184 <-> 377, 1415, 1642
1273 <-> 1522
1385 <-> 894, 1775
245 <-> 1528, 1605, 1905
161 <-> 1602, 1936
1428 <-> 603, 798
246 <-> 1327
177 <-> 638, 1102
725 <-> 116, 435, 1651
446 <-> 1164, 1499, 1991
310 <-> 1436, 1696, 1784
46 <-> 46, 744
600 <-> 613, 800
1383 <-> 892, 1916
660 <-> 258, 1396
713 <-> 1512, 1586
1431 <-> 1431
182 <-> 176
132 <-> 1420, 1498
1275 <-> 1722
1496 <-> 1694
613 <-> 505, 598, 600, 746
986 <-> 584, 986, 1160
1506 <-> 451, 542
0 <-> 123, 54, 139, 180, 167, 2, 160, 123
125 <-> 74, 31
318 <-> 203
202 <-> 399, 582
975 <-> 1736
1223 <-> 1210
620 <-> 1171, 1725
314 <-> 292
1126 <-> 634, 1387, 1916
976 <-> 976
1462 <-> 300, 588, 665, 1298
1348 <-> 552
52 <-> 1647
1284 <-> 514, 1459
1536 <-> 580, 625
690 <-> 1485, 1995
24 <-> 244, 624
176 <-> 455, 457, 712, 1386, 1639
693 <-> 1398, 1925
1300 <-> 133
742 <-> 1376
277 <-> 230
153 <-> 298, 760, 803, 1664
1086 <-> 1751
1150 <-> 943, 1818
252 <-> 619, 1709
753 <-> 348, 521, 769, 1638
1163 <-> 434, 1176, 1814, 1900
1323 <-> 65, 1619
326 <-> 364, 514
340 <-> 55, 651
1074 <-> 1054
1483 <-> 1197, 1438, 1922
1128 <-> 1854
1545 <-> 779, 1369, 1442, 1446
941 <-> 259, 406, 1458, 1542, 1986
414 <-> 69, 1998
58 <-> 113, 119
987 <-> 249, 1471, 1912
676 <-> 697, 1036
1070 <-> 1197, 1714
1013 <-> 275
225 <-> 1374, 1751
658 <-> 1713, 1917
1283 <-> 940, 1652
1108 <-> 570, 1614
1041 <-> 249
140 <-> 445, 1732
809 <-> 1734
1354 <-> 1478
1999 <-> 1239, 1364
710 <-> 574
592 <-> 592, 1834
128 <-> 176
68 <-> 45, 168, 85
828 <-> 306, 568
398 <-> 689, 826, 1435
444 <-> 916
6 <-> 3, 957, 815, 90, 41, 97, 9, 91
1125 <-> 1125
442 <-> 1525
1494 <-> 1769
233 <-> 436, 747
70 <-> 173, 527, 743, 1806, 1958
1225 <-> 299, 386, 7282, 1093
1334 <-> 1045, 1334, 1546
719 <-> 1600
1482 <-> 9399, 1633
7011 <-> 203, 685, 1011
614 <-> 221, 1182, 1456
120 <-> 1342, 1826
1209 <-> 219, 1880
1019 <-> 835, 1142
961 <-> 1765, 1824
424 <-> 1060, 1570
89 <-> 378
269 <-> 458
1240 <-> 327, 1240
1157 <-> 62, 270, 721, 1968
1465 <-> 419, 1672
1012 <-> 1538, 1894
1347 <-> 1926
1544 <-> 456, 1489
1231 <-> 715, 1302
1942 <-> 1705
1034 <-> 580, 1038, 1118
145 <-> 4, 73
1010 <-> 94, 759, 951, 1656
812 <-> 489, 582
1539 <-> 1374
997 <-> 1829
772 <-> 917
658 <-> 522, 875
1169 <-> 917, 1208
846 <-> 846, 1080
285 <-> 11, 29
293 <-> 163, 387, 1845
1068 <-> 470
4 <-> 970
1450 <-> 1605
1181 <-> 920, 1165, 771
73 <-> 73, 1571
669 <-> 815, 1394, 1521
253 <-> 616
1349 <-> 1646
630 <-> 616, 1861
1243 <-> 1755
59 <-> 1620, 1915
1057 <-> 886, 1122, 1554
732 <-> 333, 1296
865 <-> 417, 896, 1362
628 <-> 204, 847
1470 <-> 1092
1015 <-> 575
1001 <-> 880, 954, 1809
1053 <-> 4255
632 <-> 12
1351 <-> 190, 204, 411, 1854
636 <-> 477
44 <-> 497, 2503, 1305
41 <-> 109, 181, 113, 134, 198
1014 <-> 586, 602
367 <-> 181, 188, 367, 1100, 1109, 1594
1188 <-> 491, 494, 1216, 1711
589 <-> 589
25 <-> 25
1091 <-> 364, 897
1427 <-> 695, 832
61 <-> 61, 1666
1425 <-> 730, 1113, 1590
430 <-> 1653, 1790
47 <-> 867, 1391, 1630
1199 <-> 1907
84 <-> 84, 343, 948
1211 <-> 1517, 1569, 1843
80 <-> 290, 1925
1432 <-> 356, 1552
1104 <-> 1138
752 <-> 200, 505, 627, 1564
240 <-> 396
148 <-> 101, 751, 793, 1601, 1603
1555 <-> 586, 11051, 1707
851 <-> 745, 1414, 1541
408 <-> 967, 1816
1378 <-> 650, 1913
283 <-> 31, 1239
1359 <-> 1703
122 <-> 1421, 1532
830 <-> 717, 889, 1047
1185 <-> 484
1490 <-> 1038, 1669, 1670
1309 <-> 1309, 1736, 1886
279 <-> 785, 996, 1375
1463 <-> 1690
608 <-> 1047, 1386
604 <-> 1693
342 <-> 92, 1116, 1749
1153 <-> 1153, 1964
1921 <-> 1691, 58, 402, 992, 515, 985
1267 <-> 478
731 <-> 869
1049 <-> 1049, 1976
146 <-> 169, 194
832 <-> 6, 1907
1473 <-> 1677
740 <-> 169, 964
641 <-> 486, 641
374 <-> 1632
114 <-> 159, 32, 111, 115, 176
968 <-> 129, 1203
1554 <-> 1057, 1060, 1376, 1864
1036 <-> 465, 676, 1212
1159 <-> 1159, 1549, 1747
291 <-> 1102, 1376
108 <-> 1367
1110 <-> 1807
217 <-> 602
1345 <-> 1345, 1547, 1942
692 <-> 692
1058 <-> 338
24 <-> 27
5 <-> 37, 901, 913, 0
1224 <-> 1386
154 <-> 1888
775 <-> 270
980 <-> 235, 980
612 <-> 5211
415 <-> 1559
647 <-> 486
999 <-> 150, 653
1178 <-> 1178
274 <-> 227, 274, 1592
1146 <-> 156
1274 <-> 160, 1282
1379 <-> 1285
1048 <-> 833
819 <-> 916, 1471
1481 <-> 216, 339, 483
1207 <-> 228, 1802, 1833
368 <-> 116, 583, 1206
77 <-> 611
1476 <-> 354, 1062, 1739
1439 <-> 704, 707, 1222, 1862
5 <-> 371
1535 <-> 67, 926, 1663
820 <-> 556
1055 <-> 1547
265 <-> 265, 1520
283 <-> 1880, 1744, 31, 80, 290
1298 <-> 470, 1134, 1462, 1557
1135 <-> 1820
591 <-> 1625, 1748
431 <-> 1815
936 <-> 36, 1577
993 <-> 993
1244 <-> 1435
771 <-> 378, 754
629 <-> 113, 1731
724 <-> 302, 1333
667 <-> 433
271 <-> 1214
716 <-> 1659
361 <-> 4, 1333
601 <-> 212, 1992
792 <-> 1141, 1746, 1757
437 <-> 351, 1825
1051 <-> 576, 633, 1404, 1972
1235 <-> 1235
254 <-> 1092, 1288, 1328
768 <-> 1723
1089 <-> 1448
861 <-> 1562
678 <-> 37
988 <-> 1844
648 <-> 256, 877, 1981
1144 <-> 1402, 1823
412 <-> 485, 682
1028 <-> 874
1342 <-> 120, 644, 790
741 <-> 741
610 <-> 475, 610
447 <-> 1516
928 <-> 322, 297, 1644
280 <-> 1889
67 <-> 1390, 1535
63 <-> 1423, 1484
1991 <-> 446, 1505
75 <-> 138, 714
423 <-> 540
6 <-> 305, 842, 1932
807 <-> 102, 807, 969
973 <-> 94, 925, 1821
1977 <-> 804
1472 <-> 1472
1386 <-> 176, 1217, 959, 1311
761 <-> 327
1147 <-> 777, 1192, 1430, 164
1257 <-> 532
317 <-> 1, 476
821 <-> 1079, 1521, 1712
1441 <-> 1380
1500 <-> 938, 1991
1306 <-> 1628
404 <-> 509
1515 <-> 447, 1640
1364 <-> 1413, 1999
763 <-> 231, 1606
448 <-> 1246, 1889
155 <-> 1524
869 <-> 53228
359 <-> 359, 1016, 4119
813 <-> 1447, 1626
733 <-> 1276, 1947
409 <-> 1687
44 <-> 190, 90, 190, 69, 1, 68, 139, 62
1238 <-> 38, 1624
1358 <-> 1358
127 <-> 1777, 1836
218 <-> 1325, 1581
1212 <-> 1036, 1132, 1629, 1953
4756 <-> 379, 1462
787 <-> 834, 1277, 1534
134 <-> 134, 467
313 <-> 276, 313, 596
186 <-> 459, 493
385 <-> 1752
30 <-> 9650, 1470, 1
774 <-> 522
1372 <-> 205, 670, 151
435 <-> 725, 1595, 1832, 1965
284 <-> 1109, 1730
73 <-> 20, 193, 71, 3, 79
860 <-> 530
1206 <-> 368, 923, 1003
72 <-> 98, 116, 67, 31, 23, 72
934 <-> 926, 1488
30 <-> 223, 1317, 1773
1075 <-> 464, 506
618 <-> 264, 645, 1184
1250 <-> 683
17 <-> 275
364 <-> 595, 663, 1091, 1174
433 <-> 667, 1355
13 <-> 662, 1429
1424 <-> 426
170 <-> 170, 571, 696, 859
845 <-> 887, 1180
1528 <-> 245, 979, 1152, 1096, 923, 1526, 1674
196 <-> 563
1433 <-> 189, 512, 902
45 <-> 130, 881, 1158
1180 <-> 143, 845, 1933
315 <-> 81, 1360, 1817
746 <-> 613, 1094, 1997
1155 <-> 14, 1616
1072 <-> 1941, 783, 588, 9739
1260 <-> 1436
110 <-> 1296, 1837
35 <-> 471, 885, 1119
1148 <-> 380, 621
199 <-> 91, 139, 157, 194, 162, 158, 164
319 <-> 906, 1008, 1989
929 <-> 1196, 1650
7591 <-> 148, 391
824 <-> 1533
1429 <-> 13, 1429, 1928
335 <-> 224, 335, 971, 1838
300 <-> 1032, 1463
783 <-> 200, 325, 1072
1312 <-> 190, 1787
1976 <-> 872, 1310, 1565, 1637
1268 <-> 1641
1314 <-> 1862
994 <-> 994
418 <-> 262, 729
977 <-> 977
1170 <-> 34, 1987
384 <-> 344, 578
321 <-> 646, 1265, 1877
373 <-> 1335
1365 <-> 1047, 1410, 15865, 1006
638 <-> 177, 1704
1083 <-> 705
856 <-> 1686
112 <-> 112, 668, 1720
1340 <-> 1502, 1883
96 <-> 1299, 1924
1518 <-> 1400
1119 <-> 35, 1990
727 <-> 308, 557
930 <-> 188
1112 <-> 1112, 1213, 1426, 1761
1040 <-> 765
177 <-> 10, 107, 42, 117
213 <-> 1660
281 <-> 1501
1000 <-> 1862
1042 <-> 1791
428 <-> 481
1353 <-> 1780, 1983
145 <-> 145, 507
624 <-> 24, 550, 1798
111 <-> 311, 1895
1056 <-> 1237
10 <-> 121, 1532
1197 <-> 581, 1070, 1483
957 <-> 939, 1279, 989, 1655
1440 <-> 1558
32 <-> 921
949 <-> 707
195 <-> 439, 1193, 1875
1289 <-> 1027
950 <-> 0, 1856
1033 <-> 1662
1304 <-> 410, 1560
1233 <-> 565
1331 <-> 736, 1866
947 <-> 730
179 <-> 862, 876, 1633
375 <-> 191, 456
1035 <-> 1859
1458 <-> 616, 941
822 <-> 765, 1853
260 <-> 919
1004 <-> 1876
451 <-> 1506
990 <-> 855, 990
694 <-> 564
1218 <-> 1330, 1608
857 <-> 1293, 1412, 1983
453 <-> 150, 479, 1907
1437 <-> 66, 1152
201 <-> 201, 1023
766 <-> 209, 707, 798, 1649
816 <-> 1636
331 <-> 556
1 <-> 22, 123, 175, 78
369 <-> 1759
637 <-> 341
130 <-> 45, 251, 804, 1078
44 <-> 497, 503, 1305
99 <-> 1417
1127 <-> 40, 307, 1697
781 <-> 826, 1700
967 <-> 408, 1605
336 <-> 1052
1039 <-> 0, 1451
137 <-> 207
1130 <-> 470
123 <-> 843, 1837
37 <-> 263, 6178, 1356, 1683, 9714
1149 <-> 634, 1513
1509 <-> 7, 136, 1291
673 <-> 1760
163 <-> 2293, 500, 960
1097 <-> 1097, 12954
823 <-> 823
30 <-> 26, 13, 73, 49
606 <-> 390, 1745
985 <-> 8, 402
104 <-> 9, 77, 107
118 <-> 136, 461, 804
852 <-> 923, 1821
287 <-> 259, 1030
105 <-> 113, 1090
58 <-> 138, 1593
276 <-> 91, 313, 328, 1799
854 <-> 681, 854, 1152
1247 <-> 1337, 1739, 1954
1310 <-> 844, 1410, 1976
942 <-> 1357
1246 <-> 1175, 1899
1453 <-> 1879
1480 <-> 836
1318 <-> 296, 346
703 <-> 703, 1106
933 <-> 847, 1064
931 <-> 88
850 <-> 850, 965, 1537
294 <-> 548
1183 <-> 172, 1455, 1538, 1910, 1996
825 <-> 166, 841, 1290, 1994
126 <-> 132, 70
255 <-> 1392
1059 <-> 330
981 <-> 1950
599 <-> 504, 531, 613, 1263, 1957
151 <-> 115, 205, 535, 1388, 496, 1222, 382
370 <-> 1928
160 <-> 1265, 1274, 1660
1071 <-> 1624
1121 <-> 1890
868 <-> 497, 1230, 1629
232 <-> 232, 1893
211 <-> 1047, 1754
1111 <-> 634
1173 <-> 162
1460 <-> 1914
594 <-> 1666
158 <-> 1020
758 <-> 509
347 <-> 385
1143 <-> 1328
1548 <-> 826, 1292
1983 <-> 857, 1353, 198
1550 <-> 2747, 1799
853 <-> 209
991 <-> 397, 1961
635 <-> 175, 938, 1971
1529 <-> 1166
619 <-> 252, 270, 1622
416 <-> 109, 1757
757 <-> 338
962 <-> 1878
680 <-> 139
273 <-> 230, 1875
1081 <-> 914
206 <-> 653
1124 <-> 698
1486 <-> 623, 1417
440 <-> 1686
229 <-> 944, 978, 1567
1189 <-> 1079
1301 <-> 303, 380, 643, 722, 902, 946, 1278
748 <-> 748
1132 <-> 358, 551, 1212
755 <-> 537
95 <-> 95
1122 <-> 1057, 1710
11 <-> 285, 1242, 1753
134 <-> 14, 4
937 <-> 304
1080 <-> 1179, 1751
33 <-> 395, 1772
1044 <-> 289, 1702
1479 <-> 1479
659 <-> 572, 1241
100 <-> 56, 1924
1553 <-> 668, 1449
1156 <-> 312, 1208
1002 <-> 1239, 1477
1332 <-> 747
1286 <-> 49, 1286, 1511
972 <-> 1723
11744 <-> 364
147 <-> 1871
174 <-> 517, 573
194 <-> 1974
927 <-> 536, 841, 1908
1352 <-> 959
51 <-> 138, 454, 1105
3739 <-> 588, 1941
362 <-> 239, 1766
14 <-> 215, 1155, 1523
1177 <-> 102, 421, 1778, 1791
1190 <-> 400
15 <-> 26, 238, 1552
262 <-> 418, 634
1457 <-> 247
1384 <-> 478, 1980
28 <-> 802, 1227
402 <-> 58, 515, 985, 1691
30 <-> 141, 178, 103
39 <-> 167
1979 <-> 465
777 <-> 164, 462, 879, 1890
243 <-> 769, 1455
1381 <-> 1368
376 <-> 372, 1997
1513 <-> 943, 1149
664 <-> 1168, 1945
272 <-> 1175, 1697
1495 <-> 1329, 1679
8226 <-> 226, 1969
803 <-> 153, 806
1491 <-> 405, 1923
349 <-> 1602
654 <-> 654
1547 <-> 1345, 7184, 1878, 1975
355 <-> 347, 461, 471, 679
