0 <-> 129, 130
1 <-> 131, 132
2 <-> 133, 134, 135
3 <-> 136
4 <-> 4
5 <-> 137
6 <-> 138, 139
7 <-> 140
8 <-> 141, 142
9 <-> 143, 144, 145
10 <-> 146, 147
11 <-> 148, 149, 150
12 <-> 151
13 <-> 152, 153
14 <-> 154
15 <-> 155, 156, 157
16 <-> 158, 159
17 <-> 160, 17
18 <-> 161
19 <-> 162, 163
20 <-> 164
21 <-> 165
22 <-> 166, 167
23 <-> 168
24 <-> 169
25 <-> 170
26 <-> 171, 172
27 <-> 27
28 <-> 173
29 <-> 174
30 <-> 175
31 <-> 176
32 <-> 32, 177
33 <-> 33
34 <-> 178
35 <-> 179, 180
36 <-> 181, 182, 183, 184
37 <-> 185
38 <-> 186, 187
39 <-> 188, 39
40 <-> 189
41 <-> 190, 191, 192
42 <-> 193
43 <-> 194
44 <-> 195, 196
45 <-> 197, 198
46 <-> 199, 200
47 <-> 201, 202, 203, 204
48 <-> 205, 206, 207
49 <-> 208
50 <-> 50, 209
51 <-> 210
52 <-> 211, 212, 52
53 <-> 213
54 <-> 214
55 <-> 215
56 <-> 216
57 <-> 217, 218
58 <-> 219, 220
59 <-> 221
60 <-> 222
61 <-> 223
62 <-> 224
63 <-> 225, 226, 227
64 <-> 228
65 <-> 229, 230, 231
66 <-> 232, 233, 234
67 <-> 235, 236
68 <-> 237, 238
69 <-> 239, 240, 241
70 <-> 242, 243, 244, 245
71 <-> 246, 247
72 <-> 248
73 <-> 249, 250
74 <-> 251
75 <-> 252, 253, 254
76 <-> 255, 256
77 <-> 257, 258, 259
78 <-> 260
79 <-> 261
80 <-> 262
81 <-> 263
82 <-> 264
83 <-> 265, 266
84 <-> 267, 268
85 <-> 269
86 <-> 270
87 <-> 271, 272
88 <-> 273, 274, 275, 276, 277, 278
89 <-> 279
90 <-> 280, 281, 282, 283
91 <-> 284
92 <-> 285
93 <-> 286
94 <-> 287, 288
95 <-> 289
96 <-> 290
97 <-> 291
98 <-> 292, 293, 294, 295
99 <-> 296
100 <-> 297, 298, 299
101 <-> 300
102 <-> 301
103 <-> 103
104 <-> 302
105 <-> 303
106 <-> 304
107 <-> 305
108 <-> 306
109 <-> 307, 308
110 <-> 309
111 <-> 310
112 <-> 311, 312
113 <-> 313, 314
114 <-> 315
115 <-> 316, 317
116 <-> 318
117 <-> 319, 320
118 <-> 321
119 <-> 322, 323
120 <-> 324, 325
121 <-> 326, 327
122 <-> 328
123 <-> 329
124 <-> 330, 331
125 <-> 332
126 <-> 333, 334
127 <-> 335, 336
128 <-> 337, 338
