1 <-> 317, 904, 9023
4 <-> 950
34 <-> 11, 56, 61, 68, 90, 121, 170
65 <-> 13
114 <-> 0, 6, 9, 59, 93, 97, 159, 188
120 <-> 130
82 <-> 66
127 <-> 89, 117
148 <-> 12, 28, 54, 67, 77, 95
156 <-> 30
398 <-> 689, 826, 1435
400 <-> 64, 1190
99 <-> 86, 112, 23, 2, 110, 16, 16
401 <-> 337, 1707
72 <-> 85
402 <-> 58, 656, 698, 1261, 5190
75 <-> 126, 183
37 <-> 182, 101
167 <-> 181
520 <-> 655, 1434, 1501
14 <-> 48
521 <-> 1582, 612, 709, 753
115 <-> 123
522 <-> 657, 774, 866
523 <-> 166
2526 <-> 261
527 <-> 70
528 <-> 1018, 1955
529 <-> 643
60 <-> 154
531 <-> 443, 599
533 <-> 422, 738, 1872
118 <-> 129, 22, 78, 7, 38, 70, 149
165 <-> 63, 53, 163, 45, 42
189 <-> 174
3 <-> 21, 103, 180
535 <-> 151, 1467
43 <-> 145, 168, 81, 35, 190
537 <-> 74, 755, 1756
5 <-> 179, 150
538 <-> 14592
15 <-> 39, 168, 7
539 <-> 1771
540 <-> 423, 1356
542 <-> 222, 1506
545 <-> 26
547 <-> 57, 294
548 <-> 1031, 1517, 1741
14 <-> 19, 143, 176, 27, 13
552 <-> 325, 1292, 1348
554 <-> 76, 1245
555 <-> 470
556 <-> 331, 820, 15622
557 <-> 727, 1368
558 <-> 1739
559 <-> 1134
561 <-> 577
562 <-> 593, 652
563 <-> 196, 1009
719 <-> 1700, 1966
