0 <-> 123, 124
1 <-> 125, 126, 127
2 <-> 128
3 <-> 3
4 <-> 129
5 <-> 130, 131
6 <-> 132
7 <-> 133, 134
8 <-> 135, 136, 137
9 <-> 138, 139
10 <-> 140, 141, 142
11 <-> 143
12 <-> 144, 145
13 <-> 146
14 <-> 147, 148, 149
15 <-> 150, 151
16 <-> 152, 16
17 <-> 153
18 <-> 154
19 <-> 155
20 <-> 156, 157
21 <-> 158
22 <-> 159
23 <-> 160
24 <-> 161, 162
25 <-> 25
26 <-> 163
27 <-> 164
28 <-> 165
29 <-> 166
30 <-> 30, 167
31 <-> 31
32 <-> 168
33 <-> 169, 170
34 <-> 171, 172, 173, 174
35 <-> 175
36 <-> 176, 177
37 <-> 178, 37
38 <-> 179
39 <-> 180, 181, 182
40 <-> 183
41 <-> 184
42 <-> 185, 186
43 <-> 187, 188
44 <-> 189, 190
45 <-> 191, 192, 193, 194
46 <-> 195, 196, 197
47 <-> 198
48 <-> 48, 199
49 <-> 200
50 <-> 201, 202, 50
51 <-> 203
52 <-> 204
53 <-> 205
54 <-> 206, 207
55 <-> 208
56 <-> 209
57 <-> 210
58 <-> 211
59 <-> 212, 213, 214
60 <-> 215
61 <-> 216, 217, 218
62 <-> 219, 220, 221
63 <-> 222, 223
64 <-> 224, 225
65 <-> 226, 227, 228
66 <-> 229, 230, 231, 232
67 <-> 233, 234
68 <-> 235
69 <-> 236, 237
70 <-> 238
71 <-> 239, 240, 241
72 <-> 242, 243
73 <-> 244, 245, 246
74 <-> 247
75 <-> 248
76 <-> 249
77 <-> 250
78 <-> 251
79 <-> 252, 253
80 <-> 254, 255
81 <-> 256
82 <-> 257
83 <-> 258, 259
84 <-> 260, 261, 262, 263, 264, 265
85 <-> 266
86 <-> 267, 268, 269, 270
87 <-> 271
88 <-> 272
89 <-> 273, 274
90 <-> 275
91 <-> 276
92 <-> 277
93 <-> 278, 279, 280, 281
94 <-> 282
95 <-> 283, 284, 285
96 <-> 286
97 <-> 287
98 <-> 98
99 <-> 288
100 <-> 289
101 <-> 290
102 <-> 291
103 <-> 292
104 <-> 293, 294
105 <-> 295
106 <-> 296
107 <-> 297, 298
108 <-> 299, 300
109 <-> 301
110 <-> 302, 303
111 <-> 304
112 <-> 305, 306
113 <-> 307, 308
114 <-> 309, 310
115 <-> 311
116 <-> 312
117 <-> 313, 314
118 <-> 315
119 <-> 316, 317
120 <-> 318, 319
61 <-> 320, 321
121 <-> 322, 323
122 <-> 324, 325
