106 <-> 98
119 <-> 117, 9
1 <-> 317, 904, 923
4 <-> 361
6 <-> 305, 842, 1932
7 <-> 438, 1509
8 <-> 985
10 <-> 121, 1532
11 <-> 285, 1242, 1753
26 <-> 18, 490, 545, 1123, 1958
29 <-> 285
31 <-> 283
33 <-> 395, 1772
34 <-> 1170
35 <-> 471, 885, 1119
36 <-> 936, 1831
37 <-> 263, 678, 1356, 1683, 1714
39 <-> 167
41 <-> 165
198 <-> 75
42 <-> 165, 403, 866
44 <-> 497, 503, 1305
45 <-> 130, 881
48 <-> 48, 1363
48 <-> 1286
50 <-> 1687, 1966
51 <-> 138, 454, 1105
54 <-> 1647
53 <-> 762
55 <-> 340, 1913
56 <-> 100, 720
57 <-> 547, 1417, 1501, 1785
58 <-> 138, 402, 1593
59 <-> 1620, 1915
60 <-> 448, 982
61 <-> 61, 1666
63 <-> 1423, 1484
64 <-> 64, 400
163 <-> 179, 192
65 <-> 1323
1999 <-> 1239, 1364
