0 <-> 950, 1039
1 <-> 317, 904, 923
2 <-> 2
3 <-> 870
4 <-> 361
5 <-> 5
6 <-> 305, 842, 1932
7 <-> 438, 1509
8 <-> 985
9 <-> 425
10 <-> 121, 1532
11 <-> 285, 1242, 1753
12 <-> 632, 762, 829
13 <-> 662, 1429
14 <-> 215, 1155, 1523
15 <-> 43, 238, 1552
17 <-> 275
18 <-> 26, 256
19 <-> 1656
20 <-> 1907
21 <-> 608, 1493, 1587, 1646
22 <-> 1748, 1774
23 <-> 723, 871
24 <-> 244, 624
26 <-> 18, 490, 545, 1123, 1958
28 <-> 832, 1227
29 <-> 285
30 <-> 223, 1317, 1773
31 <-> 283
32 <-> 921
33 <-> 395, 1772
34 <-> 1170
35 <-> 471, 885, 1119
36 <-> 936, 1831
37 <-> 263, 678, 1356, 1683, 1714
38 <-> 1238
39 <-> 167
40 <-> 804, 1167, 1419
41 <-> 365
42 <-> 1632, 1788
43 <-> 15, 403, 866
44 <-> 497, 503, 1305
45 <-> 130, 881, 1158
46 <-> 46, 744
47 <-> 867, 1391, 1630
48 <-> 48, 1363
49 <-> 1286
50 <-> 1687, 1966
51 <-> 138, 454, 1105
52 <-> 1647
53 <-> 762
55 <-> 340, 1913
56 <-> 100, 720
57 <-> 547, 1413, 1501, 1785
58 <-> 138, 402, 1593
59 <-> 1624, 1915
60 <-> 896, 982
61 <-> 61, 1666
62 <-> 1157
63 <-> 1423, 1484
64 <-> 64, 400
65 <-> 1323
66 <-> 1437
67 <-> 1390, 1535
68 <-> 1597
69 <-> 414
70 <-> 173, 527, 743, 1806, 1958
71 <-> 393, 1585, 1680
72 <-> 391, 1863
73 <-> 73, 1571
74 <-> 5137, 1861
75 <-> 138, 714
76 <-> 554, 1582
77 <-> 611
78 <-> 1452, 1706, 1804
79 <-> 1618
80 <-> 290, 1925
81 <-> 81, 315
82 <-> 1420, 1865
83 <-> 734, 1794
84 <-> 84, 343, 948
85 <-> 1161
86 <-> 971
87 <-> 270, 1024, 1541, 1688, 1903
88 <-> 931, 1024
89 <-> 378
90 <-> 954, 1519
91 <-> 276
92 <-> 342
94 <-> 747, 973, 1010
95 <-> 95
96 <-> 1299, 1924
97 <-> 463
98 <-> 1988
99 <-> 1417
101 <-> 148
102 <-> 807, 1177
103 <-> 103
104 <-> 248, 593, 895
105 <-> 113, 1090
106 <-> 410, 1114, 1557
107 <-> 107
108 <-> 1367
109 <-> 416, 705
110 <-> 1296, 1837
111 <-> 311, 1895
112 <-> 112, 668, 1720
113 <-> 105, 629, 1786
114 <-> 1221
115 <-> 151
116 <-> 368, 725, 1899
117 <-> 567, 1502
118 <-> 136, 461, 804
119 <-> 915, 1821
120 <-> 1342, 1826
123 <-> 843, 1837
124 <-> 124
129 <-> 968
130 <-> 45, 251, 804, 1078
132 <-> 1420, 1498
133 <-> 776, 1300
134 <-> 134, 467
135 <-> 1176
137 <-> 207
139 <-> 680, 708, 1717, 1808
140 <-> 445, 1732
141 <-> 441
142 <-> 1280, 1787
143 <-> 216, 468, 1180, 1695
144 <-> 532, 996, 1794
145 <-> 145, 507
147 <-> 1871
149 <-> 1401, 1883
150 <-> 453, 999
151 <-> 115, 205, 496, 535
152 <-> 521, 1037
153 <-> 298, 760, 803, 1664
154 <-> 1888
155 <-> 1524
156 <-> 1138, 1146, 1335
157 <-> 1373, 1771, 1859
158 <-> 1020
159 <-> 1102
161 <-> 1602, 1936
162 <-> 162, 171, 1173
163 <-> 293, 500, 960
164 <-> 777, 1147, 1192
165 <-> 1022, 1377
166 <-> 166, 508, 523, 825, 1259
170 <-> 170, 571, 696, 859
174 <-> 517, 573
175 <-> 635
176 <-> 455, 457, 712, 1386, 1639
178 <-> 1802
179 <-> 862, 876, 1633
180 <-> 588
181 <-> 367, 1219
182 <-> 1370
183 <-> 799, 1489
184 <-> 377, 1415, 1642
186 <-> 459, 493
188 <-> 367, 686, 930, 1643
189 <-> 1433
190 <-> 1312, 1351, 1723
191 <-> 375
192 <-> 989, 1088, 1096, 1891
194 <-> 1974
195 <-> 439, 1193, 1875
196 <-> 563
198 <-> 1385
199 <-> 471
200 <-> 752, 783, 1346
201 <-> 201, 1023
202 <-> 399, 582
203 <-> 318, 1011
204 <-> 628, 1351, 1606
207 <-> 137, 328
209 <-> 357, 766, 853
210 <-> 810
211 <-> 1047, 17542
21 <-> 601
213 <-> 1660
214 <-> 214, 282, 1164, 1341, 1751
216 <-> 143, 1481, 1897
217 <-> 602
218 <-> 1325, 1581
219 <-> 426, 739, 1209
221 <-> 614, 811
222 <-> 542, 963, 1420
223 <-> 30, 1237
224 <-> 335, 1911
225 <-> 1374, 1751
227 <-> 274, 966
228 <-> 230, 1207, 1739
229 <-> 944, 978, 1567
230 <-> 228, 273, 267, 1252
231 <-> 419, 763, 1579
232 <-> 232, 1893
233 <-> 436, 747
235 <-> 980, 1694
236 <-> 236
237 <-> 1468, 1934
239 <-> 239, 362
240 <-> 396
241 <-> 1084, 1634
242 <-> 353
243 <-> 769, 1455
245 <-> 1528, 1605, 1905
246 <-> 1327
247 <-> 1457, 1550
249 <-> 987, 1041, 1949
250 <-> 208, 818
251 <-> 130, 484, 882
252 <-> 619, 1709
254 <-> 1092, 1288, 1328
255 <-> 1392
257 <-> 360, 581, 1658
258 <-> 660, 905
259 <-> 287, 941, 1141, 1262
260 <-> 919
262 <-> 418, 634
265 <-> 265, 1520
266 <-> 576, 609
268 <-> 515, 1172
269 <-> 458
272 <-> 1175, 1697
275 <-> 17, 615, 827, 1013
278 <-> 513, 1449
279 <-> 785, 996, 1375
283 <-> 31, 1239
287 <-> 259, 1030
291 <-> 1142, 1376
292 <-> 314, 918, 1025
296 <-> 296, 1318
297 <-> 1141
299 <-> 1225
300 <-> 1032, 1462
301 <-> 1299
302 <-> 391, 724
304 <-> 304, 937
306 <-> 392, 828, 963
308 <-> 727, 1620
309 <-> 387
310 <-> 1436, 1696, 1784
312 <-> 1156
313 <-> 276, 313, 596
316 <-> 1095
317 <-> 1, 476
319 <-> 906, 1008, 1989
320 <-> 1401
322 <-> 928, 1935
323 <-> 687
325 <-> 552, 783, 984
327 <-> 761, 1240, 1789
330 <-> 595, 1059
332 <-> 943, 1103, 1995
333 <-> 732
334 <-> 365
336 <-> 1052
338 <-> 3749
344 <-> 384
346 <-> 1318, 1659
347 <-> 355
348 <-> 753
349 <-> 1602
351 <-> 437
354 <-> 1476
355 <-> 173, 461, 475, 679
356 <-> 839, 1432
358 <-> 1874
1470 <-> 1092
1472 <-> 1472
1473 <-> 1677
1474 <-> 622, 1830
1475 <-> 1955
1477 <-> 1002, 1248, 1867
1478 <-> 352, 788, 938, 1350, 1354
1479 <-> 1479, 912
1878 <-> 962, 1161, 1547
1881 <-> 1671, 1881, 1887, 1902
1882 <-> 566, 977, 1287, 1710
1883 <-> 149, 392, 1340
1884 <-> 234, 571, 893
1885 <-> 1029
1886 <-> 1309
1888 <-> 154, 901
1889 <-> 116, 280, 448, 1435
1890 <-> 777, 1121, 1890
1892 <-> 1485
1894 <-> 1012
1895 <-> 111, 1741, 1919
1898 <-> 1756
1901 <-> 550, 1680
1903 <-> 87, 1406
1906 <-> 574, 1906
1908 <-> 927
1909 <-> 392
1910 <-> 1085, 1183, 1690
1911 <-> 224, 878, 1690
9912 <-> 987, 1005, 1138
1913 <-> 55, 1378, 1407
1914 <-> 603, 1460
1917 <-> 658, 1007, 1082, 1917
1918 <-> 495, 935, 1234, 1408, 1556
1922 <-> 1483
1923 <-> 1491, 1812
1926 <-> 546, 1009, 1347
1927 <-> 906, 1555
1928 <-> 370, 1429, 1444
1929 <-> 671
1931 <-> 1336
1933 <-> 463, 1180
1936 <-> 161, 506
1939 <-> 1522
1940 <-> 1466
1941 <-> 379
1943 <-> 1943
1950 <-> 611, 981, 1467, 1733
1952 <-> 1818
1954 <-> 1247
1961 <-> 991, 1386, 1561
1964 <-> 1157
10973 <-> 77, 1353, 1983
1985 <-> 1045
1986 <-> 941
1991 <-> 446, 1505
1992 <-> 601, 696
1993 <-> 550
1994 <-> 825, 1749
1997 <-> 376, 746
1999 <-> 1239, 1364
