0 <-> 82, 83
1 <-> 84, 85
2 <-> 86, 87, 88
3 <-> 89
4 <-> 4
5 <-> 90
6 <-> 6
7 <-> 91
8 <-> 92, 93
9 <-> 94
10 <-> 95
11 <-> 96, 97
12 <-> 98, 99, 100
13 <-> 101
14 <-> 102, 103
15 <-> 104, 105, 106
16 <-> 107
17 <-> 108, 109
18 <-> 110
19 <-> 111, 112, 113
20 <-> 114, 115, 116, 117
21 <-> 118, 119
22 <-> 120
23 <-> 121, 23
24 <-> 122, 123
25 <-> 124
26 <-> 125
27 <-> 126
28 <-> 127
29 <-> 128, 129
30 <-> 130
31 <-> 131
32 <-> 132, 133
33 <-> 134, 135
34 <-> 136
35 <-> 137
36 <-> 138
37 <-> 139, 140
38 <-> 38
39 <-> 141, 39
40 <-> 40
41 <-> 142, 143, 144, 145, 146, 147
42 <-> 148
43 <-> 149
44 <-> 150
45 <-> 151
46 <-> 152
47 <-> 153, 154
48 <-> 155, 156
49 <-> 157
50 <-> 158
51 <-> 159
52 <-> 160, 161, 162, 163
53 <-> 164
54 <-> 165
55 <-> 166, 167, 168
56 <-> 169
57 <-> 57
58 <-> 170
59 <-> 171
60 <-> 172
61 <-> 173
62 <-> 174
63 <-> 175
64 <-> 176
65 <-> 177
66 <-> 178, 179
67 <-> 180, 181
68 <-> 182, 183
69 <-> 184, 185
70 <-> 186
71 <-> 187
72 <-> 188, 189
73 <-> 190
74 <-> 191, 192
75 <-> 193, 194
76 <-> 195, 196
77 <-> 197
78 <-> 198
79 <-> 199, 200
80 <-> 201
81 <-> 202, 203
