10 <-> 950, 1039
1 <-> 317, 904, 923
2 <-> 2
3 <-> 870
4 <-> 361
5 <-> 5
6 <-> 305, 842, 1931
7 <-> 438, 1509
8 <-> 985
10 <-> 121, 1532
11 <-> 285, 1242, 1753
12 <-> 632, 762, 829
13 <-> 662, 1629
14 <-> 215, 1110, 1523
15 <-> 43, 238, 15520
16 <-> 1050
17 <-> 275
18 <-> 26, 256
19 <-> 1656
20 <-> 1907
21 <-> 608, 1493, 1587, 1646
22 <-> 1748, 1774
23 <-> 723, 871
24 <-> 244, 624
26 <-> 18, 490, 545, 1123, 1958
27 <-> 15, 403, 866
44 <-> 497, 503, 1305
45 <-> 130, 881, 1158
47 <-> 867, 1391, 1630
49 <-> 1286
50 <-> 1687, 1966
51 <-> 138, 454, 1105
52 <-> 1647
27 <-> 78, 55, 58
55 <-> 340, 1913
56 <-> 100, 720
57 <-> 547, 1417, 1501, 1785
58 <-> 138, 402, 1593
59 <-> 1620, 1915
61 <-> 61, 1666
62 <-> 1157
63 <-> 1423, 1484
64 <-> 64, 400
65 <-> 1323
66 <-> 1437
67 <-> 1390, 1535
69 <-> 414
71 <-> 393, 1585, 1680
72 <-> 391, 1863
73 <-> 73, 1571
74 <-> 537, 1861
75 <-> 138, 714
76 <-> 554, 1582
77 <-> 611
78 <-> 1452, 1706, 1804
80 <-> 290, 1925
81 <-> 81, 315
82 <-> 1420, 1865
83 <-> 734, 1794
84 <-> 84, 343, 948
85 <-> 1161
86 <-> 971
87 <-> 270, 1024, 1541, 1688, 1903
88 <-> 931, 1024
89 <-> 378
90 <-> 954, 1519
91 <-> 276
92 <-> 342
94 <-> 747, 973, 1010
96 <-> 1299, 1924
98 <-> 1988
101 <-> 148
102 <-> 807, 1177
103 <-> 103
104 <-> 248, 593, 895
105 <-> 113, 1090
106 <-> 410, 1114, 1557
107 <-> 107
108 <-> 1367
110 <-> 1296, 1837
111 <-> 311, 1895
112 <-> 112, 668, 1720
113 <-> 105, 629, 1786
114 <-> 1221
115 <-> 151
116 <-> 368, 725, 1889
117 <-> 567, 1502
118 <-> 136, 461, 804
119 <-> 915, 1821
120 <-> 1342, 1826
122 <-> 1421, 1532
123 <-> 843, 1837
124 <-> 124
125 <-> 1679
126 <-> 126
127 <-> 1777, 1836
128 <-> 128
129 <-> 968
130 <-> 45, 251, 804, 1078
131 <-> 995
132 <-> 1420, 1498
133 <-> 776, 1300
134 <-> 134, 467
135 <-> 1176
137 <-> 207
175 <-> 185, 63, 109, 125
139 <-> 680, 708, 1717, 1808
140 <-> 445, 1732
141 <-> 441
142 <-> 1280, 1787
143 <-> 216, 468, 1180, 1695
144 <-> 532, 996, 1794
145 <-> 145, 507
146 <-> 146
147 <-> 1871
149 <-> 1401, 1883
150 <-> 453, 999
151 <-> 115, 205, 496, 535
152 <-> 521, 1037
153 <-> 298, 760, 803, 1664
156 <-> 1138, 1146, 1335
157 <-> 1373, 1771, 1859
159 <-> 1102
160 <-> 1265, 1274, 1660
161 <-> 1602, 1936
162 <-> 162, 171, 1173
163 <-> 293, 500, 960
164 <-> 777, 1147, 1192
165 <-> 1022, 1377
166 <-> 866, 508, 523, 825, 1259
167 <-> 39, 1626
168 <-> 1988
169 <-> 740
170 <-> 170, 571, 696, 859
172 <-> 1183
173 <-> 70, 295
174 <-> 517, 573
176 <-> 455, 457, 712, 1386, 1639
177 <-> 638, 1102
178 <-> 1802
179 <-> 862, 876, 1633
180 <-> 588
181 <-> 367, 1219
182 <-> 1370
183 <-> 799, 1489
184 <-> 377, 1415, 1642
186 <-> 459, 493
187 <-> 1524
190 <-> 1312, 1351, 1723
191 <-> 375
192 <-> 989, 1088, 1096, 1891
194 <-> 1974
195 <-> 439, 1193, 1875
196 <-> 563
197 <-> 1981
198 <-> 1385
199 <-> 471
200 <-> 752, 783, 1346
201 <-> 201, 1023
202 <-> 399, 582
203 <-> 318, 1011
206 <-> 653
208 <-> 250
209 <-> 357, 766, 853
210 <-> 810
211 <-> 1047, 1754
214 <-> 214, 282, 1166, 1340, 1751
216 <-> 286, 1481, 1897
218 <-> 1325, 1581
219 <-> 426, 739, 1209
223 <-> 30, 1237
224 <-> 335, 1911
227 <-> 274, 966
228 <-> 230, 1207, 1739
229 <-> 944, 978, 1567
230 <-> 228, 273, 277, 1252
231 <-> 419, 763, 1579
232 <-> 232, 1893
233 <-> 436, 747
234 <-> 1884
235 <-> 980, 1694
236 <-> 236
239 <-> 239, 362
241 <-> 1084, 1634
242 <-> 353
245 <-> 1528, 1605, 1905
246 <-> 1327
247 <-> 1457, 1550
249 <-> 987, 1041, 1949
252 <-> 619, 1709
253 <-> 616
255 <-> 1392
257 <-> 360, 581, 1658
258 <-> 660, 905
259 <-> 287, 941, 1141, 1262
261 <-> 261, 425, 526, 646
262 <-> 418, 634
265 <-> 265, 1520
268 <-> 515, 1172
272 <-> 1175, 1697
276 <-> 91, 313, 328, 1799
279 <-> 785, 996, 1375
280 <-> 1889
281 <-> 1501
283 <-> 31, 1239
284 <-> 1109, 1730
288 <-> 288, 808, 1187
289 <-> 956, 1044
292 <-> 314, 918, 1025
294 <-> 547
296 <-> 296, 1318
299 <-> 1225
300 <-> 1032, 1462
301 <-> 1299
302 <-> 391, 724
303 <-> 1301, 1599
304 <-> 304, 937
305 <-> 6, 1442
306 <-> 392, 34, 1277, 1534
788 <-> 1478
