617 <-> 275
18 <-> 26, 256
19 <-> 828
20 <-> 953
21 <-> 608, 1493, 1587, 1323
51 <-> 138, 454, 1105
53 <-> 762
55 <-> 340, 1913
58 <-> 138, 402, 1593
62 <-> 1157
63 <-> 1423, 1484
64 <-> 64, 400
65 <-> 1323
66 <-> 1437
67 <-> 1390, 1535
68 <-> 1597
69 <-> 414
71 <-> 393, 1585, 1680
72 <-> 391, 1863
74 <-> 537, 1861
75 <-> 138, 714
78 <-> 1452, 1706, 1804
79 <-> 1618
80 <-> 290, 1925
81 <-> 80, 315
83 <-> 734, 1794
84 <-> 84, 343, 948
92 <-> 342
94 <-> 747, 973, 1463
99 <-> 1, 500, 136
3 <-> 71, 2
