210 <-> 810
61 <-> 61, 1666
113 <-> 105, 629, 1786
7 <-> 438, 1509
19 <-> 1656
81 <-> 81, 315
92 <-> 342
226 <-> 226, 1969
41 <-> 365
179 <-> 862, 876, 1633
177 <-> 638, 1102
198 <-> 1385
197 <-> 1981
1994 <-> 1239, 1364
1990 <-> 1119
182 <-> 1370
202 <-> 399, 582
109 <-> 416, 705
111 <-> 311, 1895
212 <-> 601
82 <-> 1420, 1865
181 <-> 367, 1219
77 <-> 611
223 <-> 30, 1237
31 <-> 283
6 <-> 305, 842, 1932
218 <-> 1325, 1581
216 <-> 143, 1481, 1897
52 <-> 1647
203 <-> 318, 1011
26 <-> 18, 490, 545, 1123, 1958
47 <-> 867, 1391, 1630
172 <-> 120
16 <-> 1050
18 <-> 26, 256
101 <-> 148
102 <-> 807, 1177
85 <-> 1161
2 <-> 2
50 <-> 1687, 1966
25 <-> 25
94 <-> 747, 973, 1010
178 <-> 1802
80 <-> 290, 1925
14 <-> 215, 1155, 1523
191 <-> 375
91 <-> 276
200 <-> 752, 783, 1346
12 <-> 632, 762, 829
117 <-> 567, 1502
86 <-> 971
16 <-> 145
0 <-> 950, 1039
76 <-> 554, 1582
65 <-> 1323
196 <-> 563
88 <-> 931, 1024
62 <-> 1157
32 <-> 921
89 <-> 378
190 <-> 1312, 1351, 1723
90 <-> 954, 1519
192 <-> 989, 1088, 1096, 1891
110 <-> 1296, 1837
72 <-> 391, 1863
68 <-> 1597
183 <-> 799, 1489
23 <-> 723, 871
83 <-> 734, 1794
220 <-> 1854
64 <-> 64, 400
87 <-> 270, 1024, 1541, 1688, 1903
208 <-> 250
39 <-> 167
217 <-> 602
55 <-> 340, 1913
36 <-> 936, 1318
180 <-> 588
1988 <-> 98, 168, 1988
1989 <-> 319, 671
43 <-> 15, 403, 866
58 <-> 138, 402, 1591
1319 <-> 885
93 <-> 615, 1667, 1745
71 <-> 393, 1585, 1680
96 <-> 1299, 1924
221 <-> 614, 811
11 <-> 285, 1242, 1753
106 <-> 410, 1114, 1557
69 <-> 414
219 <-> 426, 739, 1209
44 <-> 497, 503, 1305
48 <-> 48, 1363
1996 <-> 1183
38 <-> 1238
60 <-> 132
114 <-> 1221
70 <-> 173, 527, 743, 1806, 1958
207 <-> 137, 328
74 <-> 537, 1861
193 <-> 193, 1405
45 <-> 130, 881, 1158
228 <-> 230, 1207, 1731
5 <-> 5
214 <-> 214, 282, 1166, 1341, 1751
24 <-> 244, 624
205 <-> 151
22 <-> 887, 1748
227 <-> 274, 966
194 <-> 1974
10 <-> 121, 1532
103 <-> 103
99 <-> 1417
13 <-> 662, 1429
201 <-> 201, 1023
225 <-> 1374, 1751
175 <-> 635
206 <-> 653
100 <-> 56, 1924
1992 <-> 601, 696
28 <-> 832, 1227
79 <-> 1618
37 <-> 29, 43, 156, 158
75 <-> 138, 714
17 <-> 550
97 <-> 463
186 <-> 459, 493
20 <-> 1907
1 <-> 317, 904, 923
35 <-> 471
107 <-> 107
224 <-> 335, 1911
60 <-> 896, 982
49 <-> 1286
21 <-> 608, 1493, 1587, 1646
112 <-> 112, 668, 1720
195 <-> 439, 1193, 1875
118 <-> 1573
9 <-> 425
116 <-> 368, 725, 1889
213 <-> 1660
84 <-> 84, 343, 948
40 <-> 804, 1127, 1419
108 <-> 1367
78 <-> 1452, 1706, 1804
59 <-> 1620, 1915
46 <-> 46, 744
8 <-> 985
211 <-> 1047, 1754
67 <-> 1390, 1535
27 <-> 27
1998 <-> 414, 829
176 <-> 455, 457, 714, 1386, 1639
209 <-> 357, 766, 853
37 <-> 263, 678, 1356, 1683, 1714
104 <-> 248, 593, 895
51 <-> 138, 454, 1105
