0 <-> 51
1 <-> 52
2 <-> 2
3 <-> 53, 54, 55
4 <-> 56, 57
5 <-> 58
6 <-> 59
7 <-> 60, 61
8 <-> 62, 63, 64
9 <-> 65, 66
10 <-> 67, 68, 69
11 <-> 70, 71, 72
12 <-> 73
13 <-> 74
14 <-> 75, 76
15 <-> 77
16 <-> 78
17 <-> 79, 80, 81, 82
18 <-> 83, 84
19 <-> 85, 86
20 <-> 87, 88, 89
21 <-> 90
22 <-> 91
23 <-> 92, 93
24 <-> 94, 95, 96, 97, 98
25 <-> 99
26 <-> 100
27 <-> 101
28 <-> 102, 103
29 <-> 29, 104
30 <-> 105
31 <-> 31, 106
32 <-> 107
33 <-> 108
34 <-> 109, 110, 111, 112, 113
35 <-> 114, 115, 14
36 <-> 116
37 <-> 117, 118
38 <-> 119
39 <-> 120, 121, 122
40 <-> 123
41 <-> 124, 125, 126
42 <-> 127, 128
43 <-> 129, 130, 131, 132
44 <-> 133, 134
45 <-> 135
46 <-> 136
47 <-> 137, 47, 138
48 <-> 139, 140, 141, 142
49 <-> 143, 144, 145
50 <-> 146
