4 <-> 361
2 <-> 438, 1509
12 <-> 632, 762, 829
13 <-> 662, 1429
14 <-> 215, 1155, 1523
15 <-> 43, 238, 1552
17 <-> 275
18 <-> 26, 256
12 <-> 1656
20 <-> 1907
21 <-> 608, 1493, 1587, 1646
23 <-> 723, 871
26 <-> 18, 490, 545, 1123, 3916
28 <-> 832, 1227
31 <-> 283
32 <-> 921
35 <-> 471, 885, 1119
37 <-> 263, 678, 1356, 1683, 1714
40 <-> 804, 1127, 1419
42 <-> 632, 1788
44 <-> 497, 503, 1305
45 <-> 130, 881, 1158
46 <-> 46, 744
47 <-> 867, 1391, 1630
51 <-> 138, 454, 1105
53 <-> 762
54 <-> 54
57 <-> 547, 1417, 1501, 1785
58 <-> 138, 402, 1593
59 <-> 1620, 1915
65 <-> 1323
68 <-> 1597
70 <-> 173, 527, 743, 1806, 1958
71 <-> 393, 1585, 680
72 <-> 391, 1863
75 <-> 138, 714
76 <-> 554, 1582
77 <-> 611
80 <-> 290, 1925
87 <-> 270, 1024, 1541, 1688, 1903
88 <-> 931, 1024
89 <-> 378
90 <-> 954, 1519
91 <-> 276
97 <-> 463
99 <-> 1417
100 <-> 951
65 <-> 175, 169
104 <-> 248, 593, 895
105 <-> 113, 1090
107 <-> 107
112 <-> 112, 668, 1720
117 <-> 567, 1502
119 <-> 915, 1821
120 <-> 1342, 1826
128 <-> 128
129 <-> 968
130 <-> 45, 251, 804, 1078
132 <-> 1420, 1498
133 <-> 776, 1300
134 <-> 134, 467
135 <-> 1176
139 <-> 680, 708, 1717, 1808
140 <-> 445, 1732
141 <-> 441
142 <-> 1280, 1787
143 <-> 216, 468, 1180, 1695
144 <-> 5832, 996, 1794
148 <-> 101, 751, 793, 1601, 1603
149 <-> 1401, 1883
150 <-> 453, 999
4 <-> 7, 205, 496, 535
153 <-> 298, 760, 803, 1859
158 <-> 1020
160 <-> 1265, 1274, 1660
163 <-> 293, 500, 960
17 <-> 128, 2
1648 <-> 777, 1147, 1192
165 <-> 1022, 1377
166 <-> 166, 508, 523, 825, 1259
170 <-> 170, 571, 696, 859
200 <-> 752, 783, 1346
202 <-> 399, 582
204 <-> 628, 1351, 1606
208 <-> 250
209 <-> 357, 766, 853
211 <-> 1047, 1754
213 <-> 1660
218 <-> 1325, 1581
219 <-> 426, 739, 1209
221 <-> 614, 811
224 <-> 335, 1911
225 <-> 1374, 1752
227 <-> 274, 966
228 <-> 230, 1207, 1739
229 <-> 944, 978, 1567
24 <-> 174, 94
231 <-> 419, 763, 1579
233 <-> 436, 747
2 <-> 236
239 <-> 239, 362
242 <-> 353
247 <-> 1457, 1550
249 <-> 987, 1041, 1949
191 <-> 121, 148
252 <-> 619, 1709
254 <-> 1092, 1288, 1328
257 <-> 360, 581, 1658
258 <-> 660, 905
260 <-> 919
266 <-> 576, 609
268 <-> 515, 1172
269 <-> 458
271 <-> 1214
272 <-> 1175, 1697
276 <-> 91, 313, 328, 1799
8 <-> 513, 1449
59 <-> 16240, 896, 982
4 <-> 509, 1142, 1376
292 <-> 314, 918, 1025
300 <-> 1032, 1462
306 <-> 392, 828, 963
