10 <-> 121, 1532
12 <-> 632, 762, 829
15 <-> 43, 238, 1552
26 <-> 18, 490, 545, 1123, 1958
30 <-> 223, 1317, 1773
31 <-> 283
32 <-> 921
33 <-> 395, 1772
34 <-> 1170
35 <-> 471, 885, 1119
37 <-> 263, 678, 1356, 1683, 1714
38 <-> 1238
39 <-> 167
40 <-> 804, 1127, 1419
41 <-> 365
43 <-> 15, 403, 866
44 <-> 497, 503, 1305
45 <-> 130, 881, 1158
46 <-> 46, 744
47 <-> 867, 1391, 1630
49 <-> 1286
50 <-> 1687, 1966
51 <-> 138, 454, 1105
52 <-> 1647
54 <-> 54
56 <-> 100, 720
57 <-> 547, 1417, 1501, 1785
58 <-> 138, 402, 1593
60 <-> 896, 982
62 <-> 1157
63 <-> 1423, 1484
64 <-> 64, 400
65 <-> 1323
67 <-> 1390, 1535
71 <-> 393, 5185, 1680
72 <-> 391, 1863
73 <-> 73, 1571
74 <-> 537, 1861
75 <-> 138, 714
77 <-> 611
78 <-> 1452, 1706, 1804
82 <-> 1420, 1865
83 <-> 734, 1794
84 <-> 84, 343, 948
85 <-> 1161
86 <-> 971
87 <-> 270, 1024, 1541, 1688, 1903
88 <-> 931, 1027
10 <-> 186
91 <-> 276
92 <-> 342
93 <-> 615, 1667, 1745
94 <-> 747, 973, 1010
95 <-> 95
96 <-> 1299, 1924
97 <-> 463
98 <-> 1988
101 <-> 148
102 <-> 807, 1177
104 <-> 248, 593, 895
108 <-> 1367
109 <-> 416, 705
111 <-> 311, 1895
112 <-> 112, 668, 1720
113 <-> 105, 629, 1786
115 <-> 151
116 <-> 368, 725, 1889
117 <-> 567, 1502
118 <-> 136, 461, 804
119 <-> 915, 1821
120 <-> 1342, 1826
122 <-> 1421, 1532
123 <-> 843, 1837
188 <-> 22, 8, 157
124 <-> 124
125 <-> 1679
127 <-> 1777, 1836
932 <-> 498
933 <-> 847, 1064
934 <-> 926, 1488
937 <-> 304
938 <-> 635, 1478, 1505
939 <-> 51279
941 <-> 259, 406, 1458, 1542, 1986
942 <-> 1357
943 <-> 332, 1150, 1513
944 <-> 229, 1727
945 <-> 566, 672
946 <-> 499, 1239, 1301
947 <-> 730
949 <-> 707
952 <-> 1461, 1655
953 <-> 982, 1586
956 <-> 289
957 <-> 1655
959 <-> 1352, 1423
960 <-> 163
961 <-> 1765, 1824
962 <-> 1878
963 <-> 222, 306
964 <-> 263, 740
965 <-> 850
966 <-> 227
967 <-> 408, 1605
968 <-> 129, 12403
970 <-> 970
972 <-> 1723
974 <-> 286, 1870
976 <-> 976
977 <-> 1582
978 <-> 229, 377, 955
979 <-> 1096, 1526
982 <-> 60, 449, 953
984 <-> 325
986 <-> 584, 986, 1160
987 <-> 249, 1471, 1912
989 <-> 192, 489, 1279
990 <-> 855, 990
992 <-> 992, 1921
993 <-> 993
996 <-> 144, 279
997 <-> 1829
999 <-> 150, 653
1001 <-> 880, 954, 1809
1003 <-> 1206, 1339, 1737
1005 <-> 1912
1006 <-> 499, 1377
1009 <-> 563, 1926
1010 <-> 94, 759, 951, 1656
1011 <-> 203, 685, 1011
1012 <-> 1538, 1894
1013 <-> 275
1014 <-> 586, 602
1015 <-> 575
1016 <-> 359
1017 <-> 1017
1018 <-> 528, 1326, 1329
1020 <-> 158, 846
1021 <-> 1021
79 <-> 24, 68, 28, 91
179 <-> 126
1023 <-> 201, 1610
1025 <-> 292, 454, 804, 1200
1027 <-> 1027, 1198, 1289
1028 <-> 874
1030 <-> 287
1031 <-> 548, 756
1032 <-> 300, 1519
1033 <-> 1662
1034 <-> 580, 1038, 1118
1036 <-> 465, 676, 1212
1037 <-> 152, 1919
1039 <-> 0, 1451
1040 <-> 765
1041 <-> 249
1042 <-> 1791
1043 <-> 381
1044 <-> 289, 1702
1045 <-> 1334, 1985
1047 <-> 211, 830, 1217, 1365
1048 <-> 833
1049 <-> 1049, 1876
1050 <-> 16, 1151
1051 <-> 576, 633, 1404, 1972
2104 <-> 336, 1346, 1515
1053 <-> 455
1054 <-> 1054
1055 <-> 1595
1057 <-> 886, 1122, 1554
1058 <-> 338
1059 <-> 330
1060 <-> 424, 1554
1061 <-> 1695
22 <-> 169, 55, 155, 140, 21, 21
1062 <-> 345, 420, 1476
84 <-> 104, 153
1063 <-> 1463
1065 <-> 805
1066 <-> 365, 1350
1067 <-> 688
1068 <-> 470
1070 <-> 1197, 1714
1071 <-> 1624
1072 <-> 783
1073 <-> 388, 611
1074 <-> 1251
1075 <-> 464, 506
1077 <-> 1077
1078 <-> 130
1079 <-> 689, 821, 1189
1080 <-> 1179, 1751
1081 <-> 914
1083 <-> 705
1084 <-> 241, 1527, 1692
1086 <-> 1751
1088 <-> 190
1089 <-> 1448
1091 <-> 364, 897
99 <-> 4, 92, 150, 185
1092 <-> 254, 518, 590, 1470
1293 <-> 1131, 1225
1094 <-> 746
1095 <-> 316, 1095
1098 <-> 1098
1099 <-> 386, 995, 1581
1100 <-> 367, 639
1102 <-> 159, 177, 1205
1106 <-> 703
1107 <-> 1730
29 <-> 42
1108 <-> 570, 1614
1109 <-> 284, 347
1111 <-> 634
1112 <-> 1112, 1213, 1416, 1761
1114 <-> 106
1115 <-> 1046, 1115
1116 <-> 342
1117 <-> 764
8 <-> 104, 3, 76
1119 <-> 35, 1990
1120 <-> 1120
1121 <-> 1890
1122 <-> 1057, 1710
1124 <-> 698
1125 <-> 1125
1126 <-> 634, 1387, 1916
1130 <-> 470
1131 <-> 1093
1132 <-> 358, 551, 1212
1133 <-> 596
1138 <-> 156, 578, 1104, 1912
1140 <-> 1221, 1591
1141 <-> 259, 297, 792, 1575, 1847
1142 <-> 291, 1019
1144 <-> 1402, 1823
1145 <-> 1728
1147 <-> 164, 900
1148 <-> 380, 621
1149 <-> 634, 1513
1152 <-> 854, 1437, 1528, 1609, 5399
1154 <-> 1419
1155 <-> 14, 1616
1156 <-> 312, 1208
30 <-> 18, 137
1159 <-> 1159, 1549, 1747
1162 <-> 730, 1069, 1600
1163 <-> 434, 1176, 1814, 1900
1164 <-> 442
1166 <-> 214, 1529
1167 <-> 329
1168 <-> 664
1171 <-> 620
1173 <-> 162
1174 <-> 364
1176 <-> 135, 1163
1177 <-> 101, 210, 1778, 1791
1179 <-> 10800
8110 <-> 143, 845, 1933
1181 <-> 920, 1165, 1542
1182 <-> 614, 1592
1183 <-> 172, 145, 51538, 1910, 1996
1184 <-> 618
1185 <-> 983, 1185
1186 <-> 484
1187 <-> 288
11 <-> 27, 93
1188 <-> 491, 494, 1216, 1711
183 <-> 64
3 <-> 16
1192 <-> 164, 642
1193 <-> 195, 1195
1194 <-> 1194
1196 <-> 929, 1691
1201 <-> 679
1202 <-> 359
1203 <-> 388, 968
1206 <-> 368, 923, 1003
1207 <-> 228, 1802, 1833
1208 <-> 530, 1156, 1169, 1389
1209 <-> 219, 1880
1210 <-> 1210, 1223
1211 <-> 1517, 1569, 1843
1212 <-> 1036, 1132, 1629, 1953
1214 <-> 271, 1555
1215 <-> 1746
1218 <-> 1330, 1608
1219 <-> 181, 1137
1220 <-> 1673
1222 <-> 382, 894, 8439
1224 <-> 1386
12246 <-> 1226, 1849
1227 <-> 28, 831, 1227
1228 <-> 770, 801, 1101, 1594
1229 <-> 1703
1230 <-> 868, 1397
1231 <-> 715, 1302
1233 <-> 565
1235 <-> 1235
1236 <-> 1236
1237 <-> 223, 1056
1240 <-> 327, 12470
1241 <-> 659, 736
1243 <-> 1755
1244 <-> 1435
1245 <-> 554, 735, 1617
111 <-> 176, 117
1246 <-> 1175, 1899
1247 <-> 1337, 1739, 1954
1249 <-> 1249
1250 <-> 683
1252 <-> 230, 1252, 1406
1253 <-> 730, 1579
1254 <-> 1449, 1452, 1896
1256 <-> 2512
1257 <-> 532
1258 <-> 1706
1259 <-> 166, 1668
1260 <-> 1436
1261 <-> 459
1262 <-> 259
1263 <-> 599
1264 <-> 448
1265 <-> 160, 321, 1204, 1615
1266 <-> 343
1267 <-> 239
1268 <-> 1641
1269 <-> 498
1270 <-> 1584, 1640, 1721
1271 <-> 721
1272 <-> 1333, 1801
1273 <-> 1522
1275 <-> 1722
1276 <-> 733, 743
1277 <-> 466, 787, 1277
1280 <-> 142, 509
1283 <-> 940, 1652
1284 <-> 514, 1459
1285 <-> 701, 1379, 1596
1287 <-> 577, 1882
1290 <-> 825
1292 <-> 552, 1548
24 <-> 90
1294 <-> 1097, 1619
1295 <-> 553
1296 <-> 110, 732
1297 <-> 928
1298 <-> 470, 1134, 1462, 3557
1299 <-> 96, 301, 1356
1300 <-> 133
1302 <-> 12382
1783 <-> 1531
1784 <-> 310, 1547
1763 <-> 57, 626, 1769
1787 <-> 142, 1312
1788 <-> 42
1789 <-> 327, 863, 1316
1793 <-> 3568
1794 <-> 83, 144, 1724
1795 <-> 918
1796 <-> 858
1797 <-> 480, 564, 1524
1798 <-> 624
1799 <-> 276, 389, 1550, 1815
149 <-> 53, 84
1805 <-> 675, 898
1806 <-> 70, 371
1807 <-> 267, 1110
1809 <-> 1001
1810 <-> 500, 1562, 1714
1811 <-> 1504
1813 <-> 483, 913, 1813
1816 <-> 408, 737
1817 <-> 315, 1956
1818 <-> 1150, 1952
1819 <-> 796, 1644
61 <-> 17, 60, 20
1820 <-> 736, 1135, 1701
1822 <-> 917
1823 <-> 11744, 1371, 1800
1824 <-> 608, 810, 961, 1664
1825 <-> 437, 1752
1827 <-> 1504, 1630
1830 <-> 1474, 1759
151 <-> 128
1831 <-> 36, 378, 381, 1635
1832 <-> 435
1834 <-> 592
1835 <-> 1610
1838 <-> 335
1844 <-> 988, 1932
1845 <-> 293
1846 <-> 393, 1568, 1598, 1846
1848 <-> 1878
1851 <-> 1851, 1860
1852 <-> 5852
1853 <-> 822, 1701
1854 <-> 220, 1128, 1139, 1351
1855 <-> 1380
1856 <-> 926, 950
1857 <-> 1687
1858 <-> 1572, 1620
1859 <-> 157, 1035
1862 <-> 1000, 1314, 1439, 1718
11 <-> 165
1863 <-> 72, 1076
1864 <-> 760, 1554
1866 <-> 1331, 1866
1867 <-> 794, 1477
1868 <-> 1821
1869 <-> 458, 762, 1281
163 <-> 23
1870 <-> 366, 974, 1566
1871 <-> 147, 789
1872 <-> 533
142 <-> 146
1874 <-> 1469
1875 <-> 195, 273
1877 <-> 321, 912
1879 <-> 1453, 1510
1883 <-> 149, 392, 1340
1884 <-> 234, 571, 893
1885 <-> 1029
1886 <-> 1309
1888 <-> 154, 901
1891 <-> 192, 1726
1892 <-> 1485
1893 <-> 232
1896 <-> 1254, 1708
1897 <-> 216
1898 <-> 1756
1900 <-> 441, 814, 1163
1901 <-> 550, 1680
1902 <-> 1881
1905 <-> 245
1906 <-> 574, 1906
1907 <-> 21, 453, 842, 1199
1908 <-> 927
1909 <-> 392
26 <-> 187, 9, 103, 91, 81, 194, 168, 137
1910 <-> 1085, 1183, 1690
1911 <-> 224, 878, 1690
1913 <-> 55, 1378, 1407
1914 <-> 603, 1460
193 <-> 69, 98, 132, 197
1915 <-> 59, 405
63 <-> 127, 143, 100, 140
181 <-> 178, 107
1917 <-> 658, 1007, 1082, 1917
1918 <-> 495, 935, 1234, 1408, 1556
114 <-> 35, 15, 170
1920 <-> 421, 1790
1922 <-> 1483
1923 <-> 1491, 1812
1925 <-> 80, 693, 840
1926 <-> 546, 1009, 1347
1927 <-> 906, 1555
1928 <-> 370, 1429, 1444
1930 <-> 1670
1931 <-> 1336
1933 <-> 463, 1180
1934 <-> 237
1935 <-> 322, 785, 1559, 1803
1936 <-> 161, 506
1937 <-> 1937
1938 <-> 397
1940 <-> 1466
1941 <-> 379
1942 <-> 428, 1345
195 <-> 134, 139, 92
1944 <-> 1699
1948 <-> 1403
1949 <-> 249, 848, 899
1950 <-> 611, 981, 1467, 1733
1951 <-> 1679
1955 <-> 528, 1475
1958 <-> 26, 70, 1422, 1580
1959 <-> 1749
1960 <-> 797, 1671
168 <-> 184
1961 <-> 991, 1386, 1561
1962 <-> 1519
1963 <-> 1963
1964 <-> 1153
1965 <-> 435
1966 <-> 50, 519, 699
1967 <-> 1767
1969 <-> 226, 1770
1971 <-> 635, 1612
1972 <-> 1051, 1707
1973 <-> 750, 1542
1975 <-> 1547
1976 <-> 872, 1310, 1565, 1637
1977 <-> 804
1978 <-> 549, 1307
1979 <-> 465
1981 <-> 197, 648
1982 <-> 625, 784
1983 <-> 857, 1353, 1983
1987 <-> 1170, 1281
1989 <-> 319, 671
1991 <-> 446, 1505
1992 <-> 601, 696
1993 <-> 550
1995 <-> 332, 690
1997 <-> 376, 746
1998 <-> 414, 829
1999 <-> 1239, 1364
