0 <-> 950, 1039
1 <-> 317, 904, 923
2 <-> 2
3 <-> 315, 4381
4 <-> 391
5 <-> 371
5 <-> 0, 37, 901, 913
6 <-> 305, 842, 1932
6 <-> 1, 3, 41, 90, 957, 970, 8151
6 <-> 1323
7 <-> 70, 1788, 2632
7 <-> 438, 1509
10 <-> 121, 1532
11 <-> 285, 1242, 1753
12 <-> 187
12 <-> 632, 762, 829
13 <-> 1429, 6362
16 <-> 43
16 <-> 5, 91, 3470
19 <-> 1656
20 <-> 19057
22 <-> 1748, 1774
22 <-> 27, 69
23 <-> 0, 3
23 <-> 723, 871
24 <-> 244, 624
25 <-> 25
28 <-> 802, 1227
30 <-> 103, 141, 178, 270, 775
32 <-> 921
33 <-> 395, 1772
35 <-> 37, 45, 471, 1344, 1777, 51531
35 <-> 471, 885, 1119
36 <-> 936, 1831
37 <-> 263, 678, 1356, 1683, 1714
38 <-> 1238
40 <-> 90, 101, 152, 198
41 <-> 53, 174
42 <-> 1632, 1788
43 <-> 15, 403, 867
43 <-> 15, 403, 866
44 <-> 1, 62, 68, 69, 90, 109, 139, 190
45 <-> 130, 881, 1158
46 <-> 46, 744
47 <-> 867, 991, 1677, 19338
47 <-> 789, 867, 1391, 1630, 1871
48 <-> 483, 1806, 1958
48 <-> 48, 1363
50 <-> 1687, 1966
51 <-> 138, 454, 1105
52 <-> 1647
54 <-> 54
55 <-> 135
56 <-> 100, 977, 1924
59 <-> 1620, 1915
60 <-> 896, 982
61 <-> 61, 1666
68 <-> 1597
70 <-> 173, 527, 743, 1806, 1958
72 <-> 391, 1863
73 <-> 3, 20, 71, 79, 193
74 <-> 263, 679, 13921
74 <-> 537, 1861
76 <-> 554, 1582
78 <-> 1452, 1706, 1804
79 <-> 1618
79 <-> 5, 36, 78, 92, 189
80 <-> 290, 1925
82 <-> 1420, 1865
83 <-> 194, 734
83 <-> 734, 1794
84 <-> 84, 343, 948
84 <-> 847, 9138
87 <-> 270, 1024, 1541, 1688, 1903
90 <-> 20, 33, 44, 80, 110, 194
92 <-> 342
93 <-> 615, 1667, 1745
95 <-> 1308, 1613
96 <-> 1299, 1924
97 <-> 915, 43936
98 <-> 90, 171, 180, 188
98 <-> 1988
99 <-> 1417
104 <-> 9, 77, 107
104 <-> 67, 134
105 <-> 113, 1090
105 <-> 151
106 <-> 410, 1114, 1557
108 <-> 1367
108 <-> 27
109 <-> 416, 705
110 <-> 1296, 1837
111 <-> 311, 1895
112 <-> 112, 668, 1720
113 <-> 105, 629, 1786
114 <-> 32, 111, 115, 159, 176
117 <-> 567, 1502
120 <-> 8, 49, 56, 139, 950
120 <-> 1342, 1826
121 <-> 183
125 <-> 1679
126 <-> 126
127 <-> 1777, 1836
129 <-> 968
132 <-> 1420, 1498
134 <-> 134, 467
135 <-> 6, 26, 78, 91, 197
138 <-> 51, 58, 75
139 <-> 680, 708, 1717, 1808
140 <-> 445, 1732
141 <-> 441
143 <-> 216, 468, 1180, 1695
144 <-> 532, 996, 1794
145 <-> 58, 138, 402, 507, 1593
146 <-> 101, 148
147 <-> 1871
148 <-> 101, 751, 793, 1601, 1603
149 <-> 1401, 1883
151 <-> 115, 205, 382, 496, 535, 1222, 1388
152 <-> 521, 1037
152 <-> 72, 78, 153
153 <-> 298, 760, 803, 1664
154 <-> 1888
155 <-> 1524
160 <-> 1265, 1274, 1660
161 <-> 1602, 1936
162 <-> 162, 171, 1173
163 <-> 293, 500, 960
164 <-> 777, 1192, 9147
165 <-> 1022, 1377
166 <-> 166, 508, 523, 825, 1259
167 <-> 39, 1626
168 <-> 1988
169 <-> 740
170 <-> 170, 571, 696, 859
170 <-> 81, 174
174 <-> 517, 573
177 <-> 638, 1102
177 <-> 45, 62, 116, 119, 128
35 <-> 122
179 <-> 862, 876, 1633
184 <-> 377, 1415, 1642
185 <-> 185
186 <-> 459, 493
188 <-> 367, 686, 930, 1643
190 <-> 1312, 1351, 1723
192 <-> 989, 1088, 1096, 1891
192 <-> 149
193 <-> 193, 1405
194 <-> 1974
196 <-> 563
198 <-> 169, 193
199 <-> 471
202 <-> 399, 582
206 <-> 653
207 <-> 137, 328
209 <-> 357, 766, 853
213 <-> 1660
214 <-> 214, 282, 1166, 1341, 1751
215 <-> 14
216 <-> 143, 1481, 1897
218 <-> 1325, 1581
219 <-> 426, 739, 1209
220 <-> 1854
223 <-> 30, 344, 384, 1317, 1773
224 <-> 335, 1911
225 <-> 1374, 1751
226 <-> 226, 1969
228 <-> 230, 1207, 1739
230 <-> 228, 273, 277, 1252
231 <-> 419, 763, 1579
232 <-> 232, 1893
233 <-> 436, 747
234 <-> 1884
237 <-> 1468, 1934
238 <-> 15
240 <-> 396
241 <-> 341, 637
242 <-> 353
243 <-> 769, 1455
247 <-> 1457, 1550
249 <-> 987, 1041, 1949
250 <-> 208, 1321, 1533, 1727
251 <-> 130, 484, 882
252 <-> 619, 1709
254 <-> 1092, 1288, 1328
257 <-> 360, 581, 1658
258 <-> 660, 905
259 <-> 287, 975, 1030, 1736
260 <-> 919
261 <-> 261, 425, 526, 646
262 <-> 418, 634
263 <-> 37, 964
266 <-> 576, 609
267 <-> 762, 1807
272 <-> 1175, 1697
273 <-> 230, 1875
274 <-> 227, 274, 1592
275 <-> 17, 615, 827, 1013
276 <-> 91, 313, 328, 1799
278 <-> 513, 1449
280 <-> 1889
281 <-> 1501
283 <-> 31, 80, 290, 1744, 1880
285 <-> 11, 29
286 <-> 974
289 <-> 956, 1044
291 <-> 1142, 1376
292 <-> 314, 918, 1025
298 <-> 153, 622
300 <-> 1032, 1462
301 <-> 1299
303 <-> 1301, 1599
305 <-> 6, 1442
306 <-> 392, 828, 963
308 <-> 727, 1620
312 <-> 1156
317 <-> 1, 476
318 <-> 203
319 <-> 906, 1008, 1989
320 <-> 1401
321 <-> 646, 1265, 1877
323 <-> 687
324 <-> 324
325 <-> 552, 783, 984
327 <-> 761, 1240, 1789
329 <-> 1167, 1569
331 <-> 556
335 <-> 224, 335, 971, 1838
340 <-> 55, 651
342 <-> 92, 1116, 1749
345 <-> 1062
346 <-> 1318, 1659
349 <-> 1602
354 <-> 1476
355 <-> 347, 461, 471, 679
356 <-> 839, 1432
358 <-> 617, 1132, 1904
359 <-> 359, 1016, 1202
361 <-> 4, 1333
362 <-> 239, 1766
365 <-> 41, 334
3678 <-> 181, 188, 367, 1100, 1109, 1594
367 <-> 588, 639, 783, 1072, 11080, 1941, 3739
368 <-> 116, 583, 1206
369 <-> 1759
370 <-> 1928
374 <-> 1632
375 <-> 191, 456
376 <-> 372, 1997
377 <-> 229, 852, 923, 955, 978, 1821
378 <-> 89, 181, 771
381 <-> 477, 1043, 1735, 1831
383 <-> 568
384 <-> 344, 578
385 <-> 1752
386 <-> 1099, 1225
387 <-> 293, 309
399 <-> 202
400 <-> 64, 1190
404 <-> 509
405 <-> 322, 784, 928, 1343, 1935
405 <-> 1343, 1491, 1915
407 <-> 450, 534
145 <-> 146, 157, 172
408 <-> 967, 1816
409 <-> 1687
412 <-> 485, 682
413 <-> 1029, 1873
414 <-> 69, 1998
416 <-> 109, 1757
419 <-> 231, 310, 1093, 1131, 1260, 1436, 1465
420 <-> 1062, 1574
421 <-> 1177, 1920
422 <-> 533, 1435
424 <-> 1060, 1570
425 <-> 9, 261
428 <-> 481, 1705, 1942
429 <-> 417, 865, 896, 1324, 1362
429 <-> 392, 1324
431 <-> 1815
433 <-> 667, 1355
434 <-> 304, 937, 1163, 1176, 1814, 1900
435 <-> 725, 1595, 1832, 1965
437 <-> 351, 1825
439 <-> 195
440 <-> 1686
443 <-> 531
444 <-> 916
447 <-> 1516
448 <-> 1246, 1889
452 <-> 452
453 <-> 150, 479, 1907
455 <-> 28, 176, 457, 712, 831, 1227, 1386, 1639
456 <-> 379, 1462
590 <-> 295, 1092
591 <-> 1625, 1748
592 <-> 592, 1834
594 <-> 1666
595 <-> 330, 364, 784
599 <-> 504, 531, 613, 1263, 1957
600 <-> 210, 800, 810, 942, 1357
602 <-> 217, 1014, 1335
603 <-> 575, 1428, 1914
604 <-> 1693
605 <-> 1375
606 <-> 390, 1745
607 <-> 236
608 <-> 21, 1824
611 <-> 77, 1073, 1571, 1950
612 <-> 521
613 <-> 505, 599, 600, 746
614 <-> 221, 1182, 1456
616 <-> 253, 630, 1458
618 <-> 264, 645, 1184
619 <-> 252, 270, 1622
620 <-> 1171, 1725
624 <-> 24, 550, 1798
625 <-> 776, 1536, 1982
628 <-> 204, 848
631 <-> 1566
633 <-> 1051, 1792
635 <-> 175, 938, 1971
639 <-> 11900
640 <-> 1527
641 <-> 486, 641
643 <-> 427, 529, 1301
645 <-> 211, 618, 1047, 1754
648 <-> 256, 1981, 3877
652 <-> 562, 1984
654 <-> 654
655 <-> 520, 1394
656 <-> 459
659 <-> 1241, 3572
660 <-> 258, 1396
661 <-> 883
662 <-> 13
663 <-> 364, 514
664 <-> 1168, 1945
665 <-> 1462
666 <-> 487, 696
668 <-> 112, 3106
670 <-> 1372
671 <-> 1929, 1989
676 <-> 697, 1036
683 <-> 615, 1250
688 <-> 1067, 1692
689 <-> 398, 418, 729, 826, 1435
690 <-> 1485, 1995
692 <-> 692
693 <-> 1398, 1925
694 <-> 564
695 <-> 1427
696 <-> 170, 666, 1992
698 <-> 459, 749, 1124
699 <-> 1966
700 <-> 1682
701 <-> 1285, 1736
704 <-> 474, 908, 1439
707 <-> 766, 949, 1439
710 <-> 574
712 <-> 176, 181, 1137, 1219
713 <-> 1512, 1586
716 <-> 1659
717 <-> 158, 830, 846, 1020, 1738
718 <-> 578
719 <-> 1600
720 <-> 56, 827
721 <-> 350, 446, 1157, 1164, 1271, 1499, 1716, 1991
722 <-> 1225, 1301
724 <-> 302, 1333
725 <-> 116, 435, 1651
727 <-> 308, 557
731 <-> 869
732 <-> 333, 1296
733 <-> 1276, 1947
738 <-> 533
742 <-> 1376
746 <-> 613, 1094, 1997
748 <-> 748
749 <-> 492, 698
750 <-> 1973
752 <-> 200, 505, 627, 1564
753 <-> 348, 521, 769, 1638
755 <-> 537
758 <-> 509
761 <-> 104, 327, 562, 593
762 <-> 12, 53, 267, 1869
763 <-> 231, 1606
764 <-> 1117, 1359, 1703
764 <-> 177, 638, 677, 997, 1117, 1704, 1829
767 <-> 767, 1445
771 <-> 378, 754
772 <-> 917
773 <-> 1565
776 <-> 133, 625
777 <-> 164, 462, 879, 1890
778 <-> 730
779 <-> 838, 869, 1545
780 <-> 576, 587, 1531
781 <-> 826, 1700
782 <-> 432, 569, 583
783 <-> 200, 325, 1072
785 <-> 279, 1935
786 <-> 1603
787 <-> 834, 1277, 1534
791 <-> 553, 1344
792 <-> 1141, 1746, 1757
795 <-> 795, 1693
797 <-> 818, 1960
798 <-> 766, 1428
802 <-> 1644
804 <-> 40, 118, 130, 1025, 1319, 1977
806 <-> 803, 1707
808 <-> 241, 288, 1084, 1187, 1634
810 <-> 210, 1758, 1824
811 <-> 221, 711
812 <-> 489, 580
813 <-> 1447, 1626
814 <-> 1103, 1514, 1729, 1900
815 <-> 669, 715
817 <-> 817
818 <-> 250, 797
820 <-> 556
824 <-> 1533
825 <-> 841, 1290, 1994, 3166
827 <-> 275, 720, 827, 1403
828 <-> 306, 568
829 <-> 12, 2747
830 <-> 717, 889, 1047
832 <-> 28, 1427, 1576
833 <-> 1024, 1048, 1904
843 <-> 123, 1419, 1661, 1678
844 <-> 1310, 1557
845 <-> 887, 1180
847 <-> 628, 933
848 <-> 1949
850 <-> 850, 965, 1537
851 <-> 745, 1414, 1541
852 <-> 923, 1821
854 <-> 681, 854, 1152
856 <-> 1686
857 <-> 1293, 1412, 1983
858 <-> 726, 1796, 1843
861 <-> 1562
868 <-> 497, 1230, 1629
869 <-> 53228
873 <-> 153, 498, 760, 932, 1313, 1864
880 <-> 288
895 <-> 104, 248, 593, 1080, 11179
915 <-> 119, 139, 708, 1600, 1654, 1821
924 <-> 388, 968, 1203, 1344, 1531, 1777
926 <-> 934, 1535, 1856
929 <-> 1196, 1650
934 <-> 926, 1488
936 <-> 36, 1577
941 <-> 259, 406, 1458, 1542, 1986
942 <-> 1357
943 <-> 1128, 1150, 1818, 1854
943 <-> 332, 482, 735, 1103, 1245, 1995
944 <-> 229, 650, 978, 1378, 1567, 1913
945 <-> 566, 672
946 <-> 499, 1239, 1301
947 <-> 498, 730, 1269
950 <-> 1, 30, 265, 1470, 15220
952 <-> 6928, 1655
953 <-> 982, 1586
957 <-> 1655
958 <-> 365
959 <-> 1352, 1423
961 <-> 1765, 1824
963 <-> 222, 306
966 <-> 201, 227, 1023
967 <-> 408, 1605
971 <-> 86, 335
972 <-> 1723
973 <-> 94, 925, 1821
977 <-> 1882
978 <-> 423, 540, 955
979 <-> 192, 736, 1096, 1241, 1331, 1820
980 <-> 124, 235, 1694
982 <-> 60, 449, 953
983 <-> 1185
985 <-> 8, 402
986 <-> 584, 986, 1160
987 <-> 249, 1471, 1912
989 <-> 319, 671
989 <-> 192, 489, 1279
991 <-> 397, 1961
998 <-> 998
999 <-> 150, 653
1001 <-> 880, 954, 1809
1003 <-> 1206, 1339, 1737
1004 <-> 1876
1006 <-> 499, 1377
1009 <-> 563, 1926
1010 <-> 94, 759, 951, 1656
1011 <-> 203, 685, 1011
1012 <-> 1538, 1894
1014 <-> 586, 602
1018 <-> 528, 1326, 1329
1022 <-> 165, 1371
1023 <-> 202, 1610
1024 <-> 87, 88, 833, 1322
1027 <-> 1027, 1198, 1289
1028 <-> 874
1035 <-> 1859
1036 <-> 465, 676, 1212
1037 <-> 152, 1919
1038 <-> 1034, 1490
1040 <-> 765
1042 <-> 1791
1044 <-> 289, 1702
1045 <-> 1334, 1985
1046 <-> 1115
1050 <-> 16, 1151
1051 <-> 576, 633, 1404, 1972
1052 <-> 336, 1346, 1515
1054 <-> 1054
1055 <-> 1547
1056 <-> 1237
1057 <-> 886, 1122, 1554
1059 <-> 330
1061 <-> 1695
1063 <-> 1063
1065 <-> 805
1066 <-> 365, 1350
1071 <-> 1624
1072 <-> 588, 783, 1941, 37394
1074 <-> 1251
1076 <-> 1863
1079 <-> 689, 821, 1189
1080 <-> 1179, 1751
1083 <-> 705
1084 <-> 241, 1527, 1692
1086 <-> 1751
1087 <-> 343
1091 <-> 364, 897
1095 <-> 316, 1095
1099 <-> 386, 995, 1581
1104 <-> 1138
1106 <-> 703
1107 <-> 1730
1108 <-> 570, 1614
1109 <-> 284, 1070, 1197, 1714, 1730
1110 <-> 1807
1112 <-> 1112, 1213, 1426, 1761
1119 <-> 35, 1990
1120 <-> 1120
1123 <-> 26
1126 <-> 634, 1387, 1916
1127 <-> 40, 307, 1697
1129 <-> 1615
1130 <-> 470
1017 <-> 358, 551, 1212
1133 <-> 596
1134 <-> 559, 1298
1139 <-> 1854
1141 <-> 259, 297, 792, 1575, 1847
1142 <-> 291, 1019
1146 <-> 156
1147 <-> 164, 900
1148 <-> 380, 621
1149 <-> 634, 1513
1155 <-> 14, 1616
1157 <-> 62, 270, 721, 1968
1158 <-> 1034, 1232, 1760
1159 <-> 66, 1437, 1549, 1747
1161 <-> 85, 1878
1169 <-> 917, 1208
1172 <-> 268
1177 <-> 102, 421, 1778, 1791
1178 <-> 1804
1180 <-> 143, 845, 1933
1181 <-> 920, 1165, 1542
1185 <-> 484
1188 <-> 491, 494, 1216, 1711
1191 <-> 1403
1192 <-> 164, 642
1193 <-> 195, 1195
1194 <-> 1194
1196 <-> 929, 1691
1197 <-> 581, 1071, 1483
1201 <-> 679
1204 <-> 1265
1205 <-> 1102
1208 <-> 530, 1156, 1169, 1389
1209 <-> 219, 1880
1211 <-> 1517, 1569, 1843
1213 <-> 18, 256, 648, 1112
1214 <-> 271, 1555
1215 <-> 1746
1218 <-> 51330, 1608
1221 <-> 114, 837, 1140
1225 <-> 299, 346, 1318, 2936
1228 <-> 770, 801, 1101, 1594
1229 <-> 1703
1230 <-> 868, 1397
1231 <-> 715, 1302
1232 <-> 1118
1237 <-> 223, 1053
1239 <-> 283, 946, 1002, 1999
1243 <-> 1755
1246 <-> 1175, 1899
1247 <-> 1337, 1739, 1954
1254 <-> 1449, 1452, 1896
1257 <-> 532
1266 <-> 343
1272 <-> 1333, 1801
1277 <-> 466, 787, 1277
1278 <-> 733, 743
1279 <-> 939, 989
1280 <-> 142, 509
1281 <-> 1869, 1987
1282 <-> 1274
1283 <-> 940, 1652
1285 <-> 701, 1379, 1596
1286 <-> 49, 1286, 1511
1287 <-> 577, 1882
1294 <-> 1097, 1619
1297 <-> 928
1298 <-> 470, 1134, 1462, 1557
1300 <-> 133
82 <-> 96
1301 <-> 933, 1064, 1278, 1468
1301 <-> 303, 380, 643, 722, 902, 946, 1278
1303 <-> 480
1304 <-> 410, 1560
1305 <-> 44, 1682
1309 <-> 1186, 1309, 1736
1312 <-> 190, 1787
1314 <-> 1862
1320 <-> 1779
1323 <-> 65, 1619
1327 <-> 246, 1507
1330 <-> 1218
1334 <-> 164, 777, 1045, 1147, 1192, 1546
1335 <-> 156, 373, 602
1336 <-> 951, 1931
1340 <-> 1502, 1883
1342 <-> 120, 644, 790
1346 <-> 200, 1052
1347 <-> 1926
1348 <-> 552
1351 <-> 190, 204, 411, 1854
1353 <-> 1780, 1983
1360 <-> 315
1361 <-> 579, 884, 1777
1364 <-> 1413, 1999
1365 <-> 1006, 1047, 1410, 15865
1370 <-> 94, 182, 233, 747, 1332
1372 <-> 151, 205, 670
1373 <-> 157, 1345, 1547, 1771, 1784, 1859, 1878, 1975
1320 <-> 1441, 1527, 1855
1381 <-> 1368
1382 <-> 1613
1383 <-> 892, 1916
1384 <-> 478, 1980
1385 <-> 198, 1775
1386 <-> 176, 959, 1217, 1311
1390 <-> 67, 212, 601, 1535
1401 <-> 407, 450, 702, 1395
1421 <-> 122, 857, 13293, 1532
1424 <-> 426
1425 <-> 730, 1113, 1590
1429 <-> 13, 1429, 1928
1430 <-> 1430
1433 <-> 189, 512, 902
1434 <-> 520, 1755
1435 <-> 398, 422, 1244, 1889
1436 <-> 310, 1036, 1132, 1212, 1629, 1696, 1784, 1953
1438 <-> 14883
1439 <-> 704, 707, 1222, 1862
1440 <-> 1558
1443 <-> 1753
1444 <-> 1928
1446 <-> 1545
1448 <-> 357, 1089
1451 <-> 1039, 1484
1453 <-> 1879
1459 <-> 1284
1461 <-> 417, 952
1464 <-> 790
1465 <-> 419, 1672
1467 <-> 535, 1950
1470 <-> 1092
1473 <-> 1677
1474 <-> 622, 1830
1478 <-> 140, 445, 715, 788
1478 <-> 352, 788, 938, 1350, 1354
1480 <-> 836
1481 <-> 216, 339, 483
1482 <-> 1399, 1633
1483 <-> 1197, 1438, 1922
14844 <-> 63, 1451
1485 <-> 690, 1892
1486 <-> 623, 1417
1489 <-> 183, 1544
1490 <-> 1038, 1669, 1670
1491 <-> 405, 707, 949, 1923
1492 <-> 11, 82, 163, 167
1492 <-> 1843
1493 <-> 21, 1731
1494 <-> 1769
1495 <-> 1329, 1679
1496 <-> 1694
1497 <-> 598, 904
1506 <-> 451, 542
1507 <-> 1315, 1327
1508 <-> 1508
1509 <-> 7, 136, 1291
1515 <-> 447, 1640
1515 <-> 809, 1052, 1734
1519 <-> 90, 1032, 1962
1520 <-> 265, 1608
1521 <-> 821
1522 <-> 669, 1273, 1939
1523 <-> 14, 1842
1529 <-> 1166
1531 <-> 780, 924, 1783
1532 <-> 10, 122, 1566
1535 <-> 67, 926, 1663
1536 <-> 580, 625
1537 <-> 368, 850, 923, 1003, 1206
1538 <-> 1012, 1183
1542 <-> 941, 1181, 1973
1543 <-> 871
1548 <-> 826, 1292
1552 <-> 15, 1432, 1552
1553 <-> 668, 1449
1554 <-> 1057, 1060, 1376, 1864
1555 <-> 586, 1707, 11051
1587 <-> 21, 166, 608, 1259, 1493, 1646, 1668
1662 <-> 497, 595, 784, 1033, 1343, 1982
1809 <-> 442, 880, 954, 1001, 1525, 1754
1876 <-> 28, 674, 832, 870, 1049, 1409, 1454
1907 <-> 6, 832, 1121, 1890
1921 <-> 58, 402, 515, 985, 992, 1691
1950 <-> 981, 1494, 1763
1979 <-> 465
1981 <-> 197, 648
1991 <-> 446, 1505
8357 <-> 600, 800, 942
14642 <-> 305, 1545
