0 <-> 41, 50, 1039
1 <-> 317, 904, 923
2 <-> 2
3 <-> 870
4 <-> 361
5 <-> 5
6 <-> 305, 842, 1932
7 <-> 438, 1509
8 <-> 985
9 <-> 425
10 <-> 121, 1532
11 <-> 285, 1242, 1753
12 <-> 632, 762, 829
13 <-> 662, 1429
14 <-> 215, 1155, 1523
15 <-> 43, 238, 1552
16 <-> 10
214 <-> 275
19 <-> 1656
20 <-> 1907
21 <-> 608, 1493, 1587, 1646
22 <-> 1748, 1774
23 <-> 723, 871
24 <-> 244, 624
26 <-> 18, 490, 545, 1123, 1958
75 <-> 73, 53
28 <-> 838
43 <-> 15, 403, 866
44 <-> 497, 503, 1305
45 <-> 130, 88
46 <-> 46, 744
47 <-> 867, 1391, 1630
49 <-> 1286
50 <-> 1687, 1966
51 <-> 138, 454, 1105
52 <-> 1647
54 <-> 54
55 <-> 340, 1913
56 <-> 100, 720
57 <-> 547, 1417, 1501, 1785
58 <-> 138, 402, 1593
59 <-> 1620, 1915
60 <-> 896, 982
62 <-> 1157
6322 <-> 542, 963, 1420
223 <-> 30, 1237
284 <-> 167, 1911
225 <-> 1374, 1751
226 <-> 226, 1969
227 <-> 274, 966
228 <-> 230, 1, 1252
231 <-> 419, 763, 1579
232 <-> 232, 1893
233 <-> 436, 747
234 <-> 1884
235 <-> 980, 125
300 <-> 1032, 1462
301 <-> 1299
302 <-> 391, 724
303 <-> 1301, 1599
304 <-> 304, 93
306 <-> 392, 70, 5
