0 <-> 475, 1839
153 <-> 11, 46, 29, 41, 75
399 <-> 202
400 <-> 64, 1190
401 <-> 337, 1707
402 <-> 58, 5190, 656, 698, 1261
116 <-> 185, 31, 199, 43, 197, 35, 45
118 <-> 82, 3
124 <-> 44, 171, 101, 181
521 <-> 152, 612, 709, 753
522 <-> 657, 774, 1733
523 <-> 166
175 <-> 55
524 <-> 1594
51 <-> 199, 158
530 <-> 860, 1208
187 <-> 167
536 <-> 489, 927
537 <-> 74, 755, 1756
539 <-> 1771
2 <-> 162, 14
34 <-> 90, 170, 68, 61, 56, 121, 11
186 <-> 66, 135
540 <-> 423, 1356
542 <-> 222, 1506
46 <-> 70, 125, 85, 73, 117
177 <-> 33, 142, 5, 36, 86, 53
545 <-> 26
156 <-> 30
134 <-> 84
550 <-> 624, 1901, 1993
551 <-> 1132
552 <-> 325, 1292, 1348
543 <-> 791, 1295
558 <-> 1739
559 <-> 1134
148 <-> 54, 67, 12, 95, 77, 28
561 <-> 577
78 <-> 94
144 <-> 89, 141, 13, 151, 21
131 <-> 119, 40, 164
114 <-> 97, 9, 93, 159, 0, 188, 59, 6
562 <-> 593, 652
99 <-> 20, 79, 154, 149, 62, 80, 8, 176
133 <-> 19, 17, 129, 191, 69, 182
198 <-> 160, 50, 47, 150, 32, 140
4 <-> 950
