0 <-> 950, 1039
1 <-> 317, 904, 923
3 <-> 870
4 <-> 361
5 <-> 5
6 <-> 305, 842, 1932
7 <-> 438, 1509
8 <-> 985
9 <-> 425
10 <-> 121, 1532
11 <-> 285, 1242, 1753
12 <-> 632, 762, 829
13 <-> 662, 1429
14 <-> 215, 1155, 1523
15 <-> 43, 238, 1552
16 <-> 1050
17 <-> 275
18 <-> 26, 256
19 <-> 1656
20 <-> 1907
21 <-> 608, 1493, 1587, 1646
22 <-> 1748, 1774
23 <-> 723, 871
24 <-> 244, 624
26 <-> 18, 490, 545, 1123, 1958
27 <-> 27
28 <-> 832, 1227
30 <-> 223, 1317, 1773
31 <-> 283
32 <-> 921
33 <-> 395, 1772
34 <-> 1170
35 <-> 471, 885, 1119
36 <-> 936, 1831
37 <-> 263, 678, 1356, 1683, 1714
38 <-> 1238
39 <-> 167
40 <-> 804, 1127, 1419
41 <-> 365
42 <-> 1632, 1788
43 <-> 15, 403, 866
44 <-> 497, 503, 1305
45 <-> 130, 881, 1158
46 <-> 46, 744
47 <-> 867, 1391, 1630
48 <-> 48, 1363
49 <-> 1286
50 <-> 1687, 1966
51 <-> 138, 454, 1105
52 <-> 1647
53 <-> 762
54 <-> 54
55 <-> 340, 1913
56 <-> 100, 720
57 <-> 547, 1417, 1501, 1785
59 <-> 1620, 1915
60 <-> 896, 982
61 <-> 61, 1666
62 <-> 1157
63 <-> 1423, 1484
64 <-> 64, 400
65 <-> 1323
66 <-> 1437
67 <-> 1390, 1535
68 <-> 1597
69 <-> 414
70 <-> 173, 527, 743, 1806, 1958
71 <-> 393, 1585, 1680
72 <-> 391, 1863
73 <-> 73, 1571
74 <-> 537, 1861
75 <-> 138, 714
76 <-> 554, 1582
78 <-> 1452, 1706, 1804
79 <-> 1618
80 <-> 290, 1925
81 <-> 81, 315
82 <-> 1420, 1865
83 <-> 734, 1794
85 <-> 1165
86 <-> 971
87 <-> 270, 1024, 1541, 1688, 1903
88 <-> 931, 1027
32 <-> 43, 158, 142
90 <-> 954, 1519
91 <-> 276
93 <-> 615, 1667, 1745
94 <-> 747, 973, 1010
95 <-> 95
96 <-> 1299, 1924
97 <-> 463
99 <-> 1417
101 <-> 148
102 <-> 807, 1177
103 <-> 103
104 <-> 248, 593, 895
105 <-> 113, 1090
106 <-> 410, 1114, 1557
108 <-> 1367
109 <-> 416, 705
110 <-> 2916, 1837
111 <-> 311, 1885
112 <-> 112, 668, 1720
113 <-> 105, 629, 1786
114 <-> 1221
115 <-> 151
1398 <-> 693
116 <-> 368, 725, 1889
118 <-> 136, 461, 804
119 <-> 915, 1821
122 <-> 1421, 1532
123 <-> 843, 1837
125 <-> 1679
126 <-> 126
127 <-> 1777, 1836
130 <-> 45, 251, 804, 1078
131 <-> 995
132 <-> 1420, 1498
133 <-> 776, 1300
134 <-> 134, 467
135 <-> 1176
137 <-> 207
139 <-> 680, 708, 1717, 1808
140 <-> 445, 1732
141 <-> 441
142 <-> 1280, 1787
143 <-> 216, 468, 1180, 1695
144 <-> 532, 996, 1794
145 <-> 145, 507
146 <-> 146
147 <-> 1871
149 <-> 1401, 1883
150 <-> 453, 999
151 <-> 115, 205, 496, 535
152 <-> 521, 1037
153 <-> 298, 760, 803, 1664
155 <-> 1524
156 <-> 1138, 1146, 1335
157 <-> 1373, 1771, 1859
158 <-> 1020
160 <-> 1265, 1274, 1660
161 <-> 1602, 1936
162 <-> 162, 171, 1173
163 <-> 293, 500, 960
165 <-> 1022, 1377
166 <-> 166, 508, 523, 825, 1259
167 <-> 39, 1626
168 <-> 1988
170 <-> 170, 571, 696, 859
172 <-> 1183
173 <-> 70, 295
174 <-> 517, 573
175 <-> 635
176 <-> 455, 457, 712, 1386, 1639
177 <-> 638, 1102
178 <-> 1802
179 <-> 862, 876, 1633
180 <-> 588
181 <-> 367, 1219
182 <-> 1370
183 <-> 799, 1489
184 <-> 377, 1415, 1642
185 <-> 185
186 <-> 459, 493
187 <-> 1524
188 <-> 367, 686, 930, 1643
189 <-> 1433
191 <-> 375
192 <-> 989, 1088, 1096, 1891
193 <-> 193, 1405
195 <-> 439, 1193, 1875
196 <-> 563
197 <-> 1981
198 <-> 1385
199 <-> 471
200 <-> 752, 783, 13, 1481, 1897
218 <-> 1325, 1581
219 <-> 426, 739, 1209
220 <-> 1854
222 <-> 542, 963, 1420
225 <-> 1374, 1751
226 <-> 226, 1969
227 <-> 274, 966
228 <-> 230, 1207, 1739
229 <-> 9427, 529, 1301
640 <-> 1342
645 <-> 618
646 <-> 261, 321
647 <-> 486
648 <-> 256, 877, 1981
649 <-> 904
650 <-> 1378
651 <-> 340
652 <-> 562, 1984
653 <-> 206, 999
654 <-> 654
655 <-> 520, 1394
657 <-> 522, 875
658 <-> 1713, 1917
659 <-> 572, 1241
660 <-> 258, 1396
661 <-> 883
663 <-> 364, 514
664 <-> 1168, 1945
665 <-> 1462
666 <-> 487, 696
667 <-> 433
669 <-> 815, 1394, 1522
670 <-> 1372
671 <-> 1929, 1989
672 <-> 945
673 <-> 1760
674 <-> 870, 1409
675 <-> 565, 1805
676 <-> 697, 1036
677 <-> 397, 764
679 <-> 350, 1201
681 <-> 456, 854
682 <-> 412
683 <-> 615, 1250
684 <-> 1609
685 <-> 1011
687 <-> 323, 687
688 <-> 1067, 1692
689 <-> 398, 1079
690 <-> 1485, 1995
691 <-> 691
692 <-> 692
694 <-> 564
695 <-> 1427
696 <-> 170, 666, 1992
698 <-> 459, 749, 1124
699 <-> 1966
700 <-> 1682
701 <-> 1285, 1736
702 <-> 1401
703 <-> 703, 1106
704 <-> 474, 908, 1439
707 <-> 766, 949, 1439
709 <-> 521, 1742
710 <-> 574
711 <-> 811
713 <-> 1512, 1586
715 <-> 445, 815, 1231
716 <-> 1659
717 <-> 830, 1738
718 <-> 578
719 <-> 1600
721 <-> 350, 1157, 1271, 1716
722 <-> 1225, 1301
724 <-> 302, 1333
727 <-> 308, 557
730 <-> 778, 947, 1162, 1253, 1425
731 <-> 869
733 <-> 1276, 1947
738 <-> 533
740 <-> 169, 964
741 <-> 741
742 <-> 1376
745 <-> 851
746 <-> 613, 1094, 1997
747 <-> 94, 233, 1332
750 <-> 1973
751 <-> 148, 391
752 <-> 200, 505, 627, 1564
755 <-> 537
756 <-> 1031
758 <-> 509
759 <-> 1010
761 <-> 327
763 <-> 231, 1606
765 <-> 822, 864, 1040
768 <-> 1723
771 <-> 378, 754
774 <-> 522
777 <-> 164, 462, 879, 1890
780 <-> 576, 587, 1531
781 <-> 8283
1252 <-> 230, 1252, 1406
1254 <-> 1449, 1452, 1892
1259 <-> 166, 1668
1260 <-> 1436
1261 <-> 459
1262 <-> 259
1263 <-> 599
1264 <-> 448
1266 <-> 343
1268 <-> 1641
1269 <-> 498
1270 <-> 1584, 1640, 1721
1272 <-> 1333, 1801
1273 <-> 1522
1274 <-> 160, 1282
1275 <-> 1722
1277 <-> 466, 787, 1277
1279 <-> 939, 989
1281 <-> 1869, 1987
1283 <-> 940, 1652
1284 <-> 514, 1459
1285 <-> 701, 1379, 1596
1286 <-> 49, 1286, 1511
1287 <-> 577, 1882
1288 <-> 254
1290 <-> 825
1292 <-> 552, 1548
1293 <-> 857
1294 <-> 1097, 1619
1295 <-> 553
1296 <-> 110, 732
1297 <-> 928
1298 <-> 470, 1134, 1462, 3557
1299 <-> 96, 301, 1356
1301 <-> 303, 380, 643, 722, 902, 946, 1278
1785 <-> 57, 626, 1769
1789 <-> 3527, 863, 1316
1790 <-> 430, 1920
1791 <-> 1042, 1177
1792 <-> 633
1793 <-> 1568
1795 <-> 918
1796 <-> 858
1797 <-> 7480, 564, 1524
1798 <-> 624
1799 <-> 276, 389, 1550, 1815
1803 <-> 1935
1805 <-> 675, 898
1809 <-> 1001
1810 <-> 500, 1562, 1714
1815 <-> 431, 1799
1817 <-> 315, 1956
1819 <-> 796, 1644
1823 <-> 1144, 1371, 1800
1824 <-> 608, 810, 961, 1664
1825 <-> 437, 1752
1826 <-> 120, 1621
1828 <-> 1400
1833 <-> 1207
1835 <-> 1610
1838 <-> 335
1840 <-> 1722
1841 <-> 222
1845 <-> 293
1848 <-> 1848
1850 <-> 519
1852 <-> 1852
1854 <-> 220, 1128, 1139, 1351
1855 <-> 1380
1858 <-> 1572, 1620
1860 <-> 1851
1861 <-> 74, 6308
1862 <-> 1000, 1314, 1439, 1718
1866 <-> 1331, 1866
1867 <-> 794, 1477
1870 <-> 366, 974, 1566
1874 <-> 1469
1877 <-> 321, 912
1878 <-> 962, 1161, 1547
1879 <-> 1453, 1510
1881 <-> 1671, 1881, 1887, 1902
1888 <-> 154, 901
1894 <-> 1012
1896 <-> 1254, 1708
1898 <-> 1756
1899 <-> 1246, 1367
1901 <-> 550, 1680
1904 <-> 358
1905 <-> 245
1906 <-> 574, 1906
1908 <-> 927
1909 <-> 392
1910 <-> 1085, 1183, 1690
1911 <-> 224, 878, 1690
9912 <-> 987, 1005, 1138
1916 <-> 1126, 1383, 1753
1918 <-> 495, 935, 1234, 1408, 1556
1921 <-> 992, 1396, 1722
1923 <-> 1491, 1812
1927 <-> 906, 1555
1930 <-> 1670
1931 <-> 1336
1933 <-> 463, 1180
1934 <-> 237
1937 <-> 1937
1938 <-> 397
1939 <-> 1522
1940 <-> 1466
1941 <-> 379
1942 <-> 428, 1345
1943 <-> 1943
1944 <-> 1699
1946 <-> 1946
1949 <-> 249, 848, 899
1950 <-> 611, 981, 1467, 1733
1952 <-> 1818
1954 <-> 1247
1955 <-> 528, 1475
1957 <-> 599
1958 <-> 13, 70, 1422, 1580
1959 <-> 1749
1960 <-> 797, 1671
1961 <-> 991, 1386, 1561
1962 <-> 1519
1963 <-> 1963
1964 <-> 1153
1965 <-> 435
1967 <-> 1767
1969 <-> 226, 1770
1970 <-> 881
1971 <-> 635, 1612
1973 <-> 750, 1542
1974 <-> 194, 33
1977 <-> 804
1978 <-> 549, 1307
1983 <-> 857, 1353, 1983
1986 <-> 941
1993 <-> 550
