0 <-> 475, 1839
1 <-> 317, 904, 923
4 <-> 2, 1938
398 <-> 6, 1748
471 <-> 35, 1075
465 <-> 1036, 1979
8 <-> 43, 7807, 11100, 720
58 <-> 547, 1417, 15, 746
11998 <-> 414, 829
1999 <-> 198, 4379, 1433
513 <-> 278, 353
514 <-> 663, 1284, 1685
516 <-> 516
517 <-> 114, 1665
518 <-> 1092
519 <-> 1850, 1966
520 <-> 655, 1434, 1501
521 <-> 152, 612, 709, 753
522 <-> 657, 774, 1733
523 <-> 166
524 <-> 1594
525 <-> 1778
526 <-> 261
529 <-> 643
531 <-> 443, 599
82 <-> 159, 127, 183, 93, 164
532 <-> 144, 869, 1257
533 <-> 422, 738, 1872
535 <-> 151, 1467
536 <-> 489, 927
537 <-> 74, 755, 1756
550 <-> 624, 1901, 1993
551 <-> 1132
552 <-> 325, 1292, 1348
553 <-> 791, 1295
554 <-> 76, 1245
555 <-> 470
556 <-> 331, 820, 1562
557 <-> 727, 1368
559 <-> 1134
560 <-> 1633
561 <-> 577
562 <-> 593, 652
563 <-> 196, 1009
564 <-> 69
4 <-> 950
