0 <-> 3, 1587, 1646
0 <-> 17, 61, 900, 950
1 <-> 317, 904, 923
134 <-> 186, 145, 19, 122, 55
3 <-> 870
3 <-> 365
4 <-> 361
5 <-> 37, 328, 901, 913, 1799
6 <-> 305, 842, 1932
6 <-> 1, 3, 5, 7, 9, 50, 1532
6 <-> 305, 842, 1086
7 <-> 438, 1509
8 <-> 985
10 <-> 2, 12, 72, 86, 2712, 16403
10 <-> 121, 1532
10 <-> 804, 1127, 1420
11 <-> 285, 1242, 1753
12 <-> 632, 762, 829
13 <-> 662, 1429
14 <-> 215, 1155, 1523
15 <-> 3, 238, 1552
16 <-> 1050
17 <-> 2775
17 <-> 275
18 <-> 26, 256
18 <-> 2, 26, 720
19 <-> 1656
21 <-> 608, 1493, 1583, 1646
22 <-> 1748, 1774
23 <-> 723, 871
23 <-> 446, 871
44 <-> 121, 65
24 <-> 244, 624
25 <-> 25
26 <-> 18, 490, 545, 885, 1119, 1123, 19571
26 <-> 18, 490, 545, 1123, 1958
27 <-> 15, 403, 866
36 <-> 936, 1831
37 <-> 263, 678, 680, 1356, 1585, 3537, 17193
41 <-> 46, 744
42 <-> 1632, 1788
43 <-> 417, 503, 1305
44 <-> 497, 503, 1305
45 <-> 130, 881, 1158
47 <-> 13, 197, 867
47 <-> 867, 1391, 1630
49 <-> 1286
50 <-> 1687, 1966
51 <-> 138, 454, 1105
52 <-> 1647
53 <-> 762
54 <-> 54
55 <-> 340, 1913
56 <-> 10, 749
57 <-> 547, 1417, 1501, 1785
58 <-> 138, 402, 1593
58 <-> 15, 547, 746, 1417
59 <-> 1620, 1915
60 <-> 896, 982
61 <-> 61, 1666
62 <-> 1157
63 <-> 1423, 1484
64 <-> 64, 400
65 <-> 1323
66 <-> 1437
67 <-> 1390, 1535
94 <-> 53
68 <-> 1597
69 <-> 414
70 <-> 173, 527, 743, 1806, 1958
71 <-> 393, 1585, 1680
73 <-> 73, 1571
74 <-> 537, 1861
75 <-> 138, 714
76 <-> 554, 1582
77 <-> 611
78 <-> 1452, 1706, 1804
79 <-> 1618
80 <-> 580, 1925
81 <-> 81, 315
82 <-> 1420, 1865
83 <-> 734, 1794
84 <-> 84, 343, 948
85 <-> 1161
86 <-> 971
88 <-> 931, 1024
89 <-> 378
90 <-> 954, 1519
91 <-> 276
92 <-> 342
93 <-> 615, 1667, 1745
95 <-> 95
96 <-> 1299, 1924
97 <-> 463
98 <-> 1988
99 <-> 1417
100 <-> 56, 1924
102 <-> 807, 1177
103 <-> 103
104 <-> 248, 593, 895
105 <-> 113, 1090
106 <-> 1050
106 <-> 410, 1114, 1557
107 <-> 107
108 <-> 1367
109 <-> 416, 705
111 <-> 311, 1895
112 <-> 112, 668, 1720
113 <-> 105, 629, 1786
116 <-> 368, 725, 1889
117 <-> 567, 1502
1018 <-> 136, 461, 804
119 <-> 915, 1821
120 <-> 1342, 1826
122 <-> 1421, 1532
123 <-> 843, 1837
124 <-> 124
125 <-> 1679
126 <-> 126
127 <-> 1777, 1836
128 <-> 128
130 <-> 45, 251, 804, 1078
131 <-> 995
132 <-> 1420, 1498
133 <-> 776, 1300
134 <-> 134, 467
135 <-> 1176
136 <-> 118, 1509
139 <-> 680, 708, 1717, 1808
140 <-> 445, 1732
141 <-> 441
142 <-> 1280, 1787
143 <-> 216, 468, 1180, 1695
144 <-> 532, 996, 1794
145 <-> 145, 507
146 <-> 146
147 <-> 1871
148 <-> 101, 751, 793, 1601, 1603
149 <-> 1401, 1883
150 <-> 453, 999
151 <-> 115, 205, 496, 535
152 <-> 521, 1037
153 <-> 298, 760, 803, 1664
154 <-> 1888
157 <-> 1373, 1771, 1859
158 <-> 1020
159 <-> 1102
160 <-> 1265, 1272, 1660
161 <-> 1602, 1936
162 <-> 162, 171, 1173
163 <-> 293, 500, 960
164 <-> 777, 1147, 1192
166 <-> 166, 508, 523, 825, 1259
167 <-> 39, 1626
168 <-> 1988
169 <-> 740
170 <-> 170, 571, 696, 859
172 <-> 1183
173 <-> 70, 295
174 <-> 517, 573
175 <-> 635
177 <-> 638, 1102
178 <-> 1802
179 <-> 862, 876, 1633
180 <-> 588
181 <-> 367, 1219
182 <-> 1370
183 <-> 799, 1489
184 <-> 377, 1415, 1642
185 <-> 185
186 <-> 459, 493
187 <-> 1524
188 <-> 367, 686, 930, 1643
189 <-> 1433
190 <-> 1312, 1351, 1723
194 <-> 1974
195 <-> 439, 1193, 1875
196 <-> 563
197 <-> 1981
198 <-> 1385
199 <-> 471
200 <-> 752, 783, 1346
201 <-> 201, 1023
204 <-> 628, 1351, 1606
207 <-> 137, 328
210 <-> 810
212 <-> 601
213 <-> 1660
214 <-> 214, 282, 1166, 1341, 1751
216 <-> 286, 1481, 1897
217 <-> 602
218 <-> 1325, 1581
222 <-> 542, 963, 1420
223 <-> 30, 1237
228 <-> 175, 230, 1207
296 <-> 3, 8, 1039, 9950
447 <-> 13, 1913, 8667
706 <-> 1, 5, 91, 470
1998 <-> 720, 4100
1999 <-> 2, 1232
33 <-> 17
11998 <-> 414, 829
118 <-> 179, 136, 189, 63, 89, 176, 167, 14
