10 <-> 950, 1039
1 <-> 317, 904, 923
2 <-> 2
3 <-> 870
4 <-> 361
6 <-> 305, 842, 1932
7 <-> 4
381 <-> 477, 1043, 1735, 1831
35 <-> 175, 99, 179, 185, 100
382 <-> 1222, 1388
383 <-> 568
384 <-> 344, 578
385 <-> 1752
386 <-> 1099, 1225
387 <-> 293, 309
388 <-> 5073, 1203, 1689
389 <-> 1799
390 <-> 606, 1631
391 <-> 72, 302, 751, 1705
392 <-> 306, 429, 1883, 1909
394 <-> 394, 585
190 <-> 86, 125, 11, 110
403 <-> 43
404 <-> 509
405 <-> 1343, 1491, 1915
407 <-> 450, 534
409 <-> 1687
410 <-> 106, 1304
411 <-> 1351
412 <-> 485, 682
413 <-> 1029, 1873
414 <-> 69, 1998
415 <-> 1559
74 <-> 357
17 <-> 85, 78
416 <-> 109, 1757
417 <-> 865, 1461
418 <-> 262, 729
162 <-> 33, 47
658 <-> 1713, 1917
659 <-> 572, 1241
661 <-> 883
87 <-> 83
258 <-> 1409, 660, 870, 1396, 674
662 <-> 13
663 <-> 364, 514
664 <-> 1168, 1945
37 <-> 182, 36, 34, 136
665 <-> 1462
666 <-> 487, 696
668 <-> 112, 1553
94 <-> 117, 188
98 <-> 158
669 <-> 815, 1394, 1521
672 <-> 945
673 <-> 1760
676 <-> 697, 1036
677 <-> 397, 764
680 <-> 139
685 <-> 107
773 <-> 1565
22 <-> 95
775 <-> 270
50 <-> 9, 4, 141, 75, 154
775 <-> 133, 625
145 <-> 42, 129, 199
778 <-> 730
786 <-> 1603
787 <-> 834, 1277, 1534
788 <-> 1478
790 <-> 1342, 1464
26 <-> 127, 143
791 <-> 553, 1344
792 <-> 1141, 1746, 3757
