10 <-> 950, 1039
1 <-> 317, 904, 923
2 <-> 453, 998
151 <-> 115, 205, 496, 535
152 <-> 521, 1037
162 <-> 73, 192
153 <-> 298, 760, 803, 1664
154 <-> 1888
156 <-> 1138, 1146, 1335
157 <-> 1373, 1771, 1859
158 <-> 1020
160 <-> 1265, 1274, 1660
161 <-> 9033, 1936
163 <-> 293, 500, 960
164 <-> 777, 1147, 1192
165 <-> 1022, 1377
166 <-> 166, 508, 523, 825, 1259
167 <-> 39, 1626
168 <-> 1988
170 <-> 170, 571, 696, 859
172 <-> 1183
173 <-> 70, 295
174 <-> 517, 573
91 <-> 127, 0
43 <-> 55, 136
175 <-> 635
176 <-> 455, 457, 712, 1386, 1639
177 <-> 638, 1102
178 <-> 1802
180 <-> 588
18 <-> 103, 42
182 <-> 1370
183 <-> 799, 1489
184 <-> 377, 1415, 1642
185 <-> 185
186 <-> 459, 493
187 <-> 1524
189 <-> 1433
190 <-> 1312, 1351, 1724
191 <-> 375
192 <-> 989, 1088, 1096, 1891
193 <-> 193, 1405
194 <-> 1974
195 <-> 439, 1193, 1875
47 <-> 196, 72, 80, 3
197 <-> 1981
198 <-> 1385
98 <-> 65, 156, 159
200 <-> 752, 783, 1346
202 <-> 399, 582
204 <-> 628, 1351, 1606
209 <-> 357, 766, 853
210 <-> 810
211 <-> 1047, 1754
212 <-> 601
213 <-> 1660
214 <-> 2144, 282, 1166, 1341, 1751
215 <-> 14
218 <-> 1325, 1581
219 <-> 426, 739, 1209
220 <-> 1854
222 <-> 542, 963, 1420
223 <-> 30, 1237
224 <-> 335, 1911
225 <-> 1374, 1751
226 <-> 226, 1969
227 <-> 274, 966
228 <-> 230, 1207, 1739
229 <-> 944, 978, 1567
230 <-> 228, 273, 277, 1252
231 <-> 419, 763, 1579
232 <-> 464, 1893
233 <-> 436, 747
234 <-> 1884
235 <-> 980, 1694
143 <-> 68, 19, 108
236 <-> 236
237 <-> 1468, 1934
238 <-> 15
239 <-> 239, 362
240 <-> 396
241 <-> 1084, 1634
242 <-> 353
243 <-> 769, 1455
32 <-> 67, 51, 23, 48
244 <-> 24
245 <-> 1528, 1605, 19053
246 <-> 1327
247 <-> 1457, 1550
79 <-> 132, 84, 112
248 <-> 104
249 <-> 987, 1041, 1949
250 <-> 208, 818
251 <-> 130, 484, 882
252 <-> 619, 1709
253 <-> 616
254 <-> 1092, 1288, 1328
255 <-> 1392
257 <-> 360, 581, 1658
134 <-> 40, 94, 125, 177
259 <-> 287, 941, 1141, 1262
260 <-> 919
90 <-> 7
261 <-> 261, 425, 526, 646
262 <-> 418, 634
263 <-> 37, 964
264 <-> 484, 618
648 <-> 256, 877, 1981
22 <-> 0, 3, 9, 4, 8, 60
652 <-> 562, 1984
150 <-> 61, 76, 81, 31, 149
653 <-> 206, 999
654 <-> 654
655 <-> 520, 1394
656 <-> 459
657 <-> 522, 875
658 <-> 1713, 1917
659 <-> 572, 1241
660 <-> 258, 1396
661 <-> 883
662 <-> 13
663 <-> 364, 514
664 <-> 1168, 1945
665 <-> 1462
666 <-> 487, 6433
668 <-> 112, 1553
669 <-> 815, 1394, 1521
670 <-> 1372
671 <-> 1929, 1989
672 <-> 945
673 <-> 1760
675 <-> 565, 1805
676 <-> 697, 1036
677 <-> 397, 764
679 <-> 355, 1201
681 <-> 456, 854
682 <-> 412
683 <-> 615, 1250
684 <-> 1609
685 <-> 1011
686 <-> 188
687 <-> 323, 687
144 <-> 20
688 <-> 1067, 1692
689 <-> 398, 1079
690 <-> 1485, 1995
168 <-> 27, 91, 44, 146, 83
691 <-> 691
692 <-> 692
693 <-> 1398, 1925
694 <-> 564
695 <-> 1427
698 <-> 459, 749, 1124
699 <-> 1966
700 <-> 1682
701 <-> 1285, 1736
702 <-> 1401
703 <-> 703, 1106
704 <-> 474, 908, 1439
705 <-> 109, 1083
706 <-> 706, 1398
708 <-> 139, 1600, 1654
709 <-> 521, 1742
710 <-> 574
711 <-> 811
713 <-> 1512, 1586
714 <-> 75
715 <-> 445, 815, 1231
716 <-> 1659
717 <-> 830, 1738
720 <-> 56, 827
126 <-> 148, 59
721 <-> 350, 1157, 1271, 1716
722 <-> 1225, 1301
723 <-> 23, 723
724 <-> 302, 1333
725 <-> 116, 435, 1651
726 <-> 858
727 <-> 308, 557
728 <-> 1597
730 <-> 778, 947, 1162, 1253, 1425
732 <-> 333, 1296
92 <-> 119, 41
733 <-> 1276, 5
779 <-> 838, 869, 1545
780 <-> 576, 587, 1531
781 <-> 826, 1700
147 <-> 179
782 <-> 432, 569, 583
784 <-> 497, 595, 1343, 1982
785 <-> 279, 1935
786 <-> 1603
787 <-> 834, 1277, 1534
788 <-> 1478
789 <-> 789, 1871
792 <-> 1141, 1746, 1757
794 <-> 1408
25 <-> 51
139 <-> 67, 169, 26, 176, 92
