95 <-> 10
24 <-> 244, 624
113 <-> 145, 88, 156, 27
85 <-> 163, 60
99 <-> 14, 164, 179, 21, 171, 180, 157, 133
40 <-> 10, 70, 136
5 <-> 161, 81, 184, 0, 118, 125, 9
72 <-> 391, 931
706 <-> 1, 5, 470, 91
31 <-> 57, 93, 35, 107, 5, 23, 120, 119
5 <-> 37, 901, 913, 328, 1799
183 <-> 43, 129, 169
6 <-> 305, 842, 1086
130 <-> 8, 108, 53, 102, 123
6 <-> 1, 3, 7, 50, 9, 5, 1532
132 <-> 65, 0
11 <-> 285, 1242, 1753
14 <-> 215, 1155, 1523
15 <-> 3, 238, 1552
83 <-> 64, 148, 120, 162, 76, 49, 33
106 <-> 1050
17 <-> 2775
18 <-> 26, 2, 720
82 <-> 84
176 <-> 162, 172, 34, 81, 30
20 <-> 66, 38
56 <-> 14, 922
2 <-> 197, 195
4 <-> 25, 311
10 <-> 12, 2, 72, 2712, 16403, 86
474 <-> 497, 503, 1305
43 <-> 21
184 <-> 52, 149, 134, 98, 167, 92
135 <-> 115, 131, 153, 19, 114, 51, 100
154 <-> 138, 104, 87, 59, 18, 29, 19, 191
198 <-> 127, 71, 193, 117, 24, 56, 159
45 <-> 13, 881, 1158
46 <-> 43, 74
56 <-> 10, 749
13 <-> 116, 145, 22, 58, 105, 61, 175
58 <-> 547, 1417, 15, 746
73 <-> 101, 123
36 <-> 1
