1 <-> 615, 1667, 1745
94 <-> 747, 973, 1010
96 <-> 1299, 1924
102 <-> 807, 1177
106 <-> 410, 1114, 1557
107 <-> 107
112 <-> 112, 668, 1720
113 <-> 105, 629, 1786
116 <-> 368, 725, 1889
121 <-> 10
124 <-> 124
126 <-> 126
127 <-> 1777, 1836
130 <-> 45, 251, 804, 1078
131 <-> 995
132 <-> 1420, 1498
135 <-> 1176
137 <-> 207
138 <-> 25, 58, 750
140 <-> 445, 1732
141 <-> 441
142 <-> 1280, 1787
143 <-> 216, 468, 1180, 1695
144 <-> 532, 996, 1794
145 <-> 145, 507
147 <-> 1871
148 <-> 101, 751, 793, 1601, 1603
149 <-> 1401, 1883
143 <-> 40, 13, 58, 197, 192, 86
150 <-> 453, 999
151 <-> 115, 205, 496, 535
152 <-> 521, 1037
153 <-> 298, 760, 803, 1664
157 <-> 1373, 3542, 1859
158 <-> 1020
159 <-> 1102
160 <-> 1265, 1274, 1660
161 <-> 1602, 1936
112 <-> 162, 171, 1173
163 <-> 293, 500, 960
165 <-> 1022, 1377
166 <-> 166, 508, 523, 825, 1259
170 <-> 170, 571, 696, 859
173 <-> 70, 295
174 <-> 517, 573
175 <-> 635
1147 <-> 164, 777
176 <-> 455, 457, 712, 1386, 1639
102 <-> 5, 89, 62
178 <-> 1802
179 <-> 862, 876, 1633
180 <-> 588
181 <-> 367, 1219
182 <-> 1370
183 <-> 799, 1489
184 <-> 377, 1415, 1642
185 <-> 185
186 <-> 459, 493
187 <-> 1524
188 <-> 367, 686, 930, 1643
190 <-> 1312, 1351, 1723
191 <-> 375
192 <-> 989, 1088, 1096, 1891
194 <-> 1974
195 <-> 439, 1193, 1875
196 <-> 563
198 <-> 1385
200 <-> 752, 783, 1346
202 <-> 393, 582
203 <-> 318, 1011
207 <-> 137, 328
208 <-> 250
209 <-> 357, 766, 853
212 <-> 601
213 <-> 1660
215 <-> 214, 282, 1166, 1341, 1751
216 <-> 143, 1481, 1897
217 <-> 602
218 <-> 1325, 1580
219 <-> 426, 739, 1209
220 <-> 1854
221 <-> 614, 811
222 <-> 542, 963, 1420
226 <-> 226, 1969
227 <-> 274, 966
230 <-> 228, 273, 277, 1252
231 <-> 419, 763, 1579
232 <-> 232, 1893
233 <-> 436, 747
234 <-> 1884
235 <-> 980, 1694
237 <-> 1468, 1934
238 <-> 15
239 <-> 239, 362
241 <-> 1084, 1634
243 <-> 769, 1455
244 <-> 24
245 <-> 1528, 1605, 3810
247 <-> 1457, 1550
249 <-> 987, 1041, 1949
250 <-> 208, 818
251 <-> 130, 484, 5882
252 <-> 619, 1709
91 <-> 119, 15, 152
255 <-> 1392
256 <-> 18, 648
15 <-> 2, 71, 160
258 <-> 660, 905
259 <-> 287, 941, 1141, 1262
261 <-> 261, 425, 526, 646
263 <-> 37, 964
265 <-> 209
267 <-> 762, 1807
268 <-> 515, 1172
270 <-> 87, 619, 775, 1157
31 <-> 187, 59, 182, 199, 13
271 <-> 1214
272 <-> 1175, 1697
274 <-> 227, 274, 1592
276 <-> 91, 313, 328, 1799
278 <-> 513, 1449
279 <-> 785, 996, 1375
280 <-> 1889
284 <-> 1109, 1730
285 <-> 11, 29
286 <-> 974
74 <-> 73, 183, 72, 44, 52
287 <-> 259, 1030
289 <-> 956, 1044
291 <-> 1142, 1376
126 <-> 166, 70
292 <-> 314, 918, 1025
294 <-> 547
295 <-> 173, 463
296 <-> 296, 1318
297 <-> 1141
298 <-> 153, 622
300 <-> 1032, 1462
301 <-> 1299
302 <-> 391, 724
303 <-> 1301, 1599
149 <-> 135, 159, 85, 190, 158, 159, 107
305 <-> 6, 1442
306 <-> 392, 828, 963
307 <-> 1127, 1618
309 <-> 387
310 <-> 1436, 1696, 1784
315 <-> 81, 1360, 1817
316 <-> 1095
319 <-> 906, 1008, 1989
110 <-> 179
320 <-> 1401
322 <-> 928, 1935
324 <-> 324
53 <-> 99
327 <-> 761, 1240, 1789
329 <-> 1167, 1569
330 <-> 595, 1059
341 <-> 341, 637
343 <-> 84, 1087, 1266
344 <-> 384
345 <-> 1062
349 <-> 1602
351 <-> 437
353 <-> 242, 513
355 <-> 347, 461, 471, 679
356 <-> 839, 1432
357 <-> 209, 1448
358 <-> 617, 1132, 1904
360 <-> 257
361 <-> 4, 1333
363 <-> 363
364 <-> 595, 663, 1091, 1174
365 <-> 41, 334, 958, 969, 1066, 1421
368 <-> 116, 583, 1206
369 <-> 1759
370 <-> 1928
373 <-> 1335
374 <-> 1632
376 <-> 372, 1997
377 <-> 184, 978
379 <-> 588, 1941
380 <-> 1148, 1301
381 <-> 477, 1043, 1735, 1831
73 <-> 80, 84, 62
383 <-> 568
384 <-> 344, 578
385 <-> 1752
388 <-> 1073, 1203, 1689
391 <-> 72, 302, 751, 1705
392 <-> 306, 429, 1883, 1909
395 <-> 33, 395
396 <-> 4240, 1316
397 <-> 506, 677, 991, 1938
398 <-> 689, 826, 1435
399 <-> 202
403 <-> 43
405 <-> 1343, 1491, 1915
406 <-> 941
407 <-> 450, 534
409 <-> 1687
410 <-> 106, 1304
147 <-> 5, 105, 66, 173
413 <-> 1029, 1873
415 <-> 1559
419 <-> 231, 1465
421 <-> 1177, 1920
422 <-> 533, 1435
425 <-> 9, 261
426 <-> 219, 1424
427 <-> 643
429 <-> 392, 1324
430 <-> 1653, 1790
432 <-> 782
433 <-> 667, 1355
437 <-> 351, 1825
438 <-> 7
440 <-> 1686
441 <-> 120, 1900
443 <-> 531
444 <-> 916
445 <-> 140, 715
446 <-> 1164, 1499, 1991
408 <-> 1264, 1889
449 <-> 982
450 <-> 407, 1395
451 <-> 1506
452 <-> 452
453 <-> 150, 479, 1907
454 <-> 51, 1025
455 <-> 176, 1053
456 <-> 375, 681, 1544
458 <-> 269, 889, 1869
459 <-> 186, 490, 656, 698, 1261
460 <-> 1696
461 <-> 118, 355
466 <-> 1277
184 <-> 189, 136, 196, 58, 120, 16, 7, 38
472 <-> 1396
474 <-> 704, 1504
475 <-> 610
477 <-> 381, 636
480 <-> 1303, 1797
481 <-> 428
156 <-> 175, 97
482 <-> 735
483 <-> 1481, 1813
484 <-> 251, 264, 484, 1186
86 <-> 641, 647
487 <-> 666
488 <-> 1771
489 <-> 536, 812, 989
491 <-> 1188
499 <-> 946, 1006
502 <-> 1405
512 <-> 326, 1433
514 <-> 663, 1284, 1685
108 <-> 118
517 <-> 174, 1665
519 <-> 1850, 1966
80 <-> 134, 119, 80, 50
521 <-> 152, 612, 709, 753
522 <-> 657, 774, 1733
524 <-> 1594
525 <-> 1778
528 <-> 1018, 1955
529 <-> 643
532 <-> 144, 869, 1257
533 <-> 422, 738, 1872
536 <-> 489, 927
539 <-> 1771
540 <-> 423, 1356
541 <-> 1771
546 <-> 546, 1926
547 <-> 57, 294
548 <-> 1031, 1517, 1741
549 <-> 1648, 1978
550 <-> 624, 1901, 1993
551 <-> 1132
554 <-> 76, 1245
2 <-> 22
6 <-> 3050, 805, 84, 21932
