17 <-> 166, 853
1147 <-> 1192, 1001, 954, 90, 164, 777
1435 <-> 398, 422, 1244, 1889
237 <-> 1468, 1934
157 <-> 1373, 1771, 1859
739 <-> 219
1444 <-> 1928
718 <-> 578
1973 <-> 750, 1542
443 <-> 531
304 <-> 304, 937
1974 <-> 194, 833
185 <-> 187, 105, 47
611 <-> 77, 1073, 1571, 1950
405 <-> 1343, 1491, 1915
234 <-> 1884
278 <-> 513, 1449
6873 <-> 615, 1250
199 <-> 471
116 <-> 137, 91, 94, 181
16 <-> 5, 3470, 82
1519 <-> 90, 1032, 1962
1167 <-> 329
1294 <-> 1097, 1619
684 <-> 1609
194 <-> 142, 31, 36, 83, 144
1290 <-> 825
1205 <-> 1102
665 <-> 1462
43 <-> 15, 403, 866
65 <-> 192, 87, 173, 144, 58
337 <-> 401
28 <-> 832, 1454
794 <-> 1408, 1867
1327 <-> 246, 1507
173 <-> 70, 295
1204 <-> 1265
14340 <-> 1430
22 <-> 1748, 1774
353 <-> 242, 513
1994 <-> 825, 1749
71 <-> 393, 142, 829
1253 <-> 730, 1579
1336 <-> 951, 1931
617 <-> 358
131 <-> 995
87 <-> 270, 1024, 1541, 1688, 1903
227 <-> 274, 966
224 <-> 335, 1911
786 <-> 1603
656 <-> 459
712 <-> 1219, 181, 1137, 176
9332 <-> 498
784 <-> 497, 595, 1343, 1982
82 <-> 1420, 1865
700 <-> 1682
795 <-> 173, 463
1031 <-> 548, 756
1093 <-> 1131, 1225
1140 <-> 1221, 1591
811 <-> 221, 711
1021 <-> 1021
1029 <-> 413, 1029, 18895
216 <-> 143, 1481, 1897
1466 <-> 1562, 1940
308 <-> 727, 1620
778 <-> 730
88 <-> 931, 1024
1990 <-> 1119
45 <-> 130, 881, 1158
104 <-> 248, 593, 895
152 <-> 521, 1037
23 <-> 723, 871
241 <-> 1084, 1634
626 <-> 1785
674 <-> 870, 1409
1050 <-> 16, 1151
1073 <-> 388, 611
39 <-> 95, 17, 173, 189, 122
155 <-> 450, 534
161 <-> 1602, 1936
1363 <-> 48
83 <-> 734, 1794
26 <-> 18, 490, 545, 1123, 1958
1292 <-> 552, 1548
725 <-> 116, 435, 1651
446 <-> 1164, 1499, 1991
1007 <-> 1839, 1917
310 <-> 1436, 1696, 1784
200 <-> 752, 783, 1346
655 <-> 520, 1394
660 <-> 258, 1396
713 <-> 1512, 1586
132 <-> 1420, 1498
156 <-> 1138, 1146, 1335
0 <-> 123, 54, 139, 180, 167, 2, 160, 123
202 <-> 399, 582
975 <-> 1736
475 <-> 475
1456 <-> 614
1348 <-> 552
52 <-> 1647
1284 <-> 514, 1459
1536 <-> 580, 625
91 <-> 136, 136, 45, 4, 168, 26, 35
93 <-> 615, 1667, 1745
417 <-> 865, 1461
176 <-> 455, 457, 712, 1386, 1639
121 <-> 10
693 <-> 1398, 1925
102 <-> 807, 1177
685 <-> 1011
1254 <-> 1449, 1452, 1896
153 <-> 298, 760, 803, 1664
1086 <-> 1751
119 <-> 915, 1821
1150 <-> 943, 1818
252 <-> 619, 1709
753 <-> 348, 521, 769, 1638
9163 <-> 434, 1176, 1814, 1900
113 <-> 105, 629, 1786
74 <-> 537, 1861
124 <-> 124
978 <-> 229, 377, 955
1323 <-> 65, 1619
663 <-> 364, 514
1455 <-> 243, 1183, 1454
340 <-> 55, 651
736 <-> 1241, 1331, 1820
1543 <-> 871
236 <-> 236
1483 <-> 1197, 1438, 1922
1128 <-> 1854
203 <-> 318, 1011
941 <-> 259, 406, 1458, 1542, 1986
414 <-> 69, 1998
1133 <-> 596
1214 <-> 271, 1555
987 <-> 249, 1471, 1912
1070 <-> 1197, 1714
268 <-> 515, 586
225 <-> 1374, 1751
605 <-> 1375
640 <-> 1527
1041 <-> 249
1168 <-> 664
140 <-> 445, 1732
1354 <-> 1478
710 <-> 574
592 <-> 592, 1834
326 <-> 512
444 <-> 916
597 <-> 1776
6 <-> 3, 957, 815, 90, 41, 97, 9, 91
139 <-> 680, 708, 1717, 1808
806 <-> 803, 1707
233 <-> 436, 747
70 <-> 1731, 527, 743, 1806, 1958
1285 <-> 701, 1379, 1596
1225 <-> 299, 386, 722, 1093
39 <-> 162
719 <-> 1600
120 <-> 1342, 1826
961 <-> 1765, 1824
427 <-> 643
89 <-> 378
1157 <-> 62, 270, 721, 1968
983 <-> 1185
1117 <-> 764
1032 <-> 300, 1519
1012 <-> 1538, 1894
1347 <-> 1926
1544 <-> 456, 1489
210 <-> 810
603 <-> 575, 1428, 1914
25 <-> 25
1034 <-> 580, 1038, 1118
1525 <-> 442, 1754
1010 <-> 94, 759, 951, 1656
449 <-> 982
812 <-> 489, 582
182 <-> 1370
658 <-> 522, 875
1068 <-> 470
4 <-> 970
1181 <-> 920, 1165, 1542
669 <-> 815, 1394, 1521
253 <-> 616
187 <-> 1524
855 <-> 990
630 <-> 616, 1861
1101 <-> 1228
59 <-> 1620, 1915
732 <-> 333, 1296
717 <-> 830, 1738
865 <-> 417, 896, 1362
628 <-> 204, 847
247 <-> 1457, 1550
1470 <-> 1092
131 <-> 174
1380 <-> 1441, 1527, 1855
167 <-> 39, 1626
1001 <-> 880, 954, 1809
1341 <-> 214
1053 <-> 455
632 <-> 12
1351 <-> 190, 204, 411, 1854
636 <-> 477
801 <-> 1228
367 <-> 181, 188, 367, 1100, 1109, 1594
589 <-> 589
1091 <-> 364, 897
413 <-> 1029, 1873
61 <-> 61, 1666
1425 <-> 730, 1113, 1590
47 <-> 867, 1391, 1630
1199 <-> 1907
84 <-> 84, 343, 948
1114 <-> 106
80 <-> 290, 1925
953 <-> 982, 1586
1432 <-> 356, 1552
305 <-> 6, 1442
1104 <-> 1138
159 <-> 1102
752 <-> 200, 505, 627, 1564
240 <-> 396
148 <-> 101, 751, 793, 1601, 1603
1555 <-> 586, 11051, 1707
851 <-> 745, 1414, 1541
408 <-> 967, 1816
1378 <-> 650, 1913
1329 <-> 1018, 1329, 1495
283 <-> 31, 1239
3 <-> 870
122 <-> 1421, 1532
1497 <-> 598, 904
93 <-> 95, 85, 127, 26
726 <-> 858
256 <-> 18, 648
1467 <-> 535, 1950
1480 <-> 1038, 1669, 1670
1309 <-> 1309, 1736, 1886
1463 <-> 1690
604 <-> 1693
342 <-> 92, 1116, 1749
754 <-> 771
197 <-> 1981
1921 <-> 1691, 58, 402, 992, 515, 985
1267 <-> 478
231 <-> 419, 763, 1579
387 <-> 293, 309
6207 <-> 607
15 <-> 3, 238, 15555, 1, 523
798 <-> 766, 1428
832 <-> 6, 1907
175 <-> 635
1473 <-> 1677
1996 <-> 1183
740 <-> 169, 964
828 <-> 963
641 <-> 486, 641
392 <-> 306
98 <-> 1988
114 <-> 159, 32, 111, 115, 176
968 <-> 129, 1203
1084 <-> 241, 1527, 1692
1036 <-> 465, 676, 1212
1523 <-> 14, 1842
1520 <-> 265, 1608
108 <-> 1367
57 <-> 547, 1417, 1501, 1785
1110 <-> 1807
1030 <-> 287
653 <-> 206, 999
1330 <-> 1218
220 <-> 1854
692 <-> 692
5 <-> 37, 901, 913, 0
154 <-> 1888
775 <-> 270
290 <-> 80, 1744, 1880
612 <-> 521
415 <-> 1559
647 <-> 486
999 <-> 150, 653
274 <-> 227, 274, 1592
29 <-> 285
1274 <-> 160, 1282
40 <-> 804, 1127, 1419
1069 <-> 1162
1048 <-> 833
1105 <-> 51
1481 <-> 216, 339, 483
1207 <-> 228, 1802, 1833
398 <-> 116, 583, 1206
1476 <-> 354, 1062, 1739
1439 <-> 704, 707, 1222, 1862
1535 <-> 67, 926, 1663
820 <-> 556
1055 <-> 1547
738 <-> 533
27 <-> 27
280 <-> 1889
63 <-> 1423, 1484
1278 <-> 1301, 1468
75 <-> 138, 714
6 <-> 305, 842, 1932
807 <-> 102, 807, 969
973 <-> 94, 925, 1821
66 <-> 1437
1977 <-> 804
1386 <-> 176, 1217, 959, 1311
608 <-> 21, 1824
1997 <-> 376, 746
821 <-> 1079, 1521, 1712
1641 <-> 1380
1500 <-> 938, 1991
1306 <-> 1628
404 <-> 509
4 <-> 361
275 <-> 17, 615, 827, 1013
1995 <-> 332, 690
1515 <-> 447, 1640
1234 <-> 1918
763 <-> 231, 1606
644 <-> 644
448 <-> 1264, 1889
37 <-> 263, 678, 1356, 1683, 1714
869 <-> 53228
359 <-> 359, 1016, 1202
292 <-> 314, 918, 1025
813 <-> 1447, 1626
733 <-> 1276, 1947
44 <-> 109, 90, 190, 69, 1, 68, 139, 62
1238 <-> 38, 1624
1047 <-> 211, 830, 1217, 1365
218 <-> 1325, 1581
78 <-> 1452, 1706, 1804
847 <-> 628, 933
456 <-> 379, 1462
787 <-> 834, 1277, 1534
134 <-> 134, 467
313 <-> 276, 313, 596
186 <-> 459, 493
385 <-> 1752
181 <-> 151, 64, 179, 41
30 <-> 950, 1470, 1
602 <-> 217, 1014, 1335
1372 <-> 205, 670, 151
435 <-> 725, 1595, 1832, 1695
73 <-> 20, 193, 71, 3, 79
938 <-> 635, 1478, 1505
1221 <-> 114, 837, 1140
934 <-> 926, 1488
1279 <-> 939, 989
1075 <-> 464, 506
46 <-> 46, 744
618 <-> 264, 645, 1184
1250 <-> 683
1193 <-> 195, 1195
826 <-> 398, 781, 1548
30 <-> 223, 1317, 1773
1100 <-> 367, 639
1 <-> 317, 904, 923
196 <-> 563
1433 <-> 189, 512, 902
746 <-> 613, 1094, 1997
1023 <-> 201, 1610
1155 <-> 14, 1616
1072 <-> 1941, 783, 588, 3739
1260 <-> 1436
351 <-> 437
35 <-> 471, 885, 1119
1255 <-> 1984
1148 <-> 380, 621
929 <-> 1196, 1650
1299 <-> 96, 301, 1356
434 <-> 1163, 1500
400 <-> 64, 1190
133 <-> 776, 1300
335 <-> 224, 335, 971, 1838
126 <-> 126
1312 <-> 190, 12787
223 <-> 30, 1237
1314 <-> 1862
1170 <-> 34, 1987
384 <-> 344, 578
321 <-> 646, 1265, 1877
13 <-> 662, 1429
373 <-> 1335
638 <-> 177, 1704
1083 <-> 705
426 <-> 219, 1424
112 <-> 112, 668, 1720
1340 <-> 1502, 1883
1662 <-> 162, 171, 1173
1179 <-> 1080
118 <-> 61, 110, 183
96 <-> 1299, 1924
727 <-> 308, 557
1040 <-> 765
56 <-> 100, 720
177 <-> 10, 107, 42, 117
1198 <-> 1027
213 <-> 1660
281 <-> 1501
1000 <-> 1862
184 <-> 58
316 <-> 1095
622 <-> 298, 1474
1161 <-> 85, 1878
8 <-> 58
624 <-> 24, 550, 1798
111 <-> 311, 1895
1056 <-> 1237
1197 <-> 581, 1070, 1483
1242 <-> 11
230 <-> 228, 273, 277, 1252
32 <-> 921
802 <-> 1644
1008 <-> 319
195 <-> 439, 1193, 1875
188 <-> 367, 686, 930, 1643
1147 <-> 164, 900
950 <-> 0, 1856
1304 <-> 410, 1560
947 <-> 730
179 <-> 862, 876, 1633
375 <-> 191, 456
1035 <-> 1859
86 <-> 971
260 <-> 919
956 <-> 289
466 <-> 466
116 <-> 368, 725, 1889
425 <-> 9, 261
694 <-> 564
1152 <-> 854, 1437, 1528, 1609, 1764
453 <-> 150, 479, 1907
366 <-> 919, 1870
766 <-> 209, 707, 798, 1649
24 <-> 244, 624
360 <-> 257
1090 <-> 105
1076 <-> 1863
1 <-> 22, 123, 175, 78
369 <-> 1759
130 <-> 45, 251, 804, 1078
44 <-> 497, 503, 1305
1546 <-> 1334
99 <-> 1417
1127 <-> 40, 307, 1697
677 <-> 397, 764
266 <-> 576, 609
967 <-> 408, 1605
336 <-> 1052
1039 <-> 0, 1451
1020 <-> 158, 846
1276 <-> 733, 743
235 <-> 980, 1694
123 <-> 843, 1837
1149 <-> 634, 1513
958 <-> 365
1509 <-> 7, 136, 1291
325 <-> 552, 783, 984
155 <-> 176, 49, 82, 88, 188, 125, 33
943 <-> 332, 1150, 1513
163 <-> 293, 500, 960
606 <-> 390, 1745
1196 <-> 929, 1691
668 <-> 112, 1553
1471 <-> 819, 987
1266 <-> 343
852 <-> 923, 1821
14 <-> 215, 1155, 1563
518 <-> 138, 402, 1593
94 <-> 747, 973, 1010
276 <-> 91, 313, 328, 1799
151 <-> 115, 205, 496, 535
282 <-> 214
1532 <-> 10, 122, 1566
