0 <-> 31, 32, 23, 26, 33
1 <-> 34, 35, 36
2 <-> 37, 38, 39
3 <-> 40, 41, 42, 43
4 <-> 44, 45
5 <-> 46, 47, 48, 49
6 <-> 50, 51, 52, 53, 54, 55, 56
7 <-> 57, 58, 50, 59, 60, 61, 62
8 <-> 63, 37, 64, 65, 23, 34, 66
9 <-> 59
10 <-> 67, 68, 69, 70
11 <-> 71, 72, 73, 55, 74, 13, 75, 76
12 <-> 77, 78, 79, 80, 81, 82, 83
13 <-> 84, 85, 86, 87, 88
14 <-> 12, 89, 90, 91, 92
15 <-> 93
16 <-> 94, 95, 96
17 <-> 97, 48, 98, 99
18 <-> 100, 101
19 <-> 102, 103, 104
20 <-> 105, 106, 107
21 <-> 108, 37, 109, 110, 111, 112
22 <-> 113, 114, 115, 116, 28, 117
23 <-> 109, 61, 118, 119, 120, 121
24 <-> 122, 123
25 <-> 124, 125, 126
26 <-> 7, 127, 128
27 <-> 129, 130, 131, 132
28 <-> 133, 134, 135, 84, 136, 137, 138, 94
29 <-> 139, 140
30 <-> 141, 32, 142, 134, 143
