0 <-> 6
20 <-> 1907
21 <-> 608, 1493, 1587, 1646
22 <-> 1748, 1774
23 <-> 723, 871
24 <-> 244, 624
25 <-> 25
26 <-> 18, 490, 545, 1123, 1958
27 <-> 27
28 <-> 832, 1227
29 <-> 285
30 <-> 223, 1317, 1773
31 <-> 283
32 <-> 9
117 <-> 567, 1502
118 <-> 136, 461, 804
119 <-> 915, 1821
120 <-> 1342, 1826
121 <-> 10
46 <-> 14
122 <-> 1421, 1532
123 <-> 843, 1837
125 <-> 1679
126 <-> 126
127 <-> 1777, 1836
129 <-> 968
130 <-> 45, 251, 804, 1078
131 <-> 995
132 <-> 1420, 1498
133 <-> 776, 1300
134 <-> 134, 467
135 <-> 1176
136 <-> 118, 1509
136 <-> 207
138 <-> 51, 58, 75
139 <-> 680, 708, 1717, 1808
140 <-> 440, 1732
142 <-> 1280, 1787
143 <-> 216, 468, 1180, 1695
144 <-> 5032, 996, 1794
145 <-> 145, 507
147 <-> 1871
148 <-> 101, 751, 793, 1601, 1630
149 <-> 1401, 1883
150 <-> 453, 999
151 <-> 115, 205, 496, 535
152 <-> 521, 1037
153 <-> 298, 760, 803, 1664
155 <-> 1524
156 <-> 1138, 1146, 1335
157 <-> 1373, 1771, 1859
158 <-> 1020
159 <-> 1102
160 <-> 1265, 1274, 1660
161 <-> 1602, 1936
162 <-> 162, 171, 1173
163 <-> 293, 500, 960
164 <-> 777, 1147, 1192
165 <-> 1022, 1377
166 <-> 166, 508, 523, 825, 1259
168 <-> 1988
170 <-> 170, 571, 696, 859
172 <-> 1183
173 <-> 70, 295
174 <-> 51, 7, 573
175 <-> 635
176 <-> 455, 457, 712, 1386, 1639
177 <-> 638, 1102
178 <-> 1802
180 <-> 588
181 <-> 367, 1219
182 <-> 1370
183 <-> 799, 1489
184 <-> 377, 1415, 1642
1835 <-> 185
186 <-> 459, 493
187 <-> 1524
188 <-> 367, 686, 930, 1643
189 <-> 1433
190 <-> 1312, 1351, 1723
192 <-> 989, 1088, 1096, 1891
194 <-> 193, 1405
195 <-> 439, 1193, 1875
196 <-> 563
197 <-> 1981
198 <-> 1385
199 <-> 471
200 <-> 752, 783, 1346
201 <-> 201, 1023
202 <-> 399, 582
203 <-> 318, 1011
204 <-> 628, 1351, 1606
206 <-> 653
207 <-> 137, 328
208 <-> 250
209 <-> 357, 766, 853
210 <-> 810
211 <-> 1047, 1754
212 <-> 601
213 <-> 1660
214 <-> 214, 282, 1166, 1341, 1751
215 <-> 14
216 <-> 143, 1481, 1897
217 <-> 602
218 <-> 1325, 1581
219 <-> 426, 739, 1209
220 <-> 1854
221 <-> 614, 811
222 <-> 542, 963, 1420
223 <-> 30, 1237
224 <-> 335, 1911
225 <-> 1374, 1751
226 <-> 226, 1969
227 <-> 274, 966
229 <-> 944, 978, 1567
230 <-> 228, 273, 277, 1252
231 <-> 419, 763, 1579
232 <-> 232, 1893
233 <-> 436, 747
234 <-> 1884
235 <-> 980, 1694
236 <-> 236
237 <-> 1468, 1934
238 <-> 15
239 <-> 239, 362
240 <-> 396
241 <-> 1084, 1634
242 <-> 353
243 <-> 769, 1455
245 <-> 1528, 1606, 1905
246 <-> 1327
247 <-> 1457, 1550
248 <-> 104
249 <-> 987, 1041, 1949
252 <-> 619, 1709
254 <-> 1092, 1288, 1328
256 <-> 18, 648
257 <-> 360, 581, 1658
258 <-> 660, 905
259 <-> 287, 941, 1141, 1262
260 <-> 919
262 <-> 418, 634
263 <-> 37, 964
266 <-> 576, 609
267 <-> 762, 1807
268 <-> 515, 1172
270 <-> 87, 619, 775, 1157
271 <-> 1214
272 <-> 1175, 1697
275 <-> 1, 615, 827, 1013
276 <-> 91, 313, 328, 1799
278 <-> 513, 1449
279 <-> 785, 996, 1375
280 <-> 1889
281 <-> 1501
59 <-> 950, 1, 338, 402, 1593
63 <-> 1423, 1484, 923
292 <-> 314, 918, 1025
294 <-> 5296, 1318
297 <-> 1141
298 <-> 153, 622
299 <-> 1225
300 <-> 1032, 1462
301 <-> 1299
302 <-> 391, 724
303 <-> 1301, 1599
304 <-> 304, 937
305 <-> 6, 1442
306 <-> 392, 828, 963
307 <-> 1127, 1618
309 <-> 387
310 <-> 1436, 1696, 1784
311 <-> 111
312 <-> 1156
315 <-> 81, 1360, 1817
316 <-> 1095
317 <-> 1, 476
319 <-> 906, 1008, 1989
320 <-> 1401
321 <-> 646, 1263
1997 <-> 376, 746
