0 <-> 24, 25, 26, 27, 13, 28, 29, 30
2 <-> 36, 37, 38, 39, 24, 40, 41
3 <-> 42, 43, 27, 44, 45, 46, 47
5 <-> 31, 50, 51, 52, 53, 10, 54, 17
6 <-> 55, 56
8 <-> 45, 61, 62, 63, 64
9 <-> 39, 9, 65, 66, 67, 68, 69
10 <-> 70, 71, 72
11 <-> 73, 74, 75, 38, 76, 77
12 <-> 78, 79, 80, 81, 82, 83, 84, 85
13 <-> 86, 87, 88, 89, 90, 91
16 <-> 93, 74, 40, 94
176 <-> 125
17 <-> 27, 95, 81, 26, 96, 97, 98, 99
18 <-> 100, 101, 102, 103, 104, 41, 105, 106
20 <-> 30, 107, 108
21 <-> 44, 109, 110, 31, 111, 55, 112
22 <-> 113, 16
23 <-> 7, 114
