0 <-> 48, 49, 50, 51, 52, 53, 13
1 <-> 54, 55
2 <-> 56, 57, 58, 59
3 <-> 26, 60, 61, 62, 63, 64, 65
4 <-> 66, 67
5 <-> 20, 68, 69, 70, 71, 72, 73, 74
6 <-> 36, 75, 76
7 <-> 77
8 <-> 78, 79, 38, 80, 81, 82, 83
9 <-> 8, 84
10 <-> 14, 8, 85, 86
11 <-> 87, 88, 89, 90, 8, 91, 92, 93
8 <-> 94, 95, 96, 97, 98
12 <-> 99, 100, 101, 102
13 <-> 103, 104, 105
14 <-> 99, 106, 107, 21, 108, 92
15 <-> 109
16 <-> 110, 111, 112
17 <-> 100, 113, 114, 115, 22
16 <-> 14, 99, 116, 109, 83, 8, 117
18 <-> 89, 71, 4, 49, 103, 49, 43, 118
19 <-> 119, 80
20 <-> 120, 121, 122
21 <-> 99, 123, 124
22 <-> 125, 126, 127, 128, 106
23 <-> 129, 130, 92, 131, 132, 133, 134
24 <-> 135
25 <-> 136
26 <-> 3, 34, 137
27 <-> 138
28 <-> 139, 140
29 <-> 141
30 <-> 92
31 <-> 142, 143
32 <-> 144, 84, 145, 146, 147, 70, 148, 14
33 <-> 20, 149
34 <-> 150, 151
35 <-> 152, 153
36 <-> 154, 34, 155, 156, 157, 28
37 <-> 158, 159, 160
28 <-> 161, 162
38 <-> 163, 164, 165, 166, 167, 168
39 <-> 169
40 <-> 170, 171, 172, 173, 26, 128, 174, 175
41 <-> 148, 172, 176, 177
42 <-> 44, 178, 179
43 <-> 180, 181
44 <-> 182, 56, 43, 46, 183, 184, 50
45 <-> 43, 174, 185, 186, 187, 188, 80
46 <-> 189, 190, 21, 191
47 <-> 192, 22
