0 <-> 164, 165, 166
1 <-> 167, 168
2 <-> 169, 170
3 <-> 171, 172, 173, 174
4 <-> 175
5 <-> 176, 177, 178
6 <-> 179
7 <-> 180, 181, 182
8 <-> 183, 184, 185
9 <-> 186, 187
10 <-> 188, 189
11 <-> 190, 191, 192
12 <-> 193, 194
13 <-> 13, 195, 196, 197, 198
14 <-> 199, 200, 201
15 <-> 202, 203
16 <-> 204, 205
17 <-> 206, 207
18 <-> 208, 209
19 <-> 210, 211, 212
20 <-> 213, 214, 215
21 <-> 216, 217
22 <-> 38, 218
23 <-> 219, 220, 221
24 <-> 222, 223, 224
25 <-> 225, 226, 227, 228
26 <-> 229, 230
27 <-> 231, 232
28 <-> 233
29 <-> 29, 234
30 <-> 235, 236
31 <-> 237
32 <-> 238, 239
33 <-> 240, 241, 242
34 <-> 243
35 <-> 244
36 <-> 245, 246
37 <-> 247, 248, 249
38 <-> 22, 250, 251
39 <-> 252, 253
40 <-> 40, 254, 255, 256
41 <-> 252
42 <-> 257, 258
43 <-> 259, 260, 261
44 <-> 262
45 <-> 263, 264, 265, 266
46 <-> 267, 268, 269
47 <-> 270
48 <-> 271, 272
49 <-> 273, 274
50 <-> 275, 276
51 <-> 277, 278
52 <-> 279, 280
53 <-> 281, 282
54 <-> 283, 284, 285
55 <-> 286, 287, 288
56 <-> 289, 290
57 <-> 291
58 <-> 292, 293
59 <-> 294, 295, 115
60 <-> 296
61 <-> 297, 298
62 <-> 299, 300
63 <-> 301, 302, 303
64 <-> 64
65 <-> 304, 305
66 <-> 66
67 <-> 306, 307
68 <-> 308
69 <-> 309
70 <-> 70
71 <-> 310
72 <-> 311
73 <-> 312
74 <-> 313
75 <-> 314, 315, 316
76 <-> 317, 318, 285
77 <-> 319, 320
78 <-> 321
79 <-> 322, 323
80 <-> 324, 146, 325, 95, 326
81 <-> 327
82 <-> 328, 329
83 <-> 330, 331
84 <-> 332, 127, 333
85 <-> 334
86 <-> 335
87 <-> 336
88 <-> 337
89 <-> 338, 302, 339
90 <-> 340
91 <-> 341, 342
92 <-> 343
93 <-> 344, 345
94 <-> 346
95 <-> 347
96 <-> 348
97 <-> 97, 349
98 <-> 350
99 <-> 351, 352, 353
100 <-> 354, 355
101 <-> 356, 357
102 <-> 358, 359, 360
103 <-> 361
104 <-> 362
105 <-> 363, 364
106 <-> 365
107 <-> 366
108 <-> 108, 367
109 <-> 368, 369
110 <-> 370
111 <-> 371, 372
112 <-> 373, 374, 375
113 <-> 376
114 <-> 377, 378
115 <-> 379, 380, 381, 382, 383
116 <-> 210, 384, 385
117 <-> 386, 387
118 <-> 241, 388, 389
120 <-> 390
121 <-> 391, 392
122 <-> 393
123 <-> 394, 395, 190, 396
125 <-> 397
126 <-> 398, 399
127 <-> 400
128 <-> 401, 402
129 <-> 403, 404, 405
130 <-> 406
131 <-> 407, 408, 409, 410
133 <-> 411
134 <-> 412
135 <-> 413, 414
136 <-> 415, 416
137 <-> 417, 418, 419
138 <-> 420, 255
139 <-> 421, 422
140 <-> 423, 424
141 <-> 425, 426
142 <-> 427
143 <-> 428, 429, 430
144 <-> 431, 432, 433, 434
145 <-> 435, 436
146 <-> 437, 438
147 <-> 439, 440
148 <-> 148, 441, 442, 443, 272
149 <-> 444
150 <-> 169, 445
151 <-> 446, 151
152 <-> 447, 448
153 <-> 449
154 <-> 450, 451, 452
155 <-> 453, 454, 455, 456
156 <-> 457, 458, 459
157 <-> 460, 461
158 <-> 462, 463
159 <-> 464
160 <-> 465, 466, 467
161 <-> 468, 469
162 <-> 53, 470
163 <-> 471, 472
