0 <-> 8, 9, 14, 9
52 <-> 44, 168, 141
111 <-> 311, 1895
113 <-> 105, 629, 1786
115 <-> 151
116 <-> 368, 725, 1889
118 <-> 136, 461, 804
119 <-> 915, 1821
120 <-> 1342, 1826
121 <-> 10
122 <-> 1421, 1532
87 <-> 36
20 <-> 14
123 <-> 843, 1837
19 <-> 13, 77, 97, 161
127 <-> 1777, 1836
128 <-> 1498
133 <-> 776, 1300
135 <-> 1176
136 <-> 118, 1509
137 <-> 207
138 <-> 51, 58, 75
130 <-> 197, 100
144 <-> 532, 996, 646
147 <-> 1871
148 <-> 101, 751, 793, 1601, 1603
149 <-> 1401, 1883
150 <-> 453, 999
151 <-> 115, 205, 496, 535
152 <-> 521, 1037
153 <-> 298, 760, 803, 1664
154 <-> 1888
155 <-> 1524
156 <-> 1138, 1146, 1335
157 <-> 292
70 <-> 163, 165
315 <-> 81, 1360, 1817
316 <-> 1095
42 <-> 158, 124, 72, 57
317 <-> 1, 476
0 <-> 43, 238, 13
6 <-> 11, 15, 139
164 <-> 99, 190, 141, 114
21 <-> 89, 48, 183
16 <-> 5, 3470, 91
2960 <-> 3, 5, 9921
62 <-> 2, 40
