0 <-> 41, 50, 1039
2 <-> 2
3 <-> 870
4 <-> 361
5 <-> 5
6 <-> 305, 842, 1932
7 <-> 438, 1509
8 <-> 985
9 <-> 425
10 <-> 121, 1532
11 <-> 285, 1242, 1753
13 <-> 662, 1429
14 <-> 215, 1165, 1523
15 <-> 43, 238, 1552
16 <-> 1050
17 <-> 2705
18 <-> 26, 256
19 <-> 1656
20 <-> 1907
21 <-> 608, 1493, 1587, 1646
24 <-> 244, 624
26 <-> 18, 490, 545, 1123, 1958
28 <-> 832, 1227
30 <-> 223, 1317, 1773
31 <-> 283
32 <-> 921
33 <-> 395, 1772
35 <-> 471, 885, 1119
36 <-> 936, 1831
37 <-> 263, 678, 1356, 1683, 1714
38 <-> 1238
39 <-> 167
54 <-> 137
40 <-> 804, 1915
61 <-> 61, 1666
62 <-> 1157
63 <-> 1423, 1484
64 <-> 64, 400
67 <-> 1437
69 <-> 414
70 <-> 173, 527, 743, 1806, 1958
71 <-> 393, 1585, 680
72 <-> 391, 1863
73 <-> 73, 1571
77 <-> 169, 31
74 <-> 537, 1861
75 <-> 138, 714
175 <-> 196
76 <-> 554, 1582
131 <-> 101, 27, 99
78 <-> 1452, 1706, 1804
79 <-> 1618
80 <-> 290, 1925
81 <-> 81, 315
82 <-> 1420, 1865
83 <-> 734, 1794
84 <-> 84, 343, 948
87 <-> 270, 1024, 1541, 1688, 1903
89 <-> 378
90 <-> 954, 1519
92 <-> 342
94 <-> 747, 973, 1010
97 <-> 413
100 <-> 951
107 <-> 7
109 <-> 416, 705
110 <-> 1296, 1837
111 <-> 311, 1895
113 <-> 419, 763, 15799
232 <-> 232, 1893
239 <-> 239, 362
240 <-> 396
243 <-> 769, 1455
246 <-> 1327
254 <-> 1092, 1288, 1328
255 <-> 1392
257 <-> 360, 581, 1658
258 <-> 660, 905
259 <-> 287, 941, 1341, 1262
265 <-> 262, 1520
267 <-> 762, 1807
269 <-> 458
271 <-> 1214
274 <-> 227, 274, 1592
276 <-> 91, 313, 328, 1799
278 <-> 513, 1449, 1375
281 <-> 1501
