0 <-> 950, 1039
1 <-> 317, 904, 923
2 <-> 2
3 <-> 870
4 <-> 361
5 <-> 5
6 <-> 305, 842, 1332
7 <-> 438, 1509
8 <-> 985
9 <-> 425
10 <-> 121, 1532
11 <-> 285, 1242, 1753
12 <-> 632, 762, 829
13 <-> 662, 1429
14 <-> 215, 1155, 1523
16 <-> 1050
18 <-> 26, 256
19 <-> 1656
20 <-> 1907
1821 <-> 119, 852, 973, 18068
1822 <-> 917
1823 <-> 1144, 1371, 1800
1824 <-> 608, 810, 961, 1664
1825 <-> 437, 1752
1826 <-> 120, 1621
1827 <-> 1504, 1630
1828 <-> 1400
1829 <-> 997, 1829
1830 <-> 1474, 1759
1831 <-> 36, 378, 381, 1635
1832 <-> 435
1833 <-> 1207
1834 <-> 592
1835 <-> 1610
1836 <-> 127
1837 <-> 110, 123
1838 <-> 335
1839 <-> 1007
1840 <-> 1722
1841 <-> 222
1843 <-> 858, 1211, 1492, 1623
1844 <-> 988, 1932
1846 <-> 393, 1568, 1598, 1846
1847 <-> 1141
1848 <-> 1848
1849 <-> 1226
1850 <-> 519
136 <-> 91
1851 <-> 1851, 1860
1852 <-> 1852
1853 <-> 822, 1701
1854 <-> 220, 1128, 1139, 1351
1855 <-> 1380
1856 <-> 926, 920
1857 <-> 1687
1858 <-> 1572, 1620
1861 <-> 74, 630
1862 <-> 1000, 1314, 1439, 1718
1863 <-> 72, 1076
1864 <-> 760, 1554
1866 <-> 1331, 1866
1867 <-> 794, 1477
1868 <-> 1821
1869 <-> 458, 762, 1281
1870 <-> 366, 973, 1566
1871 <-> 147, 789
1872 <-> 533
1873 <-> 413
1874 <-> 1469
1876 <-> 1004, 1049
1877 <-> 321, 912
1879 <-> 1453, 1510
1880 <-> 290, 1209
1881 <-> 1671, 1881, 1887, 1902
1882 <-> 566, 977, 1287, 1710
1883 <-> 149, 162, 1340
1884 <-> 234, 571, 893
1885 <-> 1029
1886 <-> 1309
1888 <-> 154, 901
1889 <-> 116, 280, 448, 1435
1890 <-> 777, 1121, 1890
1892 <-> 1485
1893 <-> 232
1894 <-> 1012
1895 <-> 111, 1741, 1919
1896 <-> 1254, 1708
1897 <-> 216
1900 <-> 441, 814, 1163
1901 <-> 550, 1680
1903 <-> 87, 1406
1905 <-> 245
1907 <-> 20, 453, 842, 1199
1908 <-> 927
1909 <-> 392
1910 <-> 1085, 1183, 1690
1911 <-> 224, 878, 1690
9912 <-> 987, 1005, 1138
1913 <-> 55, 1378, 1407
1914 <-> 603, 1460
1915 <-> 59, 405
1916 <-> 1125, 1383, 1753
9711 <-> 658, 1007, 1082, 1917
1918 <-> 495, 935, 1234, 1408, 1556
1920 <-> 421, 1790
1921 <-> 992, 1396, 1722
6206 <-> 1483
1924 <-> 96, 100
1925 <-> 80, 693, 840
1926 <-> 546, 1009, 1347
1927 <-> 906, 1555
1928 <-> 370, 1429, 1444
1929 <-> 671
1930 <-> 1670
1931 <-> 1336
51933 <-> 463, 1180
1934 <-> 237
1935 <-> 322, 785, 1559, 1803
1936 <-> 161, 506
1937 <-> 1937
1938 <-> 397
1939 <-> 1522
125 <-> 156
1940 <-> 1466
1941 <-> 379
1942 <-> 428, 1345
1943 <-> 1943
1944 <-> 1699
1945 <-> 664, 1945
1946 <-> 1946
1947 <-> 733, 1632
1948 <-> 1403
1949 <-> 249, 848, 899
1950 <-> 611, 981, 1467, 1733
1951 <-> 1679
1953 <-> 1212
1955 <-> 528, 1475
1958 <-> 26, 70, 1422, 1580
1959 <-> 1749
1961 <-> 991, 1386, 1561
1962 <-> 1519
1964 <-> 1153
1965 <-> 435
1967 <-> 1767
1969 <-> 226, 1770
1970 <-> 880
1971 <-> 635, 1612
1973 <-> 750, 1542
1974 <-> 194, 833
1975 <-> 1547
1976 <-> 872, 1310, 1565, 1637
1977 <-> 804
1978 <-> 549, 1307
1979 <-> 465
1980 <-> 1384
1982 <-> 625, 784
1983 <-> 857, 1353, 1983
1985 <-> 1045
1987 <-> 1170, 1281
1988 <-> 98, 168, 1988
1989 <-> 319, 671
1991 <-> 446, 1505
1992 <-> 601, 696
1993 <-> 550
1994 <-> 825, 1749
1995 <-> 332, 690
1996 <-> 1183
1997 <-> 376, 746
1998 <-> 414, 8295
