142 <-> 121, 136, 7, 60, 113
0 <-> 24, 25, 26, 27, 28, 19
1 <-> 29, 30, 31, 32, 33
2 <-> 34, 35, 9, 36, 37
3 <-> 38, 39, 40, 41, 42
4 <-> 430, 44, 45, 46
5 <-> 47, 48, 49, 50, 51, 52
6 <-> 53, 54, 55, 56, 57
7 <-> 58, 59, 60, 61, 62, 63, 33
8 <-> 64, 65, 66, 67, 68, 69
10 <-> 73, 74, 75, 76, 77
11 <-> 78, 79, 80, 81
12 <-> 82, 83, 56, 45, 84, 85, 60, 86
14 <-> 92, 93, 94, 95
15 <-> 95, 96, 97, 70
17 <-> 40, 60, 76, 100, 8, 56, 101
18 <-> 102, 103, 17, 104, 19, 105, 106, 107
19 <-> 108, 109, 110, 111, 112, 113
143 <-> 167, 172, 171, 173
178 <-> 191, 42, 182, 163
22 <-> 122, 123, 2, 124, 125, 126, 127
23 <-> 128, 129, 130, 123, 131, 132, 133, 134
