380 <-> 1148, 1301
386 <-> 1099, 1225
389 <-> 1709
390 <-> 606, 1631
391 <-> 72, 302, 751, 1705
3892 <-> 306, 429, 1883, 1909
393 <-> 71, 1846
394 <-> 394, 585
395 <-> 33, 395
53 <-> 120, 132
405 <-> 1343, 1491, 1915
406 <-> 941
408 <-> 967, 1816
414 <-> 69, 1998
416 <-> 109, 1757
417 <-> 865, 1461
418 <-> 262, 729
419 <-> 231, 1465
421 <-> 1177, 1920
422 <-> 533, 1435
425 <-> 9, 261
432 <-> 782
433 <-> 667, 1355
131 <-> 60, 83
20 <-> 30, 109
625 <-> 776, 1536, 1982
627 <-> 752
628 <-> 204, 847
629 <-> 113, 1731
630 <-> 616, 1861
632 <-> 129
709 <-> 521, 1742
711 <-> 811
713 <-> 1512, 1586
714 <-> 75
716 <-> 1659
717 <-> 830, 1738
719 <-> 1600
720 <-> 56, 827
721 <-> 350, 1157, 1271, 1716
722 <-> 1225, 1301
724 <-> 301, 1333
727 <-> 308, 557
728 <-> 1597
59 <-> 150
134 <-> 176, 90
731 <-> 869
732 <-> 333, 1296
57 <-> 169, 180
41 <-> 65, 5, 62
735 <-> 482, 1245
737 <-> 1816
738 <-> 533
739 <-> 219
740 <-> 169, 964
107 <-> 149, 72
741 <-> 741
742 <-> 1376
745 <-> 851
746 <-> 613, 1094, 1997
749 <-> 492, 698
751 <-> 148, 391
752 <-> 200, 505, 627, 1564
15 <-> 199
755 <-> 537
76 <-> 209, 707, 798, 1649
767 <-> 767, 1445
27 <-> 8
21 <-> 130, 165, 126
768 <-> 1723
769 <-> 243, 753
770 <-> 1228
771 <-> 378, 754
772 <-> 917
773 <-> 1565
774 <-> 522
775 <-> 270
776 <-> 133, 635
777 <-> 164, 462, 879, 6890
780 <-> 576, 587, 1531
781 <-> 826, 1700
782 <-> 432, 569, 583
783 <-> 200, 325, 1072
784 <-> 497, 595, 1343, 1982
785 <-> 279, 1935
786 <-> 1603
787 <-> 834, 1277, 1534
788 <-> 1478
789 <-> 789, 1871
790 <-> 1342, 1464
792 <-> 1141, 1746, 1757
793 <-> 148
794 <-> 1408
