178 <-> 129, 6, 71, 196
4 <-> 950
34 <-> 22, 56, 61, 68, 90, 121, 170
53 <-> 144, 869, 1257
116 <-> 31, 35, 43, 45, 185, 197, 199
188 <-> 37
108 <-> 27
148 <-> 12, 28, 54, 67, 77, 95
156 <-> 30
9 <-> 102, 11
194 <-> 44, 49, 86, 148, 187
169 <-> 99
146 <-> 192, 124, 18
398 <-> 689, 826, 1435
400 <-> 64, 1190
78 <-> 71, 7, 36
517 <-> 174, 1665
521 <-> 152, 612, 709, 753
109 <-> 107, 38
524 <-> 1594
97 <-> 47, 52
23 <-> 190, 134, 176, 1, 81, 69, 60
141 <-> 92, 147, 110, 70, 105, 20
547 <-> 57, 294
115 <-> 39, 133, 143, 14
551 <-> 1132
123 <-> 84
553 <-> 791, 1295
5 <-> 331, 820, 1562
131 <-> 127, 182, 136, 79
177 <-> 117
8 <-> 58, 32, 59, 66, 48
557 <-> 727, 1368
0 <-> 139, 17, 96, 106
559 <-> 1134
94 <-> 50, 112, 125
562 <-> 593, 652
