1 <-> 317, 904, 923
3 <-> 870
12 <-> 632, 762, 829
13 <-> 662, 1429
14 <-> 215, 1155, 1523
16 <-> 1050
17 <-> 275
18 <-> 26, 256
19 <-> 1656
21 <-> 508, 1493, 1587, 1646
23 <-> 723, 871
25 <-> 25
27 <-> 27
28 <-> 832, 1227
31 <-> 283
34 <-> 1170
35 <-> 471, 885, 1119
36 <-> 936, 1831
37 <-> 263, 678, 1356, 1683, 1714
40 <-> 804, 1127, 1419
41 <-> 365
44 <-> 497, 503, 1305
45 <-> 130, 881, 1158
47 <-> 867, 1391, 1630
49 <-> 1286
50 <-> 1687, 1966
51 <-> 138, 454, 1105
53 <-> 762
56 <-> 100, 720
57 <-> 547, 1417, 1501, 1785
59 <-> 1620, 1915
60 <-> 896, 982
62 <-> 1157
63 <-> 1423, 1484
66 <-> 1437
68 <-> 1597
69 <-> 414
70 <-> 173, 527, 743, 1806, 1958
71 <-> 393, 1585, 1680
72 <-> 391, 1863
74 <-> 537, 1861
76 <-> 554, 1582
77 <-> 611
78 <-> 1452, 1706, 1804
81 <-> 81, 315
82 <-> 1420, 1865
83 <-> 734, 1794
84 <-> 42, 343, 948
85 <-> 1161
87 <-> 270, 1024, 1541, 1688, 1903
88 <-> 931, 1027
89 <-> 378
90 <-> 954, 1519
91 <-> 276
93 <-> 615, 1667, 1745
94 <-> 747, 973, 1010
95 <-> 95
97 <-> 463
98 <-> 1988
101 <-> 148
102 <-> 807, 1177
104 <-> 248, 593, 895
105 <-> 113, 1090
109 <-> 416, 705
111 <-> 311, 1895
114 <-> 1221
116 <-> 368, 725, 1889
118 <-> 136, 461, 804
119 <-> 915, 1821
120 <-> 1342, 1826
123 <-> 813, 1837
125 <-> 1679
127 <-> 1777, 1836
129 <-> 968
131 <-> 995
132 <-> 1420, 1498
134 <-> 34, 467
139 <-> 680, 708, 1717, 1808
140 <-> 445, 1732
142 <-> 1280, 1787
143 <-> 216, 468, 1180, 1695
144 <-> 532, 996, 1794
145 <-> 145, 507
146 <-> 146
147 <-> 1871
148 <-> 101, 751, 793, 1601, 1603
149 <-> 1401, 1883
150 <-> 453, 999
151 <-> 115, 205, 496, 535
152 <-> 521, 1037
153 <-> 298, 760, 803, 1664
154 <-> 1888
156 <-> 1138, 1146, 1335
157 <-> 1373, 1771, 1854
158 <-> 1020
159 <-> 1102
160 <-> 1265, 1274, 1660
162 <-> 162, 171, 1173
163 <-> 293, 500, 960
164 <-> 777, 1147, 1192
165 <-> 1022, 1377
166 <-> 166, 508, 523, 825, 1259
167 <-> 39, 1626
168 <-> 1988
169 <-> 740
170 <-> 170, 571, 696, 859
172 <-> 1183
174 <-> 517, 573
175 <-> 635
176 <-> 455, 457, 712, 1386, 1639
178 <-> 1802
179 <-> 862, 876, 1633
181 <-> 367, 1219
182 <-> 1370
187 <-> 1524
189 <-> 1433
190 <-> 1312, 1351, 1723
192 <-> 989, 1088, 1096, 1891
194 <-> 1974
195 <-> 439, 1193, 1875
196 <-> 563
197 <-> 1981
198 <-> 1385
200 <-> 752, 783, 1346
201 <-> 201, 1023
202 <-> 399, 582
203 <-> 318, 1011
204 <-> 628, 1351, 1606
211 <-> 1047, 1754
214 <-> 214, 282, 1166, 1341, 1751
217 <-> 602
219 <-> 426, 739, 1209
220 <-> 1854
221 <-> 614, 811
222 <-> 542, 963, 1420
223 <-> 30, 1237
224 <-> 335, 1911
225 <-> 1374, 1751
226 <-> 226, 1969
229 <-> 9427, 529, 1301
645 <-> 618
646 <-> 261, 321
648 <-> 256, 877, 1981
649 <-> 904
650 <-> 1378
656 <-> 459
657 <-> 522, 875
658 <-> 1713, 1917
659 <-> 572, 1241
660 <-> 258, 1396
661 <-> 883
663 <-> 364, 514
664 <-> 1168, 1945
669 <-> 815, 1394, 1522
77 <-> 56, 173
670 <-> 1372
671 <-> 1929, 1989
672 <-> 945
673 <-> 1760
675 <-> 565, 1805
676 <-> 697, 1036
677 <-> 397, 764
679 <-> 355, 1201
681 <-> 456, 854
682 <-> 412
683 <-> 615, 1250
684 <-> 1609
687 <-> 323, 687
688 <-> 1067, 1692
689 <-> 398, 1079
690 <-> 1485, 1995
692 <-> 692
693 <-> 1398, 1925
694 <-> 564
695 <-> 1427
699 <-> 1966
700 <-> 1682
701 <-> 1285, 1736
702 <-> 1401
703 <-> 703, 1106
704 <-> 474, 908, 1439
705 <-> 109, 1083
706 <-> 706, 1398
708 <-> 139, 1600, 1654
709 <-> 521, 1742
710 <-> 574
714 <-> 75
715 <-> 445, 815, 1231
717 <-> 830, 1738
718 <-> 578
719 <-> 1600
722 <-> 1225, 1301
725 <-> 116, 435, 1651
726 <-> 858
727 <-> 308, 557
728 <-> 1597
729 <-> 418
730 <-> 778, 947, 1162, 1253, 1625
733 <-> 1276, 1947
735 <-> 482, 1245
736 <-> 1241, 1331, 1820
737 <-> 1816
738 <-> 533
739 <-> 219
744 <-> 46
745 <-> 851
746 <-> 613, 1094, 1997
748 <-> 748
749 <-> 492, 698
750 <-> 1973
753 <-> 348, 521, 769, 1638
754 <-> 771
755 <-> 537
757 <-> 338
758 <-> 509
759 <-> 1010
760 <-> 153, 873, 1313, 1864
761 <-> 327
762 <-> 12, 53, 267, 1869
763 <-> 231, 1606
764 <-> 677, 1117
765 <-> 822, 864, 1040
766 <-> 209, 707, 798, 1649
767 <-> 767, 1445
768 <-> 1723
769 <-> 243, 753
770 <-> 1228
772 <-> 917
773 <-> 1565
774 <-> 522
775 <-> 270
776 <-> 133, 625
779 <-> 838, 869, 1545
780 <-> 576, 587, 1531
781 <-> 826, 1700
783 <-> 200, 325, 1072
784 <-> 497, 595, 1343, 1982
785 <-> 279, 1935
786 <-> 1603
787 <-> 834, 1277, 1534
788 <-> 1478
790 <-> 1342, 1464
791 <-> 553, 1344
792 <-> 1141, 1746, 1757
793 <-> 148
794 <-> 1408, 18067
795 <-> 795, 1693
796 <-> 1819
797 <-> 818, 1960
798 <-> 766, 1428
800 <-> 600
801 <-> 1228
802 <-> 1644
803 <-> 153, 806
804 <-> 40, 118, 130, 717
812 <-> 489, 582
813 <-> 1447, 1626
814 <-> 1103, 1514, 1729, 1900
816 <-> 1636
818 <-> 250, 797
819 <-> 916, 1471
820 <-> 556
821 <-> 1079, 1521, 1712
822 <-> 765, 1853
824 <-> 1533
825 <-> 166, 841, 1290, 1994
826 <-> 398, 781, 1548
827 <-> 275, 720, 827, 1403
829 <-> 12, 1998
831 <-> 1227
832 <-> 28, 1427, 1576
833 <-> 1024, 1048, 1974
835 <-> 1019
836 <-> 1480, 1589, 1682
837 <-> 1221
838 <-> 779
839 <-> 356, 874
843 <-> 123, 1419, 1661, 1678
844 <-> 1310, 1557
845 <-> 887, 1180
846 <-> 846, 1020
847 <-> 628, 933
848 <-> 1949
849 <-> 849
850 <-> 850, 965, 1537
851 <-> 745, 1414, 1541
853 <-> 209
854 <-> 681, 854, 1152
855 <-> 990
856 <-> 1686
857 <-> 1293, 1412, 1983
858 <-> 726, 1796, 1843
860 <-> 530
861 <-> 1562
863 <-> 1789
865 <-> 417, 896, 1362
868 <-> 497, 1230, 1629
870 <-> 3, 674
871 <-> 23, 1543
874 <-> 839, 1028
875 <-> 657, 1573
876 <-> 179, 876, 1703
877 <-> 648, 1676
878 <-> 1911
879 <-> 777
880 <-> 1001, 1970
882 <-> 251, 883
883 <-> 661, 882
884 <-> 1361
886 <-> 511, 1057
888 <-> 888
889 <-> 458, 830, 1370
890 <-> 572, 1715
891 <-> 891
892 <-> 1383
893 <-> 1884
894 <-> 1222
896 <-> 60, 865, 1575, 1756
897 <-> 1091
898 <-> 1805
899 <-> 587, 1949
900 <-> 903, 1147
901 <-> 901, 1648, 1888
902 <-> 1301, 1433
904 <-> 1, 649, 1497
905 <-> 258
906 <-> 319, 1927
907 <-> 1561, 1752
909 <-> 1587
910 <-> 1388, 1393
911 <-> 1713
912 <-> 1877
913 <-> 1813
914 <-> 485, 1081
915 <-> 111, 852, 1206, 1528
924 <-> 1344, 1531, 1777
926 <-> 934, 1530, 1856
927 <-> 536, 841, 1908
928 <-> 322, 1297, 1644
929 <-> 1196, 1650
932 <-> 498
933 <-> 847, 1064
935 <-> 1918
936 <-> 36, 1577
937 <-> 304
938 <-> 635, 1478, 1505
939 <-> 1279
940 <-> 1284
941 <-> 259, 406, 1458, 1542, 1986
942 <-> 1357
943 <-> 332, 1150, 1513
944 <-> 229, 1727
945 <-> 566, 672
946 <-> 499, 1239, 1301
951 <-> 1010, 1336
952 <-> 1461, 16595
53 <-> 982, 1586
955 <-> 978
956 <-> 289
957 <-> 1655
959 <-> 1352, 711
961 <-> 1765, 1824
962 <-> 1878
964 <-> 263, 740
967 <-> 408, 1605
968 <-> 129, 1203
969 <-> 365, 807
970 <-> 970
972 <-> 1723
9733 <-> 94, 925, 1821
974 <-> 286, 1870
975 <-> 1736
977 <-> 1882
979 <-> 1096, 1526
980 <-> 235, 980
981 <-> 1950
982 <-> 60, 449, 953
983 <-> 1185
984 <-> 325
986 <-> 584, 986, 1160
988 <-> 1844
992 <-> 992, 1921
994 <-> 994
997 <-> 1829
908 <-> 998
31 <-> 179, 49, 184
1000 <-> 1862
1001 <-> 880, 954, 1809
1002 <-> 1239, 1477
1003 <-> 1206, 1339, 1737
1004 <-> 1876
1005 <-> 1912
1006 <-> 499, 1377
1007 <-> 1839, 1917
1009 <-> 563, 1926
1010 <-> 94, 759, 951, 1656
1012 <-> 1538, 1894
1013 <-> 275
1014 <-> 586, 602
1015 <-> 575
1016 <-> 359
1017 <-> 1017
1018 <-> 528, 1326, 1329
1019 <-> 835, 1142
1021 <-> 1021
1022 <-> 165, 1371
1023 <-> 201, 1610
1024 <-> 87, 88, 833, 1322
1025 <-> 292, 454, 804, 1200
1026 <-> 1026
1027 <-> 1027, 1199, 1289
1030 <-> 287
1031 <-> 548, 756
1032 <-> 300, 45465, 676, 1212
1038 <-> 1034, 1490
1039 <-> 0, 1451
1041 <-> 249
1042 <-> 1791
1043 <-> 381
1044 <-> 289, 9702
1045 <-> 1334, 1985
1046 <-> 1115
1047 <-> 211, 830, 1217, 1365
1049 <-> 1049, 1876
1050 <-> 16, 1151
1051 <-> 576, 633, 1404, 1972
1052 <-> 336, 1346, 1515
1053 <-> 455
1054 <-> 1054
1055 <-> 1595
1056 <-> 618
1058 <-> 338
1059 <-> 330
1060 <-> 424, 1554
1061 <-> 1695
1062 <-> 345, 420, 14767
1063 <-> 1063
1064 <-> 933
1065 <-> 805
1066 <-> 365, 1350
1068 <-> 470
1069 <-> 1152
1070 <-> 1197, 1714
1071 <-> 1624
1073 <-> 388, 611
1074 <-> 1251
1075 <-> 464, 506
1076 <-> 1863
1077 <-> 1077
1078 <-> 130
1079 <-> 689, 821, 1189
1080 <-> 1179, 1751
1082 <-> 1917
1084 <-> 241, 1527, 1692
1086 <-> 1751
1087 <-> 343
1089 <-> 1448
1092 <-> 254, 518, 590, 1470
1095 <-> 316, 1095
1097 <-> 7097, 1294
1098 <-> 1098
1100 <-> 367, 639
1102 <-> 159, 177, 1205
1104 <-> 1138
1107 <-> 1730
1108 <-> 570, 1614
1109 <-> 284, 367
91 <-> 4, 63, 110, 68, 133
1111 <-> 634
1112 <-> 1112, 1213, 1426, 1761
1113 <-> 1425
1116 <-> 642
1120 <-> 1120
1121 <-> 1890
1122 <-> 1057, 1710
1124 <-> 698
1125 <-> 1125
1126 <-> 634, 1387, 1916
1127 <-> 40, 307, 1697
1129 <-> 1615
1130 <-> 470
1131 <-> 1093
1139 <-> 358, 551, 1212
1133 <-> 596
1134 <-> 559, 1298
1136 <-> 1136
1137 <-> 1219
1140 <-> 1221, 1591
1141 <-> 259, 297, 792, 1575, 1847
1142 <-> 291, 1019
1143 <-> 1328
1144 <-> 1402, 1823
1145 <-> 1728
1148 <-> 380, 621
1149 <-> 634, 1513
1152 <-> 854, 1437, 1528, 1609, 1764
1153 <-> 1153, 1964
1154 <-> 1419
1155 <-> 14, 1616
1159 <-> 1159, 1549, 1747
1163 <-> 434, 15176, 1814, 1900
1164 <-> 446
1165 <-> 1181
1166 <-> 214, 1529
1167 <-> 329
1170 <-> 34, 1987
1171 <-> 620
1172 <-> 268
1174 <-> 364
1175 <-> 272, 1246
1177 <-> 102, 421, 1778, 1791
1178 <-> 1804
1182 <-> 614, 1592
1183 <-> 172, 1455, 1538, 1910, 1996
1184 <-> 618
1186 <-> 484
11187 <-> 288
1188 <-> 491, 494, 6457, 1711
1190 <-> 400
1191 <-> 1403
1194 <-> 1194
1195 <-> 1193
1196 <-> 929, 1691
1197 <-> 581, 1070, 1483
1202 <-> 359
1206 <-> 368, 923, 1003
1207 <-> 228, 1802, 1833
1208 <-> 530, 1156, 1169, 1389
1210 <-> 1217, 1223
1211 <-> 1517, 1569, 1843
1214 <-> 271, 1555
1215 <-> 1746
1218 <-> 1330, 1608
1220 <-> 1673
1224 <-> 1386
1225 <-> 299, 386, 722, 1093
1228 <-> 770, 801, 1101, 1594
1229 <-> 1703
1230 <-> 868, 1397
1232 <-> 1118
1233 <-> 565
1234 <-> 1918
1235 <-> 1235
1236 <-> 1236
1240 <-> 327, 1240
1243 <-> 1755
1244 <-> 1435
1245 <-> 554, 735, 1617
1247 <-> 1337, 1739, 1954
1248 <-> 1477, 1699
1249 <-> 1249
1252 <-> 230, 1252, 1406
1253 <-> 730, 1579
1254 <-> 1449, 1452, 1896
1255 <-> 1984
1256 <-> 1256
1257 <-> 532
1260 <-> 1436
1262 <-> 259
1264 <-> 448
62 <-> 164
1265 <-> 161, 321, 1204, 1615
1266 <-> 343
1267 <-> 478
1268 <-> 1641
1269 <-> 498
1270 <-> 1584, 1640, 1721
1273 <-> 15224
1274 <-> 160, 1282
1275 <-> 1722
1277 <-> 466, 787, 1277
1278 <-> 1301, 1468
1283 <-> 940, 1652
1284 <-> 514, 1459
1285 <-> 701, 1379, 1596
1286 <-> 49, 1286, 1511
1287 <-> 577, 1882
1288 <-> 254
1292 <-> 552, 1548
1294 <-> 3097, 1619
1295 <-> 553
1301 <-> 303, 380, 643, 722, 902, 946, 1278
1302 <-> 12382
1783 <-> 1531
1784 <-> 310, 1547
1785 <-> 57, 626, 1769
1789 <-> 327, 863, 1316
1790 <-> 430, 1920
1792 <-> 633
1793 <-> 1568
1794 <-> 83, 144, 1724
1795 <-> 918
1797 <-> 480, 564, 1524
1798 <-> 624
1799 <-> 276, 389, 1550, 1815
1800 <-> 1823
1801 <-> 1272
1806 <-> 70, 371
1807 <-> 267, 1110
1810 <-> 500, 1562, 1714
1811 <-> 1504
1813 <-> 483, 913, 1813
1815 <-> 431, 1799
63 <-> 27, 65
1817 <-> 315, 1956
1818 <-> 1150, 1952
1819 <-> 796, 1644
1820 <-> 736, 1135, 1709
1821 <-> 119, 852, 973, 1868
1822 <-> 917
1825 <-> 437, 1752
1826 <-> 120, 1621
1827 <-> 1504, 1630
1828 <-> 1400
32 <-> 176
1829 <-> 997, 1829
1830 <-> 1474, 1759
1831 <-> 36, 378, 381, 1635
1834 <-> 592
1835 <-> 1610
1838 <-> 335
1841 <-> 222
1842 <-> 1523
1843 <-> 858, 1211, 1492, 1623
1845 <-> 293
1846 <-> 393, 1568, 1598, 1846
1848 <-> 1848
1849 <-> 1226
1850 <-> 519
1852 <-> 1852
1854 <-> 220, 1128, 1139, 1351
1855 <-> 1380
1856 <-> 926, 950
1857 <-> 1687
1858 <-> 1572, 1620
1859 <-> 157, 3051
1860 <-> 1851
1861 <-> 74, 630
1862 <-> 1000, 1314, 1439, 1718
1866 <-> 1331, 1866
1869 <-> 458, 762, 1281
1870 <-> 366, 974, 1566
1872 <-> 533
1873 <-> 413
1874 <-> 1469
1879 <-> 1453, 1510
1881 <-> 1671, 1881, 1887, 1902
1883 <-> 149, 392, 1340
1884 <-> 234, 571, 893
1885 <-> 1029
1886 <-> 1309
1889 <-> 116, 280, 448, 1435
1890 <-> 777, 1121, 1890
1891 <-> 192, 1726
1892 <-> 1485
1893 <-> 232
1895 <-> 111, 1741, 1919
1898 <-> 1756
1901 <-> 550, 1680
1904 <-> 358
1905 <-> 245
1906 <-> 574, 1906
1909 <-> 392
1910 <-> 1085, 1183, 1690
9912 <-> 987, 1005, 1138
1914 <-> 603, 1460
1915 <-> 59, 405
19618 <-> 495, 935, 1234, 1408, 1556
1919 <-> 1037, 1895
1922 <-> 1483
1923 <-> 1491, 1812
1926 <-> 546, 1009, 1347
1928 <-> 370, 1429, 1444
1930 <-> 1670
1931 <-> 1336
1933 <-> 463, 1180
1934 <-> 237
1935 <-> 322, 785, 1559, 1803
1937 <-> 1937
1938 <-> 397
1939 <-> 1522
1940 <-> 1466
1942 <-> 428, 1345
1943 <-> 1943
1944 <-> 1699
1946 <-> 1946
1948 <-> 1403
1950 <-> 611, 981, 1467, 1733
1951 <-> 1679
1953 <-> 1212
1955 <-> 528, 1475
1957 <-> 599
1958 <-> 26, 70, 1422, 1580
1959 <-> 1749
1961 <-> 991, 1386, 1561
1962 <-> 1519
1963 <-> 1363
1965 <-> 435
1967 <-> 1767
1969 <-> 226, 1770
1971 <-> 635, 1612
1972 <-> 1051, 1707
1975 <-> 1547
1976 <-> 872, 1310, 1565, 1637
1977 <-> 804
1978 <-> 549, 1307
1979 <-> 465
1980 <-> 1384
1983 <-> 857, 1353, 1983
1984 <-> 652, 1355
1990 <-> 1119
1991 <-> 446, 1505
1993 <-> 550
1997 <-> 376, 746
1999 <-> 1239, 1364
