153 <-> 11, 46, 29, 41, 75
400 <-> 64, 1190
401 <-> 337, 1707
402 <-> 58, 5190, 656, 698, 1261
116 <-> 185, 31, 199, 43, 197, 35, 45
118 <-> 82, 3
521 <-> 152, 612, 709, 753
522 <-> 657, 774, 1733
523 <-> 166
175 <-> 55
51 <-> 199, 158
530 <-> 860, 1208
537 <-> 74, 755, 1756
539 <-> 1771
34 <-> 90, 170, 68, 61, 56, 121, 11
186 <-> 66, 135
540 <-> 423, 1356
542 <-> 222, 1506
177 <-> 33, 142, 5, 36, 86, 53
551 <-> 1132
552 <-> 325, 1292, 1348
543 <-> 395, 1295
558 <-> 1739
559 <-> 1134
148 <-> 54, 67, 12, 95, 77, 28
561 <-> 577
78 <-> 94
144 <-> 89, 141, 13, 151, 21
114 <-> 97, 9, 93, 159, 0, 188, 59, 6
99 <-> 20, 79, 154, 149, 62, 80, 8, 176
198 <-> 160, 50, 47, 150, 32, 140
