34 <-> 11, 56, 61, 68, 90, 121, 170
114 <-> 0, 6, 9, 59, 93, 97, 159, 188
116 <-> 31, 35, 43, 45, 185, 197, 199
127 <-> 89, 117
148 <-> 12, 28, 54, 67, 77, 95
177 <-> 5, 33, 36, 53, 86, 142
88 <-> 167, 55
113 <-> 182
400 <-> 64, 1190
402 <-> 58, 656, 698, 1261, 5190
460 <-> 1696
516 <-> 516
517 <-> 174, 1665
588 <-> 192
520 <-> 655, 1434, 151
521 <-> 152, 612, 709, 753
37 <-> 129
7 <-> 120, 175, 169, 145
522 <-> 657, 774, 1733
523 <-> 166
525 <-> 1778
539 <-> 1771
542 <-> 222, 1503
91 <-> 68, 107, 8, 115, 55, 189, 99
126 <-> 183, 104
546 <-> 546, 1926
96 <-> 18
547 <-> 57, 294
549 <-> 1648, 1978
550 <-> 624, 1901, 1993
551 <-> 1132
552 <-> 325, 1292, 1348
553 <-> 791, 1295
554 <-> 76, 1245
555 <-> 470
556 <-> 331, 820, 1562
559 <-> 1134
561 <-> 577
23 <-> 155, 38, 16, 133, 163
73 <-> 71, 39
563 <-> 196, 1006
719 <-> 1850, 1966
