10 <-> 950, 10039
1 <-> 317, 904, 923
2 <-> 2
3 <-> 870
4 <-> 361
6 <-> 305, 842, 1932
7 <-> 438, 1509
154 <-> 7
8 <-> 985
9 <-> 425
10 <-> 121, 1532
11 <-> 285, 1242, 1753
12 <-> 632, 762, 829
13 <-> 662, 1429
14 <-> 215, 1155, 1523
15 <-> 43, 238, 1552
16 <-> 1050
19 <-> 1656
20 <-> 1907
21 <-> 608, 1493, 1587, 1646
22 <-> 1748, 1774
23 <-> 724, 871
24 <-> 244, 624
26 <-> 18, 490, 545, 1123, 1958
27 <-> 27
28 <-> 832, 1227
29 <-> 285
30 <-> 223, 1317, 1773
32 <-> 921
33 <-> 395, 1772
34 <-> 1170
35 <-> 471, 885, 1119
36 <-> 936, 1831
376 <-> 376
37 <-> 2632, 678, 1356, 16838
339 <-> 1481
340 <-> 55, 651
341 <-> 341, 637
342 <-> 92, 1116, 1749
343 <-> 84, 1087, 1266
345 <-> 1062
348 <-> 753
349 <-> 1602
351 <-> 437
353 <-> 242, 513
433 <-> 667, 1355
435 <-> 725, 8, 1439
706 <-> 706, 1398
