0 <-> 27, 28, 29, 30, 31, 22
1 <-> 32, 33, 34, 35, 36
2 <-> 37, 38, 12, 39, 40
3 <-> 5, 41, 42
4 <-> 43, 44, 45, 46
5 <-> 47, 48
6 <-> 49, 50, 51, 52, 53, 54, 55
7 <-> 56, 57, 58, 59
8 <-> 60, 61, 62, 49, 63, 64
9 <-> 65, 66, 67, 68, 69
10 <-> 70, 71, 72, 73, 74, 75, 36
11 <-> 76, 77, 78, 79, 80, 81
12 <-> 82, 83, 84
13 <-> 85, 86, 87, 88, 89
14 <-> 90, 91, 50, 92
15 <-> 93, 94, 68, 58, 95, 96, 72, 97
16 <-> 87, 98, 99, 100, 101, 48
17 <-> 102, 103, 104, 105
18 <-> 105, 106, 107, 82
19 <-> 21, 108, 109
20 <-> 53, 72, 88, 110, 11, 68, 111
21 <-> 112, 113, 20, 114, 22, 115, 116, 117
22 <-> 118, 119, 120, 121, 122, 123
23 <-> 124, 46, 125, 126, 106, 127, 3
24 <-> 128, 87, 129, 130
25 <-> 131, 132, 2, 133, 134, 135, 136
26 <-> 137, 138, 139, 132, 140, 141, 142, 143
