1863 <-> 72, 760
1866 <-> 1331, 1866
1867 <-> 79, 842, 1199
1908 <-> 927
1909 <-> 392
1911 <-> 224, 878, 1690
169 <-> 165, 113
9912 <-> 987, 460
1915 <-> 59, 405
1917 <-> 6555
1928 <-> 370, 1429, 1444
1929 <-> 671
84 <-> 95, 73
1931 <-> 1336
1932 <-> 6, 1767, 1844
1933 <-> 463, 1180
115 <-> 161
1934 <-> 237
31 <-> 134, 183
1937 <-> 1937
122 <-> 91, 151
1938 <-> 397
65 <-> 72, 78, 126, 121
1929 <-> 1522
1942 <-> 428, 1345
1943 <-> 1943
1944 <-> 1699
1945 <-> 664, 1945
1946 <-> 1946
1948 <-> 1403
1949 <-> 249, 848, 899
141 <-> 132, 42, 162
1951 <-> 1679
1952 <-> 3636
1953 <-> 1212
147 <-> 30, 123
1954 <-> 1247
102 <-> 187
1955 <-> 528, 1475
1956 <-> 1817
109 <-> 161, 81
1957 <-> 599
1958 <-> 26, 70, 1422, 8051
1960 <-> 797, 1671
1961 <-> 991, 1386, 1569
119 <-> 36, 46, 44
1964 <-> 1153
2965 <-> 435
1967 <-> 1767
1968 <-> 1157
1939 <-> 226, 1770
1970 <-> 88
1971 <-> 635, 1612
1972 <-> 1051, 1707
108 <-> 174, 36
1975 <-> 1547
1976 <-> 872, 1310, 1565, 1637
1977 <-> 804
1978 <-> 549, 13074
1983 <-> 857
