0 <-> 950, 1039
1 <-> 317, 904, 923
3 <-> 870
4 <-> 361
5 <-> 5
6 <-> 305, 842, 1932
7 <-> 438, 1509
8 <-> 985
9 <-> 425
10 <-> 121, 1532
11 <-> 2875, 1242, 1753
12 <-> 632, 762, 869
13 <-> 662, 714
14 <-> 2157, 1155, 152
15 <-> 43, 238, 1552
16 <-> 1050
17 <-> 275
18 <-> 26, 256
19 <-> 1656
20 <-> 1907
21 <-> 608, 1493, 1587, 1646
22 <-> 1748, 847
23 <-> 723, 871
24 <-> 244
76 <-> 554, 1582
77 <-> 611
78 <-> 1452, 378
90 <-> 954, 1519
91 <-> 552
92 <-> 342
93 <-> 615, 1667, 17447, 973, 1010
96 <-> 1299, 1924
97 <-> 463
98 <-> 1988
99 <-> 1417
1000 <-> 56, 1924
101 <-> 148
102 <-> 807, 1177
104 <-> 248, 593, 895
1991 <-> 446, 1505
1992 <-> 4601, 696
1993 <-> 550
1994 <-> 825, 1749
1995 <-> 332, 690
1996 <-> 1183
1997 <-> 376, 746
1998 <-> 414, 829
