8 <-> 985
72 <-> 391, 1863
74 <-> 537, 1861
3 <-> 870
63 <-> 1423, 1484
75 <-> 138, 714
335 <-> 223
68 <-> 1597
59 <-> 1620, 1915
83 <-> 734, 1794
25 <-> 25
334 <-> 365
67 <-> 1390, 1535
163 <-> 2, 94
1998 <-> 414, 829
9 <-> 425
1 <-> 317, 904, 923
22 <-> 1748, 1774
331 <-> 556
57 <-> 547, 1417, 1501, 1785
26 <-> 122
5 <-> 5
77 <-> 611
56 <-> 100, 720
79 <-> 86
76 <-> 554, 1582
330 <-> 595, 1059
81 <-> 81, 315
70 <-> 173, 527, 743, 1806, 1479
61 <-> 61, 1666
64 <-> 64, 400
73 <-> 73, 1571
82 <-> 1420, 1865
329 <-> 1167, 1569
323 <-> 687
66 <-> 1437
41 <-> 102, 87, 5, 180
78 <-> 1452, 1706, 1804
333 <-> 732
23 <-> 723, 871
24 <-> 244, 624
322 <-> 928, 1935
328 <-> 207, 276
60 <-> 896, 982
324 <-> 324
84 <-> 84, 347
7 <-> 438, 1509
11 <-> 285, 1242, 1753
325 <-> 552, 783, 984
21 <-> 608, 1493, 1587, 1646
4 <-> 361
0 <-> 950, 1039
326 <-> 512
59 <-> 183, 165, 72
1999 <-> 1239, 1364
65 <-> 1323
