0 <-> 753, 325, 754
1 <-> 1
2 <-> 755
3 <-> 3
4 <-> 756, 757, 695
5 <-> 758, 759
6 <-> 760
7 <-> 761
8 <-> 762, 763
9 <-> 764, 765, 766
10 <-> 767, 768, 281
11 <-> 769, 770
12 <-> 771, 485, 772
13 <-> 32, 773, 774
14 <-> 775
15 <-> 776
16 <-> 777, 778, 779, 780
17 <-> 781, 782
18 <-> 783, 784
19 <-> 785, 786, 787, 788, 713
20 <-> 20
21 <-> 764
22 <-> 789, 790, 791
23 <-> 792
23 <-> 793, 87
24 <-> 794
25 <-> 795, 796
26 <-> 797
27 <-> 798, 799, 800
28 <-> 801, 802, 803, 804, 805
29 <-> 806
30 <-> 807
31 <-> 808, 809
32 <-> 13, 810, 811
33 <-> 812, 813, 814
34 <-> 815, 311, 816
35 <-> 35, 817
36 <-> 303, 818, 819
37 <-> 820
38 <-> 821, 822, 823
39 <-> 824
40 <-> 40
41 <-> 825, 683
42 <-> 826, 827, 828, 829
43 <-> 821, 830, 831
44 <-> 44, 832
45 <-> 833, 834
46 <-> 46, 835
47 <-> 836
48 <-> 837
49 <-> 838, 839
50 <-> 840
51 <-> 841
52 <-> 114, 842, 843, 606, 713
53 <-> 844, 845, 846
54 <-> 54, 847
55 <-> 848, 849
56 <-> 850
57 <-> 851, 852, 853
58 <-> 854
59 <-> 855, 856
60 <-> 60, 857
61 <-> 858, 859
62 <-> 860, 861
63 <-> 862
64 <-> 863, 398, 864, 865, 866
65 <-> 867, 401
66 <-> 868
67 <-> 869, 870
68 <-> 871
69 <-> 872
70 <-> 873, 874, 875
72 <-> 72
73 <-> 876
75 <-> 75
76 <-> 877, 878, 879
77 <-> 84, 880
78 <-> 881, 882, 883
80 <-> 884
81 <-> 885, 886
82 <-> 887, 672
83 <-> 83, 888, 889
84 <-> 77, 890, 891
85 <-> 892, 893
86 <-> 94, 894, 266
87 <-> 895, 763
88 <-> 88
89 <-> 89
90 <-> 90
91 <-> 858, 896
92 <-> 246, 897
93 <-> 93, 898
94 <-> 899, 114
95 <-> 900, 901, 902, 903
96 <-> 904, 905
97 <-> 906
98 <-> 149, 907, 502, 908
99 <-> 909, 910, 598
100 <-> 100, 911
101 <-> 101
102 <-> 912, 229, 913, 914, 915
103 <-> 916, 917
104 <-> 918, 919, 920, 921
105 <-> 922
106 <-> 923
107 <-> 473, 924, 925
108 <-> 926, 927, 650
109 <-> 928, 929
110 <-> 110, 930, 931
111 <-> 932, 933, 934
112 <-> 112, 935, 936, 937, 558
113 <-> 938
114 <-> 52, 939
115 <-> 940, 941
116 <-> 942
117 <-> 943, 944, 204, 945, 946
118 <-> 947, 451
119 <-> 948, 949, 950
120 <-> 951
121 <-> 952
122 <-> 953, 954
123 <-> 955, 956, 957
124 <-> 124
125 <-> 958, 959
126 <-> 960
127 <-> 961, 962, 963, 964
128 <-> 965
129 <-> 966, 967, 968
130 <-> 969
131 <-> 131, 970
132 <-> 971
133 <-> 99, 972
133 <-> 973, 974, 659
134 <-> 975
135 <-> 976
136 <-> 977
137 <-> 137, 397
138 <-> 978, 979
139 <-> 980, 981
140 <-> 982, 967, 983
141 <-> 984, 985
142 <-> 986
143 <-> 987, 238, 988
144 <-> 989
145 <-> 412, 990
146 <-> 991
147 <-> 992
148 <-> 148, 993, 492, 994, 995
149 <-> 98, 996, 997
150 <-> 998
151 <-> 999, 1000
152 <-> 1001, 1002, 523
153 <-> 1003, 1004
154 <-> 1005, 1006, 858
155 <-> 1007, 1008
156 <-> 1009, 995
157 <-> 1010, 1011
158 <-> 1012, 586, 1013
159 <-> 1014
160 <-> 1015, 1016
161 <-> 1017
162 <-> 1018, 309, 975
163 <-> 1019
164 <-> 825
165 <-> 1020, 1021
166 <-> 1022, 917
167 <-> 167
168 <-> 1023, 1024
169 <-> 958
170 <-> 1025, 1026
171 <-> 1027, 542
172 <-> 1028, 1029
173 <-> 1030, 1031
174 <-> 1032, 1033
175 <-> 1034
176 <-> 1035
177 <-> 1036, 1024, 1037
178 <-> 1038
179 <-> 1039
180 <-> 1040
181 <-> 305, 1041
182 <-> 1042, 1043
183 <-> 1044, 1045
184 <-> 1046, 1047
185 <-> 1048
186 <-> 1049
187 <-> 981
188 <-> 1050, 188
189 <-> 1051, 1052
190 <-> 1053, 1054
191 <-> 191
192 <-> 1055, 856
193 <-> 1056
194 <-> 1057
195 <-> 1058, 1059, 1060
196 <-> 1061
197 <-> 1062
198 <-> 1063
199 <-> 199, 1064
200 <-> 1065, 1066, 1067
201 <-> 201, 1055
202 <-> 1068, 1069
203 <-> 1070
204 <-> 117
28 <-> 21, 133, 79, 1071, 49, 1072, 129
205 <-> 1073, 1074
206 <-> 1075
207 <-> 1076
208 <-> 1077
209 <-> 1078, 279
210 <-> 1079, 487, 1080, 1081
211 <-> 1082, 211
212 <-> 1083, 1084
213 <-> 1085, 1086, 1087
214 <-> 1088, 1089
215 <-> 840
216 <-> 1090
217 <-> 1091, 1092, 489, 552, 1093
218 <-> 1094
219 <-> 1095, 1096
220 <-> 1097, 1098
221 <-> 1099, 545
222 <-> 1100
223 <-> 223
224 <-> 1101
225 <-> 1102, 1103, 1104
226 <-> 71, 1105, 1106
227 <-> 227
228 <-> 1107, 1108
229 <-> 102, 1109
230 <-> 1110, 1111, 1112, 1113
231 <-> 1114, 1068, 1115, 1116
232 <-> 1117
233 <-> 1118
234 <-> 105, 1119, 1120, 1121
235 <-> 1122
236 <-> 1123, 983
237 <-> 1124, 301, 1125
238 <-> 143, 1126, 262, 1127
239 <-> 239, 1128
240 <-> 968
241 <-> 868, 1129
242 <-> 1130
243 <-> 1131
244 <-> 1132
245 <-> 863
246 <-> 1133, 1134
247 <-> 1072, 1135, 1136, 668
248 <-> 1137, 1094, 1138
249 <-> 1139, 1140, 1141
250 <-> 278, 1142
251 <-> 1143, 1144, 1145
252 <-> 812, 1146, 1147, 1148
253 <-> 1149, 697
254 <-> 915
255 <-> 1150, 1151, 1152
256 <-> 1153
257 <-> 257, 1154
258 <-> 1014, 1155
259 <-> 1156, 1157
260 <-> 475, 1158, 1159
261 <-> 261, 1160
262 <-> 238, 1161
263 <-> 1162
264 <-> 1163
265 <-> 1164, 1165
266 <-> 1166, 86, 815, 1167
267 <-> 1168, 979
268 <-> 1169, 1170
269 <-> 1171, 1172, 1173, 1174
270 <-> 1175
271 <-> 271
272 <-> 986, 1176
273 <-> 1177, 1178
274 <-> 1179
275 <-> 1054, 1180, 1181
276 <-> 276
277 <-> 1182
278 <-> 1053, 250, 1183
279 <-> 775, 209, 279, 1184
280 <-> 1185, 1186
281 <-> 10, 1187
282 <-> 1188, 1189, 412
283 <-> 1190
284 <-> 1191, 1057, 1192
285 <-> 1193
286 <-> 1194, 1195, 1062
287 <-> 1196, 307
288 <-> 937, 335
289 <-> 1197, 1198, 1199, 1200
290 <-> 1201, 883
291 <-> 982, 1202
292 <-> 1203
293 <-> 293
294 <-> 294, 1204, 1205
295 <-> 1206, 1207, 864
296 <-> 1208
297 <-> 1209, 1210, 731
298 <-> 1211, 1212, 636
299 <-> 1058
300 <-> 1213
301 <-> 1214, 237, 1215
302 <-> 1216, 1217, 1218
303 <-> 36
304 <-> 1219, 536, 1220
305 <-> 1221, 181
306 <-> 1082, 1222
307 <-> 287, 1223
308 <-> 1224, 1225
309 <-> 162, 1226
310 <-> 1008
312 <-> 1227, 313
313 <-> 1228, 312
314 <-> 1229
315 <-> 1230, 421
316 <-> 316
317 <-> 1231, 1232
318 <-> 318
319 <-> 1233
320 <-> 1234
321 <-> 1140, 1203
322 <-> 1235, 1236
323 <-> 323, 1237, 922
325 <-> 0, 1238, 1239
326 <-> 1240, 1241
327 <-> 1242
328 <-> 1243, 1244
329 <-> 1025
330 <-> 1245
331 <-> 1246, 1247
332 <-> 82, 1248, 520, 1249
333 <-> 1157, 1141, 1250
334 <-> 339, 1251, 647
335 <-> 1252, 288, 1253
336 <-> 1254, 1255, 1163
337 <-> 516, 1256
338 <-> 1257
339 <-> 334, 1258
340 <-> 1259, 1260
341 <-> 1261
342 <-> 942, 1153, 1262
343 <-> 577
344 <-> 1263, 1264, 1265, 1266, 1267
345 <-> 1268
346 <-> 158, 1269
347 <-> 1270
348 <-> 1126
349 <-> 1271, 1272
350 <-> 1273
351 <-> 1274
352 <-> 1275
353 <-> 807
354 <-> 1276, 833
355 <-> 1277, 1278
356 <-> 801, 938
357 <-> 1279, 1280
358 <-> 807, 1281
359 <-> 359
360 <-> 1282, 1007
361 <-> 968
362 <-> 71, 1283, 617
363 <-> 1284, 1285
364 <-> 1286
365 <-> 365
366 <-> 1287, 1288
367 <-> 1289, 367
368 <-> 1290, 1291, 1292
369 <-> 1293
370 <-> 1294
371 <-> 1295, 371, 1296
372 <-> 1297, 1178, 1298
373 <-> 1299, 373
374 <-> 374, 1300
375 <-> 375
376 <-> 376
377 <-> 1301, 377, 1302
378 <-> 378
379 <-> 1303
380 <-> 1304, 869, 1305
381 <-> 1306, 1307
382 <-> 520, 1308, 1309
383 <-> 1310, 1311
384 <-> 1312
385 <-> 1313, 689
386 <-> 71, 1314, 1315, 776
387 <-> 1316, 1317
388 <-> 775
389 <-> 1318, 998
390 <-> 1319
391 <-> 1320
392 <-> 392
393 <-> 1321, 1322, 1323
394 <-> 1324, 1325
395 <-> 395
396 <-> 1326, 1327
397 <-> 137, 1328
398 <-> 64, 65, 1329, 1330
399 <-> 1331, 822, 266, 1332
400 <-> 400
401 <-> 401, 1333, 1334
402 <-> 1335, 402, 1336
403 <-> 1337
404 <-> 1338, 1339
405 <-> 1340, 1061, 525, 1341
406 <-> 1342, 1343
407 <-> 1344, 1345
408 <-> 1346, 1347
409 <-> 1348
410 <-> 1274, 1349
411 <-> 1350
412 <-> 145, 282, 1351, 1352
413 <-> 1329
414 <-> 1353, 1354
415 <-> 1139, 1355, 1356, 724
416 <-> 1357, 1358, 1359
417 <-> 943
418 <-> 418
419 <-> 1360
420 <-> 1361
421 <-> 1362, 1363, 1364
422 <-> 1118
423 <-> 1365
424 <-> 1366, 1363
425 <-> 908
426 <-> 1367, 1368, 1369
427 <-> 427
428 <-> 1202
429 <-> 1370
430 <-> 807, 1371
431 <-> 1372
432 <-> 1373
433 <-> 1374
434 <-> 1375, 850
435 <-> 1376, 1377
436 <-> 436
437 <-> 815
438 <-> 1378, 995
439 <-> 1026
440 <-> 1379, 1380, 1052
441 <-> 682
442 <-> 995
443 <-> 1381
444 <-> 582
445 <-> 1382
446 <-> 1383, 1384, 1385, 1386
447 <-> 1387, 447
448 <-> 448
449 <-> 961, 1388
450 <-> 120, 83, 29, 1389, 1326, 49
451 <-> 1390, 118, 1391
452 <-> 1392
453 <-> 1393, 1394
454 <-> 1395, 961
455 <-> 1396
456 <-> 456, 1397, 1398, 1399
457 <-> 1093
458 <-> 1400
459 <-> 1043
460 <-> 1344, 1401, 1040
461 <-> 461
462 <-> 1108
463 <-> 463
464 <-> 1396, 1402, 1403
465 <-> 1166, 1404, 1405
466 <-> 1406
467 <-> 1372
468 <-> 1407
469 <-> 1408, 1409, 525
470 <-> 1410
471 <-> 1411, 584
472 <-> 472
473 <-> 107, 1076, 1412, 1298
474 <-> 530, 1413
475 <-> 1263, 1414, 260, 1415, 1416
476 <-> 1417, 1193
477 <-> 1418
478 <-> 1419, 619
479 <-> 1420
480 <-> 1421, 1422
481 <-> 1396, 1423
482 <-> 1424, 614
483 <-> 1047, 837, 1249, 1049, 1425
484 <-> 1198
485 <-> 12, 1426
486 <-> 1427, 522
487 <-> 1428, 863, 210, 1429
488 <-> 488, 1430, 1431
489 <-> 217, 1432, 1077
490 <-> 1433, 499, 612, 1434
491 <-> 1435
492 <-> 148, 1436
493 <-> 1437
494 <-> 1130, 522
495 <-> 1438
496 <-> 1439
497 <-> 1030
498 <-> 1440, 1441
499 <-> 1442, 490
500 <-> 1443, 1444, 1445, 1446
501 <-> 853
502 <-> 98, 1447, 1448
503 <-> 1449, 1450, 1266
504 <-> 1003, 1451
505 <-> 1452, 1453, 1316, 682, 1454
506 <-> 1455
507 <-> 1456
508 <-> 1457
509 <-> 1458, 1459, 1460, 1461
510 <-> 1054
511 <-> 835
512 <-> 1184
513 <-> 1072, 1462
514 <-> 514
515 <-> 974
516 <-> 337, 1463
517 <-> 1464, 1465, 1466
518 <-> 1320
519 <-> 1375, 1467
520 <-> 1468, 754, 382
521 <-> 1469, 604, 1470
522 <-> 1213, 486, 494, 1471
523 <-> 152, 1472
524 <-> 1473, 1474, 636
525 <-> 1475, 469, 1220, 1476
526 <-> 1477, 1478
527 <-> 1479, 1480
528 <-> 1481, 1482
529 <-> 1483
530 <-> 1484, 1485, 474
531 <-> 1486, 1487, 1067
532 <-> 1488
533 <-> 1489, 1490, 1491, 1407
534 <-> 1492, 1493, 1494, 1495
535 <-> 1496
537 <-> 1498, 587
538 <-> 1499
539 <-> 539
540 <-> 540
541 <-> 1500, 1373
542 <-> 171, 1501
543 <-> 1502
544 <-> 1503
545 <-> 848, 221, 1504
546 <-> 1505, 1506, 1507
547 <-> 1307, 1508
548 <-> 548
549 <-> 0
550 <-> 1509, 550, 1510
551 <-> 1511, 551, 1512
552 <-> 217, 1513
553 <-> 1514, 851, 673
554 <-> 1021
555 <-> 555
556 <-> 909
557 <-> 852
558 <-> 112, 1515
559 <-> 1516
560 <-> 958
561 <-> 1263
562 <-> 1517
563 <-> 1518
564 <-> 1519, 1016, 1520, 1406
565 <-> 1381
566 <-> 1521
93 <-> 73, 188, 125, 155, 83, 74, 71
567 <-> 1510
568 <-> 1257
569 <-> 1522, 1523, 1524
570 <-> 1525
571 <-> 1519, 1526
572 <-> 1527
573 <-> 586, 1528
574 <-> 1529, 1530
575 <-> 1531, 1532
576 <-> 343, 1533
577 <-> 1031, 1534
578 <-> 1535, 1536, 1537
579 <-> 450, 579, 1538
580 <-> 1539, 664
581 <-> 1383
582 <-> 1540, 1183
583 <-> 1541, 1542
584 <-> 1372, 471, 1034, 1543
585 <-> 1544, 1545, 803
586 <-> 1546, 1421, 1547, 1491, 324, 1548, 573
587 <-> 1549
588 <-> 199
589 <-> 379, 1550, 1067, 1551
590 <-> 1552, 1553
591 <-> 42, 1554, 1555
592 <-> 1531, 966
593 <-> 1122, 1556, 1557
594 <-> 1558, 1559
595 <-> 1560, 500
596 <-> 1355
597 <-> 1561
598 <-> 62, 99, 1562
599 <-> 1563
600 <-> 1564, 1056, 960
601 <-> 784
602 <-> 871, 1565, 1566, 1567
603 <-> 1568
604 <-> 1569, 521
605 <-> 1570, 1571
606 <-> 52, 1572
607 <-> 1573, 1574
608 <-> 933, 1575, 1576
609 <-> 1577
610 <-> 1578
611 <-> 1579, 1580, 611
612 <-> 1581
613 <-> 1279, 1582
614 <-> 482, 1583
615 <-> 1584, 1163
616 <-> 1501, 1585, 1586
617 <-> 1587, 1248, 362, 1588
618 <-> 1130
619 <-> 478, 1589, 1590
620 <-> 1591, 1241
621 <-> 1592, 1593
622 <-> 1577, 819
623 <-> 1594
624 <-> 1595, 624
625 <-> 1596, 1597
626 <-> 1259, 868, 1348, 1598
627 <-> 1086
628 <-> 1599
629 <-> 1328
630 <-> 1600, 1197
631 <-> 1007
632 <-> 1601
633 <-> 1527
634 <-> 154
635 <-> 772
636 <-> 298, 524, 1602, 1603
637 <-> 1604, 695
638 <-> 932
639 <-> 844, 1561, 1605, 639
640 <-> 1416
641 <-> 1606
642 <-> 1607
643 <-> 1608, 1609
644 <-> 644
645 <-> 1124, 1586
646 <-> 1610, 1611, 1612, 967
647 <-> 334, 1613
648 <-> 1614
649 <-> 1615, 1616
650 <-> 108, 1617
651 <-> 1618, 1619
652 <-> 1620, 1621
653 <-> 1622, 653
654 <-> 1623, 1307
655 <-> 1624, 768, 1625
656 <-> 1100
657 <-> 8055
658 <-> 1626
659 <-> 133, 1627
660 <-> 1628, 1629
661 <-> 1630, 862, 1553
662 <-> 1631, 1632
663 <-> 1633, 663, 1634, 1635
664 <-> 1636, 1637, 580, 1638
665 <-> 1639, 1231, 1640
666 <-> 1641
667 <-> 1085, 1642, 1518, 1503
668 <-> 247, 1643, 668
669 <-> 1644, 1645
670 <-> 1646
671 <-> 1647
672 <-> 82, 1648, 1343
673 <-> 553, 1649
674 <-> 1650
675 <-> 1441, 884
676 <-> 1651, 846
677 <-> 1408
678 <-> 1652
679 <-> 1070, 1653
680 <-> 1654, 916, 757, 1655
681 <-> 1656
682 <-> 441, 505, 1657
683 <-> 41, 1019, 1658
684 <-> 1659, 1660
685 <-> 1661, 1662
686 <-> 1663, 1664, 1665, 1666, 1667
687 <-> 1466
688 <-> 1544, 1071
689 <-> 1668, 385, 1669
690 <-> 1670, 1478
691 <-> 1671, 770, 1672
692 <-> 1673
693 <-> 1674
694 <-> 1675
695 <-> 4, 1676, 637
696 <-> 1677
697 <-> 1254, 253, 1678, 1679
698 <-> 698
699 <-> 1042
700 <-> 1037
701 <-> 1680
702 <-> 1681
703 <-> 1682, 1683
704 <-> 704
705 <-> 1508
706 <-> 706
707 <-> 1184
708 <-> 850, 1684, 1685, 1686
709 <-> 1687
710 <-> 1321, 1688
711 <-> 1689
712 <-> 1517
713 <-> 19, 52, 1690, 1691
714 <-> 1692
715 <-> 1176, 1633
716 <-> 1693, 945, 1240
717 <-> 870
718 <-> 1694
719 <-> 1086
720 <-> 1695, 1607, 1696
721 <-> 1697, 1698
722 <-> 1304
723 <-> 942, 1699
724 <-> 415, 1700
725 <-> 1701, 1266
726 <-> 1553
727 <-> 1702, 1201, 1131, 1703
728 <-> 1704, 1705
729 <-> 1706
730 <-> 1707
731 <-> 297, 1708, 731
732 <-> 1709
733 <-> 797, 1625
734 <-> 1710, 1711, 734
735 <-> 1312, 1673
736 <-> 800
737 <-> 1435, 1262
738 <-> 1651
739 <-> 937, 1692
740 <-> 1712, 1713
741 <-> 1306, 1714
742 <-> 1298
743 <-> 83, 1715
744 <-> 282, 1716
745 <-> 10, 1717, 1573, 655
746 <-> 372, 1718, 473
747 <-> 1719, 610
748 <-> 1720, 602
749 <-> 1721, 363, 1722
750 <-> 1723, 1656, 1724
751 <-> 1725, 257
752 <-> 1726, 234, 265, 1727
