1 <-> 317, 904, 923
2 <-> 2
3 <-> 870
4 <-> 361
5 <-> 5
6 <-> 305, 842, 1932
7 <-> 438, 1509
8 <-> 985
9 <-> 425
10 <-> 950, 1039
10 <-> 121, 1532
11 <-> 285, 1242, 1753
12 <-> 632, 762, 829
13 <-> 662, 1429
14 <-> 215, 1110, 1523
16 <-> 1050
17 <-> 275
19 <-> 1656
20 <-> 1907
21 <-> 608, 1493, 1587, 1646
22 <-> 1748, 11774
23 <-> 723, 871
24 <-> 244, 624
25 <-> 25
26 <-> 18, 490, 545, 1123, 1958
27 <-> 27
28 <-> 832, 1227
30 <-> 223, 1317, 1773
31 <-> 283
32 <-> 921
33 <-> 395, 1772
34 <-> 1170
35 <-> 471, 885, 1119
36 <-> 936, 1831
37 <-> 263, 678, 1356, 1683, 1714
38 <-> 1238
39 <-> 167
40 <-> 804, 1127, 1419
41 <-> 365
42 <-> 1632, 1788
43 <-> 15, 403, 866
44 <-> 497, 503, 1305
45 <-> 130, 881, 1158
46 <-> 46, 744
47 <-> 867, 1391, 1630
48 <-> 48, 1363
49 <-> 1286
50 <-> 1687, 1966
52 <-> 1647
53 <-> 762
54 <-> 54
57 <-> 547, 1417, 1501, 1785
62 <-> 1157
63 <-> 1423, 1484
64 <-> 64, 400
65 <-> 1323
66 <-> 1437
67 <-> 1390, 1535
68 <-> 1597
69 <-> 414
70 <-> 173, 527, 743, 1806, 1958
71 <-> 393, 1185, 1680
72 <-> 391, 1863
73 <-> 73, 1571
74 <-> 537, 1861
76 <-> 554, 1582
77 <-> 611
78 <-> 1452, 1706, 1804
79 <-> 1618
80 <-> 290, 1925
81 <-> 81, 315
82 <-> 1421, 1865
83 <-> 734, 1794
84 <-> 84, 343, 948
85 <-> 1161
86 <-> 971
87 <-> 270, 1024, 1541, 1688, 1903
88 <-> 931, 1024
90 <-> 954, 1519
91 <-> 276
92 <-> 342
93 <-> 615, 1667, 1745
94 <-> 747, 973, 1010
95 <-> 95
97 <-> 463
98 <-> 1988
100 <-> 56, 1924
102 <-> 807, 1177
103 <-> 103
104 <-> 248, 593, 895
105 <-> 113, 1090
106 <-> 410, 1114, 1557
107 <-> 107
108 <-> 1367
109 <-> 416, 705
110 <-> 1296, 1837
111 <-> 311, 1895
112 <-> 112, 668, 1720
113 <-> 105, 629, 1786
114 <-> 1221
116 <-> 368, 725, 5889
117 <-> 567, 1502
118 <-> 131, 461, 804
119 <-> 915, 1821
120 <-> 1342, 1826
123 <-> 843, 1837
124 <-> 124
125 <-> 1679
126 <-> 126
127 <-> 1777, 1836
128 <-> 128
129 <-> 968
130 <-> 45, 251, 804, 1078
132 <-> 1420, 1498
133 <-> 776, 1300
134 <-> 134, 467
135 <-> 1176
136 <-> 118, 1509
138 <-> 51, 58, 75
139 <-> 680, 708, 1717, 1808
140 <-> 445, 1732
141 <-> 441
142 <-> 1280, 1787
143 <-> 216, 468, 1180, 1695
144 <-> 532, 996, 1794
145 <-> 145, 507
146 <-> 146
147 <-> 1871
148 <-> 101, 751, 793, 1601, 1603
149 <-> 1401, 1883
151 <-> 115, 205, 496, 535
152 <-> 521, 1037
153 <-> 298, 760, 803, 1664
154 <-> 1888
155 <-> 1524
156 <-> 1138, 1146, 1335
157 <-> 1373, 1771, 1859
158 <-> 1020
159 <-> 1102
160 <-> 1265, 1274, 1660
161 <-> 1602, 1936
162 <-> 162, 171, 1173
189 <-> 0
163 <-> 293, 500, 960
164 <-> 777, 1147, 1192
165 <-> 1022, 1377
166 <-> 166, 508, 523, 825, 1259
169 <-> 740
172 <-> 1183
173 <-> 70, 295
174 <-> 517, 573
175 <-> 635
176 <-> 455, 457, 712, 1386, 16339
177 <-> 638, 1102
178 <-> 1802
180 <-> 588
181 <-> 367, 1219
182 <-> 1370
183 <-> 799, 1489
184 <-> 377, 1415, 1642
185 <-> 185
1870 <-> 1524
188 <-> 367, 686, 930, 1643
190 <-> 1312, 1351, 1723
191 <-> 375
192 <-> 989, 1088, 1096, 1891
193 <-> 194, 1405
194 <-> 1974
195 <-> 439, 1193, 1875
196 <-> 563
197 <-> 1981
198 <-> 1385
199 <-> 471
201 <-> 201, 1023
202 <-> 399, 582
203 <-> 318, 1011
204 <-> 628, 1351, 1606
206 <-> 653
207 <-> 137, 328
209 <-> 357, 766, 853
210 <-> 810
211 <-> 1047, 1754
212 <-> 601
213 <-> 1660
214 <-> 214, 282, 1166, 1341, 1751
216 <-> 143, 1481, 1897
217 <-> 602
218 <-> 1325, 1581
219 <-> 426, 739, 1209
220 <-> 1854
221 <-> 614, 811
222 <-> 542, 963, 1420
223 <-> 30, 1237
224 <-> 335, 1911
225 <-> 1374, 1751
226 <-> 226, 1969
227 <-> 274, 966
228 <-> 230, 1207, 1739
229 <-> 944, 978, 1567
230 <-> 228, 273, 277, 1252
231 <-> 419, 763, 1579
232 <-> 232, 1893
233 <-> 436, 747
234 <-> 1884
235 <-> 980, 1694
236 <-> 236
237 <-> 1468, 1934
238 <-> 15
239 <-> 239, 362
240 <-> 396
241 <-> 1084, 1634
242 <-> 353
243 <-> 769, 1455
245 <-> 1528, 1605, 1905
246 <-> 1327
247 <-> 1457, 1550
249 <-> 987, 1041, 1949
250 <-> 208, 818
251 <-> 130, 484, 882
252 <-> 619, 1709
253 <-> 616
254 <-> 1092, 1288, 1328
255 <-> 1392
257 <-> 360, 581, 1658
258 <-> 660, 905
259 <-> 287, 941, 1141, 1262
260 <-> 919
261 <-> 261, 425, 526, 646
262 <-> 418, 634
264 <-> 484, 618
265 <-> 486
648 <-> 256, 877, 1981
650 <-> 1378
651 <-> 340
652 <-> 562, 1984
654 <-> 654
655 <-> 520, 1394
657 <-> 522, 875
658 <-> 1713, 1917
659 <-> 572, 1241
660 <-> 258, 1396
661 <-> 883
663 <-> 364, 514
665 <-> 1462
668 <-> 112, 1553
670 <-> 1372
671 <-> 1929, 1989
672 <-> 945
673 <-> 1760
675 <-> 565, 1805
677 <-> 397, 764
679 <-> 355, 1201
681 <-> 456, 854
682 <-> 412
683 <-> 615, 1250
684 <-> 1609
685 <-> 1011
687 <-> 323, 687
688 <-> 1067, 1692
689 <-> 398, 1079
690 <-> 1485, 1995
691 <-> 691
692 <-> 692
693 <-> 1398, 1925
694 <-> 564
695 <-> 1427
696 <-> 170, 666, 1992
697 <-> 676
698 <-> 459, 749, 1124
699 <-> 1966
700 <-> 1682
701 <-> 1285, 1736
702 <-> 1401
703 <-> 703, 1106
704 <-> 474, 908, 1439
708 <-> 139, 1600, 1654
709 <-> 521, 1742
710 <-> 574
711 <-> 811
713 <-> 1512, 1586
714 <-> 75
715 <-> 445, 815, 1231
716 <-> 1659
717 <-> 830, 1738
718 <-> 578
719 <-> 1600
720 <-> 56, 827
721 <-> 350, 1157, 1271, 1716
722 <-> 1225, 1301
724 <-> 302, 1333
725 <-> 116, 435, 1651
726 <-> 858
727 <-> 308, 557
728 <-> 1597
70 <-> 61, 186
730 <-> 778, 947, 1162, 1253, 1425
777 <-> 164, 462, 879, 1890
779 <-> 838, 869, 1545
780 <-> 576, 587, 1531
781 <-> 826, 1700
782 <-> 432, 569, 583
783 <-> 200, 325, 1072
785 <-> 279, 1935
786 <-> 1603
787 <-> 834, 1277, 1534
788 <-> 1478
789 <-> 789, 1871
790 <-> 1342, 1464
791 <-> 553, 1344
794 <-> 1408
