0 <-> 263, 264, 265
1 <-> 1
2 <-> 266
3 <-> 267
4 <-> 4
5 <-> 268, 269, 270
6 <-> 271
7 <-> 272, 273
8 <-> 274, 275, 276
9 <-> 277, 278
10 <-> 279, 280, 281
11 <-> 282
12 <-> 283
13 <-> 284
14 <-> 285
15 <-> 286, 287, 288, 289
16 <-> 290, 291
17 <-> 292, 293
18 <-> 294, 295
19 <-> 19
20 <-> 20
21 <-> 296, 297
22 <-> 298, 299, 300
23 <-> 301
24 <-> 302
25 <-> 303, 304
26 <-> 305
27 <-> 306, 307
28 <-> 308, 309, 310, 311, 312
29 <-> 313
30 <-> 314
32 <-> 318
33 <-> 319, 320
34 <-> 321, 322, 323
35 <-> 35, 324
36 <-> 325, 326, 327
37 <-> 37, 328
38 <-> 329
39 <-> 330, 331
40 <-> 332
41 <-> 333
42 <-> 42
43 <-> 334, 335, 336, 337
44 <-> 338
45 <-> 45, 339
46 <-> 340
47 <-> 341
48 <-> 342, 343
49 <-> 344
50 <-> 345, 346, 347, 348, 349
51 <-> 350, 351, 352
52 <-> 353, 354
53 <-> 53, 355
54 <-> 356, 357
55 <-> 358, 359
56 <-> 360
57 <-> 361, 362, 363
58 <-> 364
59 <-> 59, 365
60 <-> 366, 367
61 <-> 368, 369
62 <-> 62, 370, 371
63 <-> 372
64 <-> 373
65 <-> 374, 375, 376, 377, 378
66 <-> 379, 380
67 <-> 381
68 <-> 382
69 <-> 383, 384, 385
70 <-> 386, 387, 388
71 <-> 71
72 <-> 389
73 <-> 390
74 <-> 391, 392
75 <-> 393, 394
76 <-> 76
77 <-> 395, 396, 397
78 <-> 398, 399, 400
79 <-> 79
80 <-> 401
81 <-> 402, 403
82 <-> 404, 405
83 <-> 406, 407
84 <-> 84, 408, 409
85 <-> 410, 411, 412
86 <-> 413
87 <-> 414, 415, 416
88 <-> 417, 418
89 <-> 419, 420, 315
90 <-> 421, 422
91 <-> 423, 424
92 <-> 92
93 <-> 425
94 <-> 94
95 <-> 426, 427
96 <-> 96
97 <-> 428
98 <-> 429, 185, 315, 430
99 <-> 431, 432
100 <-> 433, 434
101 <-> 101, 435
102 <-> 436
103 <-> 89, 437
104 <-> 438, 439, 440
105 <-> 441, 442
106 <-> 443
107 <-> 444, 445
108 <-> 446, 447, 448, 449
109 <-> 109, 450
110 <-> 110
111 <-> 451
112 <-> 452, 453, 454, 455, 456
113 <-> 457, 458
114 <-> 459, 460, 461, 462
115 <-> 463, 464, 465, 466
116 <-> 467
117 <-> 468
118 <-> 469, 470, 471
119 <-> 472, 473, 474
120 <-> 475
121 <-> 476
122 <-> 477, 478, 479
123 <-> 480, 481
124 <-> 124, 482, 483
125 <-> 484
126 <-> 485, 486, 487
127 <-> 488, 489, 490
128 <-> 491, 492
129 <-> 129, 493, 494, 495, 496
130 <-> 497
131 <-> 498
132 <-> 499, 500
133 <-> 501
134 <-> 502, 503, 504, 505, 506
135 <-> 507
136 <-> 508
137 <-> 509, 510
138 <-> 511
139 <-> 512, 513
140 <-> 514, 515, 516
141 <-> 141
142 <-> 517
143 <-> 518, 519, 520, 521
144 <-> 522
145 <-> 523, 524, 525
146 <-> 526
147 <-> 527
148 <-> 528
149 <-> 149, 529
150 <-> 530, 531
151 <-> 532, 533
152 <-> 534, 535, 536
153 <-> 537
154 <-> 538, 539
155 <-> 540, 541, 542
156 <-> 543
157 <-> 544, 545
158 <-> 546
159 <-> 547
160 <-> 548, 549
161 <-> 550, 551, 552
162 <-> 553
163 <-> 554, 555
164 <-> 556, 557
165 <-> 165, 558
166 <-> 559, 560
167 <-> 561, 562, 563
168 <-> 564, 565, 566
169 <-> 169, 567
170 <-> 568
171 <-> 569, 570
172 <-> 172
173 <-> 571, 572
174 <-> 573
175 <-> 175, 574
176 <-> 575
177 <-> 576, 577
178 <-> 578
179 <-> 579, 580
180 <-> 581, 582, 583
181 <-> 584
182 <-> 585, 586
183 <-> 587, 588, 589
184 <-> 590, 591
186 <-> 594, 595
187 <-> 596
188 <-> 597, 598, 599
189 <-> 600
190 <-> 601, 602
191 <-> 603, 604, 605
192 <-> 606, 607, 608, 609
193 <-> 610
194 <-> 194, 611, 612, 613
195 <-> 614, 615
196 <-> 616, 617
197 <-> 618
198 <-> 619
199 <-> 620
200 <-> 621, 622
201 <-> 201
202 <-> 623, 624
203 <-> 625, 626
204 <-> 627, 628
205 <-> 629, 630
206 <-> 631, 632
207 <-> 633
208 <-> 634, 635
209 <-> 636
210 <-> 637
211 <-> 638, 639
212 <-> 640
213 <-> 641
214 <-> 642, 643
215 <-> 644, 645
216 <-> 646, 647
217 <-> 648, 649
218 <-> 650
220 <-> 652
221 <-> 653, 221
222 <-> 654, 655
223 <-> 656, 657
224 <-> 658, 659
225 <-> 225
226 <-> 226
227 <-> 660, 661
228 <-> 662
229 <-> 663
230 <-> 664, 665, 666
231 <-> 667
232 <-> 668, 669, 670
233 <-> 671
234 <-> 672, 673
235 <-> 235, 674
236 <-> 675, 676, 677
237 <-> 678, 679, 680
238 <-> 681, 682
239 <-> 683
240 <-> 684
241 <-> 685, 686
243 <-> 441, 687, 688
244 <-> 689
245 <-> 690, 691
246 <-> 692
247 <-> 693, 694
248 <-> 695, 696
249 <-> 697
250 <-> 698, 699
251 <-> 700
252 <-> 701, 702, 703, 704, 705
253 <-> 706, 707, 708
254 <-> 709, 710, 711
255 <-> 712, 713
256 <-> 714, 715, 716
257 <-> 717, 718, 719
258 <-> 720, 721
259 <-> 722, 723, 724
260 <-> 725
261 <-> 726, 727
262 <-> 728
