0 <-> 61, 62, 63, 64, 65, 66, 67, 68
1 <-> 69, 70, 71
2 <-> 72, 73, 74
3 <-> 75
4 <-> 76, 77, 78
5 <-> 79, 80
6 <-> 81
7 <-> 82, 83
8 <-> 84
9 <-> 85
10 <-> 86, 87
11 <-> 88
12 <-> 89, 90
13 <-> 91
14 <-> 92, 93, 94, 95
15 <-> 96, 97, 98, 99
16 <-> 100, 101, 102, 103
17 <-> 104
18 <-> 105, 106, 107, 108, 109, 110, 111, 112
19 <-> 113, 114, 115, 116, 117, 118, 119
20 <-> 120, 121
21 <-> 122
22 <-> 123, 124, 125, 16, 126, 127
23 <-> 128, 129, 130
24 <-> 131, 132
25 <-> 133, 134
26 <-> 135
27 <-> 136
28 <-> 137, 138
29 <-> 139, 140
30 <-> 141, 142, 143, 144
31 <-> 145, 146, 147
32 <-> 148
33 <-> 149, 150, 151
34 <-> 152, 153
35 <-> 154
36 <-> 155, 156
37 <-> 157, 158, 159
38 <-> 160, 161, 162, 163
39 <-> 164, 165
40 <-> 166, 167
41 <-> 168, 169
42 <-> 170
43 <-> 171, 172, 173
44 <-> 174
45 <-> 175, 176
46 <-> 177, 178, 179
47 <-> 180
48 <-> 181
49 <-> 182, 183, 184
50 <-> 185
51 <-> 186, 187, 188
52 <-> 189, 190
53 <-> 191, 192, 193, 194, 93, 195, 196
54 <-> 197, 198
55 <-> 199
56 <-> 200
57 <-> 201, 186, 202, 203, 204, 205, 206
58 <-> 207, 208
59 <-> 209, 210, 211, 212, 213
60 <-> 214, 215
