0 <-> 168, 169
1 <-> 170, 171
2 <-> 172, 173, 174
3 <-> 175
4 <-> 4
5 <-> 176
6 <-> 6
7 <-> 177
8 <-> 178, 179
9 <-> 180
10 <-> 181
11 <-> 182, 183
12 <-> 184, 185, 186
13 <-> 187
14 <-> 188, 189
15 <-> 190, 191, 192
16 <-> 193
17 <-> 194, 195
18 <-> 196
19 <-> 197, 198, 199
20 <-> 200, 201, 202, 203
21 <-> 204, 205
22 <-> 206
23 <-> 207, 23
24 <-> 208, 209
25 <-> 210
26 <-> 211
27 <-> 212
28 <-> 213
29 <-> 214, 215
30 <-> 216
31 <-> 217
32 <-> 218, 219
33 <-> 220
34 <-> 221, 222
35 <-> 35
36 <-> 223
37 <-> 224
38 <-> 225
39 <-> 226
40 <-> 40, 227
41 <-> 41
42 <-> 228
43 <-> 229, 230
44 <-> 231, 232, 233, 234
45 <-> 235
46 <-> 236, 237
47 <-> 238
48 <-> 239, 240
49 <-> 241, 242
50 <-> 243, 244
51 <-> 245, 51
52 <-> 246
53 <-> 247, 248, 249
54 <-> 250
55 <-> 251
56 <-> 252
57 <-> 253
58 <-> 254, 255
59 <-> 256, 257
60 <-> 258, 259
61 <-> 260, 261, 262, 263
62 <-> 264, 265, 266
63 <-> 267
64 <-> 268
65 <-> 65, 269
66 <-> 270
67 <-> 271, 272, 67
68 <-> 273
69 <-> 274
70 <-> 275
71 <-> 276
72 <-> 277
73 <-> 278, 279
74 <-> 280, 281
75 <-> 282
76 <-> 283
77 <-> 284
78 <-> 285, 286
79 <-> 287
45 <-> 128, 59, 19
80 <-> 288, 289, 290
81 <-> 291
82 <-> 292, 293
83 <-> 294, 295, 296
84 <-> 297, 298, 299
85 <-> 300, 301
86 <-> 302, 303
87 <-> 304, 305, 306
88 <-> 307, 308, 309, 310
89 <-> 311
90 <-> 312, 313, 314, 315, 316
91 <-> 317, 318
92 <-> 319, 320, 321
93 <-> 322
94 <-> 323
95 <-> 324, 325
96 <-> 326
97 <-> 327, 328, 329
98 <-> 330, 331
99 <-> 332, 333
100 <-> 334, 335, 336
101 <-> 337
102 <-> 338
103 <-> 339
104 <-> 340
105 <-> 341
106 <-> 342, 343
107 <-> 344
108 <-> 345, 346
109 <-> 109
110 <-> 347
111 <-> 348
112 <-> 349, 350
113 <-> 351
114 <-> 114
115 <-> 352, 115
116 <-> 116
117 <-> 353, 354, 355, 356, 357, 358
118 <-> 359
119 <-> 360, 361, 362, 363
120 <-> 364
121 <-> 365
122 <-> 366
123 <-> 367
124 <-> 368, 369
125 <-> 370, 371
126 <-> 372
127 <-> 373
128 <-> 374
129 <-> 375, 376, 377, 378
130 <-> 379
131 <-> 380
132 <-> 381, 382, 383
133 <-> 384
134 <-> 385
135 <-> 135
136 <-> 386
137 <-> 387
138 <-> 388
139 <-> 389
140 <-> 390
141 <-> 391
142 <-> 392
143 <-> 393, 394
144 <-> 395
145 <-> 396
146 <-> 397, 398
147 <-> 399, 400
148 <-> 401
149 <-> 402, 403
150 <-> 404, 405
151 <-> 406
152 <-> 407
153 <-> 408, 409
154 <-> 410
155 <-> 411, 412
156 <-> 413, 414
157 <-> 415, 416
158 <-> 417
159 <-> 418
160 <-> 419, 420
161 <-> 421
162 <-> 422, 423
163 <-> 424, 425
164 <-> 426
165 <-> 427, 428
166 <-> 429, 430
167 <-> 431, 432
