0 <-> 51, 52, 53, 54, 55, 56, 57, 58
1 <-> 59, 60, 61
2 <-> 62, 63
3 <-> 64
4 <-> 65
5 <-> 66
6 <-> 67, 68
7 <-> 69
8 <-> 70, 71
9 <-> 72
10 <-> 73, 74, 75, 76
11 <-> 77, 78, 79, 80
12 <-> 81
13 <-> 82, 83, 84, 85, 86, 87, 88, 89
14 <-> 90, 91, 92, 93, 94, 95, 96
15 <-> 97, 98
16 <-> 99, 100, 101, 11, 102, 103
17 <-> 104, 105, 106
18 <-> 107, 108
19 <-> 109
20 <-> 110
21 <-> 111, 112
22 <-> 113, 114
23 <-> 115, 116, 117, 118
24 <-> 119, 120, 121
25 <-> 122
26 <-> 123, 124, 125
28 <-> 126, 127
29 <-> 128
30 <-> 129, 130
31 <-> 131, 132, 133
32 <-> 134, 135, 136, 137
33 <-> 138, 139
34 <-> 140, 141
35 <-> 142
36 <-> 143
37 <-> 144, 145, 146
38 <-> 147
27 <-> 148, 149
39 <-> 150
40 <-> 151
41 <-> 152, 153, 154
42 <-> 155, 156, 157
43 <-> 158, 159
44 <-> 160, 161, 162, 163, 164, 165, 166
45 <-> 167, 168
46 <-> 169
47 <-> 170
48 <-> 171, 172
49 <-> 173, 174, 175, 176, 177
50 <-> 178, 179
