144 <-> 532, 996, 1794
335 <-> 224, 335, 971, 1838
1983 <-> 857, 1353, 198
405 <-> 928, 1343, 784, 322, 3870
117 <-> 567, 1502
189 <-> 1433
612 <-> 521
153 <-> 298, 760, 803, 144
662 <-> 1632, 1788
1287 <-> 577, 1882
1540 <-> 1637
132 <-> 1420, 1498
1054 <-> 2589
292 <-> 314, 918, 1025
47 <-> 867, 1677, 991, 19338
1520 <-> 265, 1608
746 <-> 613, 1094, 1997
947 <-> 730, 1269, 498
247 <-> 1457, 1550
22 <-> 1748, 1774
779 <-> 838, 869, 1545
48 <-> 48
987 <-> 249, 1471, 1912
456 <-> 379, 1462
1014 <-> 586, 602
274 <-> 227, 274, 1592
975 <-> 1736
742 <-> 1376
721 <-> 1271, 1157, 1991, 350, 1164, 6716, 446, 1499
932 <-> 498
1010 <-> 94, 759, 951, 1656
792 <-> 1141, 1746, 1757
1549 <-> 1159
17 <-> 178, 33, 72, 53, 67, 175, 37, 52
1049 <-> 832, 870, 993, 1409, 1454, 1876
1329 <-> 1018, 1329, 1495
1331 <-> 736, 1866
1364 <-> 1413, 1999
1191 <-> 1403
156 <-> 156
146 <-> 7148, 101
439 <-> 195
1184 <-> 618
103 <-> 17, 99, 28, 51, 121
114 <-> 159, 32, 111, 115, 176
655 <-> 520, 1794
1056 <-> 1237
1086 <-> 1751
625 <-> 776, 1536, 1982
214 <-> 214, 282, 1166, 1341, 1751
443 <-> 531
306 <-> 392, 828, 463
1024 <-> 87, 88, 833, 1322
689 <-> 398, 729, 4318, 1435, 826
156 <-> 32, 165, 49, 86, 131
6 <-> 305, 842, 1932
1522 <-> 669, 1273, 1939
813 <-> 1447, 1626
45 <-> 130, 881, 1158
933 <-> 847, 1064
383 <-> 568
1312 <-> 190, 1787
804 <-> 40, 118, 130, 1025, 1319, 1977
1451 <-> 1039, 1484
1478 <-> 352, 788, 938, 1350, 1354
1120 <-> 1120
1334 <-> 1045, 1334, 1546
763 <-> 231, 1606
166 <-> 166, 508, 523, 825, 1259
1272 <-> 1333, 1801
206 <-> 653
845 <-> 887, 1180
1554 <-> 1057, 1060, 1376, 1864
633 <-> 1051, 1792
97 <-> 43936, 915
35 <-> 471, 37, 45, 51531, 1777, 1344
958 <-> 365
793 <-> 148
1760 <-> 673, 388, 611, 1073
267 <-> 762, 1807
712 <-> 1219, 181, 1137, 176
724 <-> 302, 1333
1254 <-> 1449, 1452, 1896
77 <-> 123, 180
645 <-> 1047, 1754, 618, 211
1425 <-> 730, 1113, 1590
321 <-> 646, 1265, 1877
1099 <-> 386, 995, 1581
120 <-> 1342, 1826
421 <-> 1177, 1920
1061 <-> 1695
54 <-> 99, 102, 61, 12, 118, 96
51 <-> 138, 454, 1105
782 <-> 432, 569, 583
152 <-> 521, 1037
830 <-> 717, 889, 1047
1243 <-> 1756
74 <-> 537, 1861
424 <-> 1060, 1570
784 <-> 497, 595, 1343, 1982
1277 <-> 466, 787, 1277
1239 <-> 283, 946, 1002, 1999
1573 <-> 1573
171 <-> 138, 45
108 <-> 1367
219 <-> 426, 739, 1209
989 <-> 319, 671
1228 <-> 7701, 801, 1101, 1594
92 <-> 342
843 <-> 123, 1419, 1661, 1678
986 <-> 584, 986, 1160
1998 <-> 235, 414, 69, 124, 980, 1694
154 <-> 5, 172, 126
169 <-> 740
1490 <-> 1038, 1669, 1670
1421 <-> 857, 122, 1293, 1532
202 <-> 399, 582
1063 <-> 1063
56 <-> 1924, 100, 977
1886 <-> 623, 1417
671 <-> 1929, 1989
115 <-> 41, 84, 42, 9, 26, 81, 152
998 <-> 996
127 <-> 1777, 1836
1353 <-> 1780, 1983
1068 <-> 470
47 <-> 1872, 867, 1391, 1630, 789
248 <-> 104
48 <-> 13
1213 <-> 1112
1351 <-> 190, 204, 411, 1854
151 <-> 115, 205, 535, 1838, 496, 1222, 382
797 <-> 818, 1960
145 <-> 507, 58, 402, 1593, 138
455 <-> 457, 712, 28, 176, 1386, 1639, 1227, 831
1921 <-> 1691, 58, 402, 992, 515, 985
434 <-> 1163, 1814, 937, 304, 1176, 1900
84 <-> 84, 343, 948
156 <-> 1138, 11146, 1335
1519 <-> 90, 1032, 1962
1032 <-> 300, 1519
1950 <-> 1494, 1769, 981
599 <-> 504, 531, 613, 1263, 1957
602 <-> 217, 1014, 1335
179 <-> 862, 876, 1633
354 <-> 1476
1975 <-> 1547
87 <-> 270, 1022, 1541, 1688, 1903
953 <-> 982, 1586
135 <-> 6, 78, 26, 197, 91
14 <-> 72, 22
226 <-> 220, 1969
72 <-> 391, 1863
851 <-> 745, 1414, 1541
929 <-> 968
982 <-> 60, 449, 953
1496 <-> 1694
437 <-> 351, 1825
11 <-> 285, 1242, 1753
334 <-> 365
7384 <-> 533
80 <-> 290, 1925
1297 <-> 928
690 <-> 1526, 1096, 979, 1485, 1995
1336 <-> 951, 1391
1327 <-> 246, 1507
1974 <-> 194, 833
1237 <-> 223, 1053
869 <-> 53228
250 <-> 1533, 1727, 208, 1321
1023 <-> 201, 1610
1149 <-> 634, 1513
1089 <-> 1207, 1448, 230, 1739, 228
416 <-> 109, 1757
110 <-> 1296, 1837
1587 <-> 21, 1259, 608, 1668, 166, 1646, 1493
999 <-> 150, 653
959 <-> 1352, 1423
161 <-> 1602, 1936
643 <-> 427, 529, 1301
112 <-> 71, 160, 86, 63, 34
7 <-> 70, 2632, 5788
1436 <-> 310, 1260
1480 <-> 836
1370 <-> 233, 1032, 94, 182, 747
209 <-> 357, 766, 853
13580 <-> 1066, 1317, 1478
193 <-> 193, 1405
497 <-> 276, 1305, 91, 503, 44
1342 <-> 120, 644, 790
1523 <-> 14, 1842
413 <-> 1029, 1873
1453 <-> 1879
1492 <-> 1843
806 <-> 803, 1707
149 <-> 1401, 1883
125 <-> 1679
666 <-> 487, 696
251 <-> 130, 484, 882
701 <-> 1285, 1736
6326 <-> 4, 937
1286 <-> 49, 79, 8, 1428, 766
1532 <-> 10, 122, 1566
758 <-> 509
322 <-> 1167, 1569
1231 <-> 715, 1302
1005 <-> 1912
1440 <-> 1558
1188 <-> 491, 494, 1216, 1711
381 <-> 477, 1043, 1735, 1831
1358 <-> 1358
187 <-> 109
1059 <-> 330
825 <-> 166, 841, 1290, 1994
1537 <-> 923, 368, 1206, 850, 1003
1000 <-> 1862
1065 <-> 805
1256 <-> 1256
1438 <-> 1483
448 <-> 1246, 1889
1217 <-> 1047, 1386
723 <-> 23, 723
961 <-> 1765, 1824
1232 <-> 1118
143 <-> 216, 468, 1180, 1695
1155 <-> 14, 1616
1012 <-> 1538, 1894
726 <-> 858
637 <-> 341
175 <-> 144, 174
1141 <-> 259, 297, 792, 1575, 1847
1280 <-> 142, 509
55 <-> 340, 1913
188 <-> 367, 686, 930, 1643
358 <-> 617, 1132, 1904
780 <-> 576, 587, 1531
84 <-> 847, 9138
275 <-> 17, 615, 827, 1013
356 <-> 839, 1432
0 <-> 950, 1039
733 <-> 1276, 1947
1876 <-> 832, 870, 1409, 1454, 993, 1049, 28
1095 <-> 316, 1095
6378 <-> 37
661 <-> 766
28 <-> 185, 126, 24
92 <-> 113, 136, 92, 116, 144, 64, 42, 15
1506 <-> 451, 542
736 <-> 1241, 1331, 1820
833 <-> 1024, 1048, 1904
854 <-> 681, 854, 1152
764 <-> 997, 1117, 677, 177, 1829, 638, 1704
1255 <-> 1984
163 <-> 293, 500, 960
412 <-> 485, 682
656 <-> 459
1281 <-> 1869, 1987
1230 <-> 868, 1397
93 <-> 615, 1667, 1745
1973 <-> 1973
852 <-> 923, 1821
112 <-> 112, 668, 1720
420 <-> 1062, 1574
1126 <-> 634, 1387, 1916
194 <-> 54, 111, 4, 141
6776 <-> 697, 1036
263 <-> 37, 964
1422 <-> 1112
1009 <-> 563, 1926
761 <-> 562, 593, 1041, 327
631 <-> 1566
311 <-> 111
181 <-> 307, 1219
1246 <-> 1175, 1899
785 <-> 279, 1935
824 <-> 1573
787 <-> 834, 1277, 1534
207 <-> 137, 328
1470 <-> 1092
749 <-> 492, 698
258 <-> 660, 905
134 <-> 134, 467
1991 <-> 446, 1505
832 <-> 28, 1427, 1576
75 <-> 117
1108 <-> 570, 1614
409 <-> 967, 1816
43 <-> 15, 403, 866
278 <-> 513, 1449
1481 <-> 216, 339, 483
9806 <-> 169
706 <-> 706, 1398
410 <-> 106, 1304
1192 <-> 164, 642
346 <-> 1318, 1659
7 <-> 438, 1509
670 <-> 1372
1169 <-> 917, 1208
1193 <-> 195, 1195
808 <-> 241, 1187, 288, 1634, 1084
400 <-> 64, 1190
924 <-> 1203, 968, 388, 1777, 1344, 1531
30 <-> 2070, 103, 775, 141, 178
1996 <-> 1183
1323 <-> 65, 1619
1439 <-> 704, 982, 474, 449, 908
962 <-> 1878
1529 <-> 1166
925 <-> 1613, 1308
325 <-> 1074, 984, 1251
111 <-> 90, 52, 6, 3
1315 <-> 1507, 1675
1335 <-> 1138, 11146
1449 <-> 278, 1254, 1553
795 <-> 795, 1693
433 <-> 667, 1355
796 <-> 1819
13 <-> 13
777 <-> 164, 462, 879, 1890
973 <-> 94, 925, 1821
1135 <-> 1820
1110 <-> 1807
1279 <-> 939, 989
1473 <-> 1677
327 <-> 761, 1240, 1789
664 <-> 1168, 1945
1465 <-> 419, 1672
812 <-> 489, 580
692 <-> 692
323 <-> 687
786 <-> 1603
158 <-> 1020
318 <-> 203
1300 <-> 133
1161 <-> 85, 1878
929 <-> 1196, 1650
303 <-> 1301, 1599
1493 <-> 22, 1731
957 <-> 1655
635 <-> 175, 938, 1971
1178 <-> 1804
435 <-> 725, 1595, 1832, 1965
1518 <-> 1400
628 <-> 204, 848
680 <-> 139
695 <-> 1427
260 <-> 919
1334 <-> 9983, 777, 1045, 1147, 164, 1192
1097 <-> 1040, 1294
950 <-> 1470, 1, 865, 30, 1520
727 <-> 308, 557
82 <-> 1420, 1865
33 <-> 395, 1772
428 <-> 481, 1705, 1943
224 <-> 335, 1911
1253 <-> 683
1003 <-> 1206, 1339, 1778
314 <-> 1103, 1514, 1729, 1900
1052 <-> 336, 1346, 1515
952 <-> 1461, 1655
1288 <-> 254
791 <-> 553, 1344
966 <-> 227, 201, 1023
374 <-> 1632
295 <-> 173, 463
639 <-> 11900
1257 <-> 532
741 <-> 741
699 <-> 1966
1390 <-> 1535, 212, 601, 67
108 <-> 27
79 <-> 78, 36, 92, 5, 189
140 <-> 445, 1732
12 <-> 632, 762, 829
1247 <-> 1337, 1739, 1954
170 <-> 170, 571, 696, 859
781 <-> 8126, 1700
453 <-> 150, 479, 1907
1139 <-> 1854
710 <-> 574
273 <-> 230, 1875
1134 <-> 559, 1298
714 <-> 75
1340 <-> 1502, 18839
51 <-> 58, 131, 178, 89, 177, 41, 64
85 <-> 1080, 104, 1179, 593, 248
972 <-> 1723
431 <-> 409, 1815, 1687
755 <-> 537
386 <-> 1099, 1225
1275 <-> 1722
1515 <-> 1052, 1734, 809
725 <-> 116, 435, 1651
772 <-> 917
38 <-> 1238
1285 <-> 701, 1379, 1596
59 <-> 1600, 1915
1521 <-> 821
97 <-> 68
1087 <-> 343
1018 <-> 528, 1326, 1329
844 <-> 1310, 1557
605 <-> 1375
422 <-> 533, 1435
1123 <-> 26
1038 <-> 1034, 1490
720 <-> 56, 827
1159 <-> 1437, 66, 1747, 1549
873 <-> 498, 760, 932, 1313, 153, 1864
943 <-> 482, 332, 1103, 1995, 735, 1245
719 <-> 1600
155 <-> 1524
1482 <-> 1399, 1633
626 <-> 1785
215 <-> 14
39 <-> 167
387 <-> 293, 309
1907 <-> 6, 832, 1121, 323, 1850, 687
128 <-> 128
604 <-> 1693
348 <-> 753
1162 <-> 730, 1069, 1600
979 <-> 1331, 736, 1820, 1096, 192, 1241
145 <-> 92, 17
967 <-> 408, 1605
1516 <-> 814, 1514
362 <-> 239, 1766
