514 <-> 331, 1284, 1685
28 <-> 107, 75
517 <-> 174, 1665
518 <-> 1092
519 <-> 1850, 19501
523 <-> 166
524 <-> 1594
18 <-> 37, 7
526 <-> 261
33 <-> 30
530 <-> 860
528 <-> 1018, 1955
531 <-> 443, 599
532 <-> 144, 869, 1257
533 <-> 422, 738, 1872
534 <-> 407
535 <-> 151, 141
107 <-> 40
542 <-> 222, 1506
541 <-> 1366, 1507
545 <-> 26
546 <-> 546, 126
547 <-> 57, 294
548 <-> 1031, 1517, 1741
549 <-> 1648, 1978
550 <-> 624, 1901, 1993
551 <-> 1132
552 <-> 325, 1284, 1348
553 <-> 7
6 <-> 957, 81, 90, 41, 3
32 <-> 17, 1
4 <-> 43, 233, 5, 9, 8, 91
62 <-> 1
