247 <-> 1457, 1550
226 <-> 452, 1970
143 <-> 216, 468, 1180, 1695
182 <-> 1370
181 <-> 367, 1219
689 <-> 398, 1079
706 <-> 706, 1498
41 <-> 365
15 <-> 43, 238, 1552
216 <-> 143, 1481, 1897
718 <-> 578
257 <-> 360, 581, 1658
7 <-> 438, 1509
204 <-> 628, 1351, 1606
681 <-> 456, 854
652 <-> 562, 1984
114 <-> 94
229 <-> 944, 978, 1567
8 <-> 985
544 <-> 54
191 <-> 375
165 <-> 1022, 1377
732 <-> 333, 1296
656 <-> 459
227 <-> 274, 966
46 <-> 46, 744
141 <-> 441
16 <-> 1050
655 <-> 520, 1394
170 <-> 170, 571, 696, 852
491 <-> 691
50 <-> 1687, 1966
22 <-> 1748, 1774
148 <-> 101, 751, 793, 1601, 1603
61 <-> 61, 1666
153 <-> 298, 760, 803, 1664
8 <-> 105
789 <-> 789, 1871
721 <-> 350, 1157, 1271, 1716
21 <-> 608, 1493, 1587, 1646
679 <-> 355, 1201
60 <-> 896, 982
687 <-> 323, 687
211 <-> 1047, 1754
28 <-> 832, 1227
245 <-> 1528, 1605, 1905
125 <-> 19, 42, 134, 103, 15, 116
150 <-> 453, 999
777 <-> 164, 462, 879, 1890
117 <-> 164
35 <-> 471, 885, 1119
239 <-> 239, 362
228 <-> 230, 1207, 1739
202 <-> 399, 582
693 <-> 1398, 1925
791 <-> 553, 1344
660 <-> 258, 1396
669 <-> 815, 1394, 1521
722 <-> 1225, 1301
55 <-> 340, 1913
26 <-> 18, 490, 545, 1123, 1958
254 <-> 1092, 1288, 1328
151 <-> 115, 205, 496, 535
58 <-> 138, 402, 1593
63 <-> 1732
702 <-> 1401
673 <-> 1760
684 <-> 1609
183 <-> 799, 1489
787 <-> 834, 1277, 1534
10 <-> 121, 1532
713 <-> 1512, 1586
260 <-> 919
193 <-> 193, 1405
4 <-> 57, 72, 83, 84, 30, 34, 126
38 <-> 1238
87 <-> 187
157 <-> 1373, 1771, 1859
45 <-> 130, 881, 1158
188 <-> 367, 686, 930, 1643
675 <-> 565, 1805
725 <-> 116, 435, 1651
671 <-> 1929, 1989
875 <-> 1342, 1464
237 <-> 1468, 1934
207 <-> 137, 328
158 <-> 1020
667 <-> 433
17 <-> 275
125 <-> 110, 154
665 <-> 1462
261 <-> 261, 425, 526, 646
189 <-> 1433
234 <-> 1884
37 <-> 263, 678, 1356, 1683, 1714
81 <-> 36, 89, 196, 123, 166, 58, 5, 66
69 <-> 135
156 <-> 1138, 1146, 1335
167 <-> 39, 1626
197 <-> 1981
178 <-> 1802
206 <-> 653
242 <-> 353
53 <-> 762
176 <-> 455, 457, 712, 1386, 1639
20 <-> 1907
246 <-> 1327
179 <-> 862, 876, 1633
3 <-> 870
145 <-> 145, 507
2 <-> 2
31 <-> 283
259 <-> 287, 941, 1141, 1262
14 <-> 215, 1110, 1523
728 <-> 1597
788 <-> 1478
670 <-> 1372
30 <-> 119
666 <-> 487, 696
62 <-> 34
32 <-> 921
210 <-> 810
672 <-> 945
658 <-> 1713, 1917
12 <-> 632, 762, 829
694 <-> 564
716 <-> 1659
252 <-> 619, 1709
233 <-> 436, 747
51 <-> 138, 454, 1105
212 <-> 601
714 <-> 75
700 <-> 1682
231 <-> 419, 763, 1579
65 <-> 131
198 <-> 1385
72 <-> 180, 97, 13, 78, 64
184 <-> 377, 1415, 1642
106 <-> 107, 73
59 <-> 1620, 1915
677 <-> 397, 764
223 <-> 30, 1237
688 <-> 1067, 1692
703 <-> 703, 1106
217 <-> 602
142 <-> 1280, 1787
0 <-> 6, 174
27 <-> 27
705 <-> 109, 1083
724 <-> 302, 1333
730 <-> 778, 947, 1162, 1253, 1425
701 <-> 1285, 1736
99 <-> 76, 179
262 <-> 418, 634
1362 <-> 162, 171, 1173
785 <-> 279, 1935
44 <-> 497, 503, 1305
241 <-> 1084, 1634
695 <-> 1427
690 <-> 1485, 1995
192 <-> 990, 1088, 1096, 1891
194 <-> 1974
668 <-> 112, 1553
719 <-> 1600
659 <-> 572, 1241
220 <-> 1854
23 <-> 723, 871
200 <-> 752, 783, 1346
47 <-> 867, 1391, 1630
169 <-> 740
11 <-> 285, 1242, 1753
25 <-> 25
218 <-> 1325, 1581
33 <-> 395, 1772
248 <-> 104
685 <-> 1011
155 <-> 1524
10 <-> 950, 1039
232 <-> 232, 1893
86 <-> 91, 77, 9, 4, 15, 38, 24, 184
6 <-> 305, 842, 1932
24 <-> 244, 624
144 <-> 532, 996, 1794
249 <-> 987, 1041, 1949
222 <-> 542, 963, 1420
48 <-> 48, 1363
710 <-> 574
707 <-> 766, 949, 1439
168 <-> 1988
56 <-> 100, 720
213 <-> 1660
43 <-> 15, 403, 866
203 <-> 318, 1011
235 <-> 980, 1694
243 <-> 769, 1455
683 <-> 615, 1250
682 <-> 412
676 <-> 697, 1036
149 <-> 1401, 1883
195 <-> 439, 1193, 1875
717 <-> 830, 1738
781 <-> 826, 1700
175 <-> 635
208 <-> 250
180 <-> 588
733 <-> 1276, 5
190 <-> 1312, 1351, 1723
173 <-> 70, 295
264 <-> 484, 618
698 <-> 459, 749, 1124
172 <-> 1183
132 <-> 157
152 <-> 521, 1037
726 <-> 858
49 <-> 1286
711 <-> 811
782 <-> 432, 569, 583
1 <-> 317, 904, 923
219 <-> 426, 739, 1209
649 <-> 904
185 <-> 185
