0 <-> 169, 170
1 <-> 171, 172
2 <-> 173, 174, 175
3 <-> 176
5 <-> 177
7 <-> 178
9 <-> 181
10 <-> 182
12 <-> 187, 186, 187
14 <-> 189, 190
15 <-> 191, 192, 193
16 <-> 194
17 <-> 195, 196
18 <-> 197
19 <-> 198, 199, 200
20 <-> 201, 202, 203, 204
21 <-> 205, 206
22 <-> 207
23 <-> 208, 23
25 <-> 211
27 <-> 213
164 <-> 84, 40, 167, 104, 7, 5, 86, 159
28 <-> 214
31 <-> 218
32 <-> 243, 344
107 <-> 345
108 <-> 346, 347
110 <-> 348
111 <-> 349
114 <-> 114
115 <-> 353, 11
5116 <-> 116
118 <-> 356, 357, 358, 359, 360, 361
119 <-> 362
121 <-> 367
123 <-> 369
124 <-> 370
125 <-> 371, 372
126 <-> 373, 374
127 <-> 375
129 <-> 377
131 <-> 382
132 <-> 383
134 <-> 387
137 <-> 389
138 <-> 390
139 <-> 391
140 <-> 392
141 <-> 393
142 <-> 394
143 <-> 395
144 <-> 396, 397
145 <-> 398
146 <-> 399
148 <-> 402, 403
149 <-> 404
151 <-> 407, 408
152 <-> 409
153 <-> 410
154 <-> 411, 412
155 <-> 413
156 <-> 414, 415
158 <-> 418, 419
162 <-> 424
163 <-> 425, 426
165 <-> 429
167 <-> 432, 431
168 <-> 434, 435
