123 <-> 505, 629, 1786
115 <-> 151
116 <-> 368, 725, 1889
117 <-> 567, 1502
175 <-> 635
176 <-> 455, 457, 714, 1386, 1639
177 <-> 638, 1102
178 <-> 1802
166 <-> 94, 0, 95, 40
179 <-> 2862, 876, 1633
181 <-> 3676, 1219
183 <-> 799, 1489
184 <-> 377, 1415, 1642
186 <-> 459, 493
66 <-> 18, 193, 76, 5, 180, 88, 148, 33
187 <-> 1524
190 <-> 1312, 1351, 1723
991 <-> 375
192 <-> 989, 1088, 1096, 1891
194 <-> 1974
195 <-> 439, 1193, 1875
198 <-> 1385
200 <-> 752, 783, 1346
201 <-> 206, 1023
20 <-> 183, 158
203 <-> 318, 1011
204 <-> 628, 1351, 1606
205 <-> 151
209 <-> 357, 766, 853
210 <-> 810
211 <-> 1047, 1754
212 <-> 601
213 <-> 1660
94 <-> 47
150 <-> 70
55 <-> 136
216 <-> 143, 1481, 1897
157 <-> 11, 119
217 <-> 602
218 <-> 1325, 1581
219 <-> 426, 739, 1209
220 <-> 1854
224 <-> 335, 1911
103 <-> 102
2207 <-> 274, 966
228 <-> 230, 1207, 1739
1989 <-> 319, 671
162 <-> 19, 4, 64
12 <-> 81
1993 <-> 510
1995 <-> 332, 690
129 <-> 182, 91
187 <-> 89, 138
1997 <-> 376, 746
137 <-> 75, 77
90 <-> 74, 188, 110, 87, 74, 15, 36
1998 <-> 414, 828
65 <-> 16, 1, 37, 192, 7, 1
189 <-> 34, 5, 21, 28, 144
