26 <-> 18, 490, 545, 1123, 1958
29 <-> 142
110 <-> 1296, 1837
153 <-> 82, 99
111 <-> 311, 1865
113 <-> 105, 629, 1786
114 <-> 1221
115 <-> 151
116 <-> 368, 725, 1889
117 <-> 567, 1502
118 <-> 136, 461, 804
120 <-> 1342, 1826
121 <-> 10
122 <-> 1421, 5532
123 <-> 843, 1837
124 <-> 124
125 <-> 1679
127 <-> 1777, 1836
128 <-> 1498
133 <-> 776, 1300
134 <-> 134, 467
135 <-> 1176
136 <-> 118, 1509
137 <-> 207
138 <-> 51, 58, 75
139 <-> 680, 708, 1717, 1808
140 <-> 444, 1732
142 <-> 1280, 1787
143 <-> 216, 468, 1180, 1694
144 <-> 532, 996, 1794
145 <-> 145, 507
147 <-> 1871
148 <-> 101, 751, 793, 1601, 1603
132 <-> 7, 120
151 <-> 57, 205, 496, 535
103 <-> 190
152 <-> 521, 1037
154 <-> 1888
155 <-> 1524
156 <-> 1138, 1146, 1335
157 <-> 292
315 <-> 81, 1360, 1817
31 <-> 62, 164
318 <-> 2941
1 <-> 11
1988 <-> 8, 988
1990 <-> 119
1992 <-> 601, 6
170 <-> 48
