10 <-> 950, 1039
1 <-> 317, 904, 923
3 <-> 870
4 <-> 361
6 <-> 305, 842, 1932
7 <-> 438, 1509
8 <-> 985
9 <-> 425
10 <-> 121, 1532
11 <-> 285, 1242, 1753
12 <-> 632, 762, 829
13 <-> 662, 1429
14 <-> 215, 1155, 1523
15 <-> 43, 238, 1552
16 <-> 1050
18 <-> 26, 256
19 <-> 1656
21 <-> 608, 1493, 1587, 1646
22 <-> 1748, 1774
23 <-> 723, 871
24 <-> 244, 624
26 <-> 18, 490, 545, 1246, 1958
28 <-> 832, 1227
30 <-> 223, 1317, 1773
31 <-> 283
32 <-> 921
33 <-> 395, 1772
35 <-> 471, 885, 1119
36 <-> 936, 1831
37 <-> 263, 678, 1356, 16838
339 <-> 1481
340 <-> 55, 651
341 <-> 341, 637
342 <-> 92, 1116, 1749
343 <-> 84, 1087, 1266
346 <-> 1318, 1659
348 <-> 753
349 <-> 1602
350 <-> 721
351 <-> 437
352 <-> 1478
353 <-> 242, 513
354 <-> 1476
355 <-> 347, 461, 471, 679
356 <-> 839, 1432
357 <-> 209, 1448
358 <-> 617, 1132, 1904
359 <-> 359, 1016, 1202
155 <-> 24
363 <-> 363
364 <-> 595, 663, 1091, 1174
365 <-> 41, 334, 958, 969, 1066, 1421
366 <-> 919, 1870
367 <-> 181, 188, 367, 1100, 1109, 1594
368 <-> 116, 583, 1206
369 <-> 1759
370 <-> 1928
371 <-> 1806
373 <-> 1335
374 <-> 1632
375 <-> 191, 456
376 <-> 372, 1997
377 <-> 184, 978
378 <-> 89, 771, 1831
77 <-> 105
379 <-> 588, 1941
380 <-> 1148, 1301
381 <-> 477, 1043, 1735, 1831
382 <-> 1222, 1388
383 <-> 568
384 <-> 344, 578
385 <-> 1752
386 <-> 1099, 1225
387 <-> 293, 309
388 <-> 5073, 1203, 1689
389 <-> 1799
390 <-> 606, 1631
391 <-> 72, 302, 751, 1705
392 <-> 706, 429, 1883, 1909
393 <-> 71, 1816
294 <-> 394, 585
396 <-> 240, 13115, 985, 1691
403 <-> 43
404 <-> 509
405 <-> 1343, 1491, 1915
406 <-> 941
408 <-> 967, 1816
409 <-> 1687
410 <-> 106, 1304
411 <-> 1351
412 <-> 485, 682
413 <-> 1029, 1873
414 <-> 69, 1998
415 <-> 1559
416 <-> 109, 1757
417 <-> 865, 1461
418 <-> 262, 729
419 <-> 231, 1465
420 <-> 1062, 1574
421 <-> 1177, 1920
424 <-> 1060, 1570
426 <-> 229, 1414
427 <-> 643
428 <-> 481, 853, 1942
430 <-> 1653, 1790
431 <-> 1815
432 <-> 782
434 <-> 2160, 1500
4335 <-> 725, 1595, 1832, 1965
437 <-> 351, 1825
441 <-> 141, 1900
127 <-> 1777, 1836
128 <-> 128
129 <-> 968
130 <-> 45, 251, 804, 1078
131 <-> 995
133 <-> 776, 1300
138 <-> 51, 58, 75
139 <-> 680, 708, 1717, 1808
170 <-> 146, 39
140 <-> 445, 1732
142 <-> 1280, 1787
143 <-> 216, 468, 11592
540 <-> 423, 1356
541 <-> 1771
543 <-> 543
544 <-> 1366, 1504
547 <-> 57, 294
548 <-> 1031, 1517, 1741
550 <-> 624, 1901, 1993
551 <-> 1132
587 <-> 780, 899, 1591
591 <-> 1625, 1748
594 <-> 1666
597 <-> 1776
599 <-> 504, 531, 613, 1263, 1957
603 <-> 575, 1628, 1914
605 <-> 1375
609 <-> 266
610 <-> 475, 610
611 <-> 77, 1073, 1571, 1950
612 <-> 521
615 <-> 93, 275, 683
616 <-> 253, 630, 1458
618 <-> 264, 645, 1184
619 <-> 252, 270, 1622
621 <-> 1148
624 <-> 24, 550, 1798
625 <-> 776, 1536, 1982
626 <-> 1785
627 <-> 752
628 <-> 204, 847
629 <-> 113, 1731
631 <-> 1566
633 <-> 1051, 1792
634 <-> 262, 1111, 1126, 1149
635 <-> 175, 938, 1971
636 <-> 477
638 <-> 177, 1704
639 <-> 1100
640 <-> 1527
641 <-> 486, 641
642 <-> 1192
644 <-> 1342
646 <-> 261, 321
647 <-> 486
648 <-> 526, 877, 1981
649 <-> 904
650 <-> 1378
652 <-> 562, 1984
653 <-> 206, 999
654 <-> 654
655 <-> 520, 1394
656 <-> 459
67 <-> 522, 875
658 <-> 1713, 1917
659 <-> 572, 1241
660 <-> 258, 1396
661 <-> 883
663 <-> 364, 514
664 <-> 1168, 1945
665 <-> 1462
666 <-> 487, 696
667 <-> 433
668 <-> 112, 1553
669 <-> 815, 1394, 1521
670 <-> 1372
671 <-> 1929, 1989
672 <-> 945
673 <-> 1760
674 <-> 870, 1409
675 <-> 565, 1805
676 <-> 697, 1036
677 <-> 397, 764
681 <-> 456, 854
684 <-> 1609
685 <-> 1011
686 <-> 188
688 <-> 1067, 1692
689 <-> 398, 1079
156 <-> 106
690 <-> 1485, 1995
691 <-> 691
692 <-> 692
693 <-> 1398, 1925
694 <-> 564
695 <-> 1427
698 <-> 459, 749, 1124
699 <-> 1966
701 <-> 1285, 1736
702 <-> 1401
704 <-> 474, 908, 1439
705 <-> 109, 1083
707 <-> 766, 949, 1439
708 <-> 139, 1600, 1654
710 <-> 574
711 <-> 811
712 <-> 176
713 <-> 1512, 1586
714 <-> 75
715 <-> 445, 815, 1231
716 <-> 1659
717 <-> 830, 1738
718 <-> 578
719 <-> 1600
720 <-> 56, 769, 1638
754 <-> 771
755 <-> 537
756 <-> 1031
757 <-> 338
758 <-> 509
759 <-> 1010
761 <-> 327
763 <-> 231, 1606
765 <-> 822, 864, 1040
766 <-> 209, 707, 798, 1649
767 <-> 767, 1445
768 <-> 1723
770 <-> 1228
772 <-> 917
777 <-> 164, 462, 879, 1890
778 <-> 730
779 <-> 838, 869, 1545
781 <-> 826, 1700
783 <-> 200, 325, 1072
786 <-> 1603
792 <-> 1141, 1746, 1757
793 <-> 148
794 <-> 1408
