24 <-> 244, 624
42 <-> 47, 46
0 <-> 950, 1039
28 <-> 832, 1227
138 <-> 662, 1429
36 <-> 5, 91, 61
35 <-> 471, 885, 1119
14 <-> 215, 1155, 1523
9 <-> 425
15 <-> 43, 238, 1252
77 <-> 611
7 <-> 438, 1509
161 <-> 39, 93, 115, 87, 87, 57, 119
80 <-> 64
62 <-> 1130, 1571
193 <-> 63, 88, 165
19 <-> 1656
2 <-> 218, 490, 545, 1123, 1458
1 <-> 318, 904, 923
12 <-> 632, 762, 829
124 <-> 89, 34
164 <-> 121, 90
18 <-> 26, 256
48 <-> 116, 117
71 <-> 98, 50, 66, 156, 157, 81, 13
69 <-> 173, 85, 126, 16
183 <-> 176, 55, 83
58 <-> 186, 150, 49
133 <-> 82, 169, 51
23 <-> 723, 871
