0 <-> 31, 32, 33, 25, 34
1 <-> 35, 36, 37
2 <-> 38, 39, 40
3 <-> 41, 42, 43, 44
4 <-> 45, 46
5 <-> 47, 48, 49, 50
6 <-> 51, 52, 53, 54, 55, 56, 57
7 <-> 58, 59, 51, 60, 61, 62, 63
8 <-> 64, 38, 65, 66, 33, 35, 67
9 <-> 68, 69, 70, 71
10 <-> 72, 73, 74, 56, 75, 12, 76, 77
11 <-> 78, 79, 80, 81, 82, 83, 84
184 <-> 64, 166, 174
12 <-> 85, 86, 87, 88, 89
14 <-> 11, 92, 93, 94, 95
15 <-> 96
16 <-> 97, 98, 99
17 <-> 100, 49, 101, 102
18 <-> 103, 104
19 <-> 105, 106, 107
20 <-> 108, 109, 110
21 <-> 111, 38, 112, 113, 114, 115
22 <-> 116, 117, 118, 119, 29, 120
23 <-> 121, 122
24 <-> 123, 124, 125
25 <-> 8, 126, 127
26 <-> 128
27 <-> 129, 130, 131, 132
28 <-> 133, 134, 135
29 <-> 136, 137, 138, 85, 139, 140, 141, 97
30 <-> 142, 143
