1 <-> 317, 904, 922
79 <-> 91, 189, 111
144 <-> 158, 11, 26, 57, 68, 101, 147, 39
154 <-> 31
150 <-> 157, 90, 167, 80
4 <-> 2, 1938
25 <-> 72
471 <-> 35, 1075
50 <-> 74, 95, 88, 161
44 <-> 169
83 <-> 29, 162, 163
8 <-> 43, 7807, 11100, 720
513 <-> 114, 1665
519 <-> 1850, 1966
100 <-> 195, 11, 184, 162, 86
521 <-> 152, 612, 709, 753
522 <-> 657, 774, 1733
81 <-> 68, 15
38 <-> 95, 96, 97, 9, 0, 56, 42, 116
93 <-> 135, 67
62 <-> 179
525 <-> 1778
77 <-> 54, 110
124 <-> 60, 41
28 <-> 165, 47
526 <-> 261
527 <-> 71
528 <-> 1018, 1955
126 <-> 164
533 <-> 422, 738, 1872
19 <-> 17, 16, 12
24 <-> 13, 118
550 <-> 624, 1901, 1993
551 <-> 1131
142 <-> 5
143 <-> 87, 171, 27, 129, 173, 34, 105
553 <-> 791, 1295
554 <-> 76, 1245
172 <-> 112, 159, 32, 178
556 <-> 331, 820, 1562
557 <-> 723, 1368
559 <-> 1134
560 <-> 1633
561 <-> 577
562 <-> 593, 652
563 <-> 196, 1009
564 <-> 694, 1
4 <-> 950
