0 <-> 208, 209
1 <-> 210, 211, 212
2 <-> 213
3 <-> 214
4 <-> 215, 216, 217
5 <-> 218, 219
6 <-> 220
7 <-> 221
8 <-> 222, 223
9 <-> 224, 225, 226
10 <-> 227, 228, 229
11 <-> 230, 231
12 <-> 232, 233, 234
13 <-> 235, 236, 237
14 <-> 238
15 <-> 239
16 <-> 240, 241
17 <-> 242
18 <-> 243
19 <-> 244, 245, 246, 247
20 <-> 248, 249
21 <-> 250, 251
22 <-> 252, 253
23 <-> 16, 254, 255, 256, 257
24 <-> 24
25 <-> 258, 259
27 <-> 260, 104, 261
28 <-> 262
29 <-> 263
30 <-> 264, 265
31 <-> 266, 267, 1, 268, 269
32 <-> 270, 201
33 <-> 271, 272
34 <-> 273, 274
35 <-> 275, 276
36 <-> 277, 278, 279
37 <-> 280, 281, 282
38 <-> 283, 284, 285, 286
39 <-> 39, 287
40 <-> 288, 289, 290, 291
41 <-> 292, 293
42 <-> 294, 295
43 <-> 296
44 <-> 260, 297
45 <-> 298, 299
46 <-> 262, 300, 301, 302
47 <-> 303, 304
48 <-> 305
49 <-> 194
50 <-> 306, 307, 308
51 <-> 309, 310
52 <-> 311, 312, 313
53 <-> 314, 315
54 <-> 54
55 <-> 316
56 <-> 317, 56, 318
57 <-> 319, 57, 320
58 <-> 321, 322
59 <-> 323, 324, 325
60 <-> 326
61 <-> 327
62 <-> 328
63 <-> 329, 330
64 <-> 331
65 <-> 332
66 <-> 333
67 <-> 318
68 <-> 334
69 <-> 335, 336, 337
70 <-> 338
71 <-> 339, 340
72 <-> 341, 342
73 <-> 343, 344, 73
74 <-> 92, 345
75 <-> 346, 347
76 <-> 348, 349
77 <-> 350, 351
78 <-> 352, 353
79 <-> 354, 355
80 <-> 356, 357, 358
81 <-> 206, 359, 360
82 <-> 361, 362
83 <-> 363
84 <-> 219
85 <-> 364, 365
86 <-> 2, 366, 367, 368, 18, 369, 370, 26
87 <-> 371
88 <-> 369, 372
89 <-> 373
90 <-> 374, 375, 196, 376
91 <-> 377
92 <-> 378, 379, 380, 285, 381, 300, 382
93 <-> 383
94 <-> 384, 385
95 <-> 95, 386
96 <-> 96, 387, 388
97 <-> 389, 390, 391
98 <-> 188
99 <-> 392, 393
100 <-> 394
101 <-> 81
102 <-> 395, 396
103 <-> 397, 398
104 <-> 27, 399
105 <-> 400, 401
106 <-> 402
107 <-> 403
108 <-> 404, 405
109 <-> 406
110 <-> 407, 2, 408
111 <-> 409, 410
112 <-> 411
113 <-> 412
114 <-> 413, 395
115 <-> 414, 115, 415
116 <-> 304, 416
117 <-> 417
118 <-> 418, 118, 419
119 <-> 420, 421
120 <-> 422
121 <-> 423
122 <-> 424, 425
123 <-> 426
124 <-> 427, 428, 429
125 <-> 430, 431
126 <-> 432, 433, 434
127 <-> 127, 435, 436
128 <-> 427, 437
129 <-> 438, 439
130 <-> 440
131 <-> 364
132 <-> 392, 441, 442, 443
133 <-> 444
134 <-> 445
135 <-> 446, 447
136 <-> 86, 448, 449
137 <-> 450, 137
138 <-> 136
139 <-> 451
140 <-> 452
141 <-> 453, 454, 455
142 <-> 456
143 <-> 271, 390, 457, 458
144 <-> 459
145 <-> 460, 310
146 <-> 461, 462
147 <-> 463
148 <-> 464, 465
149 <-> 466, 467, 468
150 <-> 469, 470
151 <-> 471, 472, 473
152 <-> 474, 475
153 <-> 476, 477
154 <-> 478, 479, 480
155 <-> 481, 482
156 <-> 483, 484
157 <-> 485, 486
158 <-> 487
159 <-> 280, 488
160 <-> 489, 160
161 <-> 490, 491
162 <-> 492
163 <-> 493, 494
164 <-> 488
165 <-> 495, 496
166 <-> 497, 498
167 <-> 499
168 <-> 500, 501, 502
169 <-> 503
170 <-> 504, 505, 506
171 <-> 507
172 <-> 508, 509
173 <-> 173, 510, 511
174 <-> 512, 296
175 <-> 513, 175
176 <-> 176
177 <-> 371, 514
178 <-> 515, 516
179 <-> 517
180 <-> 518
181 <-> 519
182 <-> 520
183 <-> 521, 522, 199
184 <-> 523
185 <-> 524, 525
186 <-> 526, 527
187 <-> 528, 235
188 <-> 529, 444, 45
189 <-> 530
190 <-> 321, 531, 532
191 <-> 533
192 <-> 534, 258
193 <-> 535, 536
194 <-> 537, 538, 49, 539
195 <-> 540, 541
196 <-> 542, 543, 544, 90
197 <-> 545, 546
198 <-> 547, 548, 549
199 <-> 550, 183
200 <-> 430, 551
201 <-> 552, 32, 553
202 <-> 554, 555
203 <-> 556, 557
204 <-> 558
205 <-> 559, 560
206 <-> 222, 561
207 <-> 562, 563, 299
