13 <-> 250
16 <-> 254, 255, 256
56 <-> 56
35 <-> 136
518 <-> 518
43 <-> 303, 304, 305
46 <-> 308, 309
47 <-> 310, 311, 312
50 <-> 314, 315
52 <-> 318, 319, 320, 321
53 <-> 310, 322, 323
55 <-> 55, 328
56 <-> 329, 330
58 <-> 332
62 <-> 337, 338, 339, 340, 200
63 <-> 341, 342, 343
64 <-> 344, 345
65 <-> 65, 346
67 <-> 348, 349
69 <-> 351, 352, 3535
70 <-> 354, 355
71 <-> 71, 356
73 <-> 357, 358
77 <-> 363
78 <-> 364, 365, 366, 367, 168
79 <-> 368, 365
82 <-> 3701
83 <-> 262
20 <-> 24, 372, 55, 84, 42, 88, 141
86 <-> 86
87 <-> 377, 378
88 <-> 379
89 <-> 380
92 <-> 384, 385, 386
93 <-> 387
94 <-> 388, 389
97 <-> 394, 395, 396
99 <-> 123
100 <-> 398, 399, 400
102 <-> 403, 404, 289
104 <-> 407, 408
105 <-> 409, 246
106 <-> 410, 391
107 <-> 212
108 <-> 411
109 <-> 41, 412, 289, 4173
110 <-> 414
14 <-> 165
114 <-> 420, 421, 13, 250
115 <-> 115
117 <-> 424, 425, 358
120 <-> 427, 428, 429, 430, 431
121 <-> 121
124 <-> 437, 438
126 <-> 157
127 <-> 443
128 <-> 444, 445, 446
453 <-> 131
129 <-> 447, 448, 449
132 <-> 132, 455, 456
133 <-> 457, 458, 459
136 <-> 466, 467
137 <-> 137, 468, 469, 470
138 <-> 471
139 <-> 472, 473
140 <-> 474
141 <-> 475, 303, 476
143 <-> 477
144 <-> 478, 252, 479
145 <-> 480, 481, 482
146 <-> 483
149 <-> 488, 489
150 <-> 490, 362, 491
151 <-> 492, 493
153 <-> 495, 496, 497, 498
154 <-> 499, 500, 501
155 <-> 502, 468, 503
156 <-> 504
157 <-> 126, 505
158 <-> 506, 507, 158
159 <-> 508, 509
163 <-> 512, 513, 514
240 <-> 240
164 <-> 515
166 <-> 516, 387
167 <-> 517, 343
169 <-> 519
170 <-> 20, 432, 239, 520
171 <-> 521
173 <-> 523, 524, 444
175 <-> 527, 528, 529
176 <-> 530, 531, 532, 176
566 <-> 566
179 <-> 540, 541, 542
180 <-> 543
181 <-> 544, 545, 546
183 <-> 549, 550, 551
184 <-> 552
187 <-> 370, 555
72 <-> 499, 154, 500, 501
190 <-> 558
191 <-> 559, 560
193 <-> 193
194 <-> 561, 293
197 <-> 563
536 <-> 177, 533, 534, 535
199 <-> 566
200 <-> 74, 62, 359, 209
201 <-> 567, 568, 569
204 <-> 571
205 <-> 572, 573
206 <-> 474, 574
207 <-> 575, 576
208 <-> 577, 578
210 <-> 579, 580, 581, 582
215 <-> 587, 588
217 <-> 591, 592, 217
218 <-> 593, 594
220 <-> 596
222 <-> 597, 552
224 <-> 598, 599
225 <-> 464, 600
227 <-> 21, 261
228 <-> 601, 602
229 <-> 336, 253
230 <-> 603, 604
