0 <-> 950, 1039
1 <-> 317, 904, 923
2 <-> 2
3 <-> 870
4 <-> 361
6 <-> 305, 842, 1932
7 <-> 438, 1509
8 <-> 985
9 <-> 425
10 <-> 121, 1532
11 <-> 285, 1242, 1753
10 <-> 1907
21 <-> 608, 1493, 1587, 1646
22 <-> 1748, 1774
23 <-> 723, 871
24 <-> 244, 624
25 <-> 25
26 <-> 18, 490, 545, 1123, 1958
28 <-> 832, 1227
29 <-> 142
30 <-> 223, 1317, 1773
31 <-> 283
32 <-> 921
34 <-> 1170
35 <-> 471, 885, 1119
37 <-> 263, 678, 1356, 71
87 <-> 270, 1024, 1541, 1688, 1903
88 <-> 931, 1024
90 <-> 954, 1519
91 <-> 276
92 <-> 342
93 <-> 615, 1667, 1745
94 <-> 747, 973, 1010
96 <-> 1299, 1924
99 <-> 1419
101 <-> 148
102 <-> 807, 1177
104 <-> 248, 593, 895
105 <-> 113, 1090
106 <-> 820, 1114, 1557
108 <-> 1367
109 <-> 416, 705
110 <-> 1296, 1837
111 <-> 311, 1895
113 <-> 105, 629, 1786
114 <-> 1221
115 <-> 151
116 <-> 368, 725, 1889
117 <-> 567, 1502
118 <-> 136, 461, 804
120 <-> 1342, 1826
122 <-> 1421, 1532
124 <-> 124
125 <-> 1679
128 <-> 1498
133 <-> 776, 1300
134 <-> 134, 467
135 <-> 1176
137 <-> 207
139 <-> 680, 708, 1717, 1808
140 <-> 445, 1732
141 <-> 441
142 <-> 1280, 1787
143 <-> 216, 468, 1180, 1695
144 <-> 532, 996, 1794
145 <-> 145, 507
150 <-> 453, 999
152 <-> 521, 1037
154 <-> 1888
156 <-> 1138, 1146, 1335
157 <-> 292
316 <-> 1095
318 <-> 203
319 <-> 906, 1008, 1989
56 <-> 120, 185, 99
327 <-> 761, 1240, 1789
329 <-> 1167, 1569
330 <-> 595, 1059
