0 <-> 55, 56, 57, 58, 59, 60, 61, 62
1 <-> 63, 64, 65
2 <-> 66, 67
3 <-> 68
4 <-> 69, 70
5 <-> 71
6 <-> 72
7 <-> 73, 74
8 <-> 75, 76
9 <-> 77
10 <-> 78, 79, 80, 81
11 <-> 82, 83, 84, 85
12 <-> 86, 87, 88, 89
13 <-> 90
14 <-> 91, 92, 93, 94, 95, 96, 97, 98
15 <-> 99, 100, 101, 102, 103, 104, 105
16 <-> 106, 107
17 <-> 108, 109, 110, 12, 111, 112
18 <-> 113
19 <-> 114, 115, 116
20 <-> 117, 118
21 <-> 119, 120
22 <-> 121
23 <-> 122
24 <-> 123, 124
25 <-> 125, 126
26 <-> 127, 128, 129, 130
27 <-> 131, 132, 133
28 <-> 134
29 <-> 135, 136, 137
30 <-> 138, 139
31 <-> 140
32 <-> 141, 142
33 <-> 143, 144, 145
34 <-> 146, 147, 148, 149
35 <-> 150, 151
36 <-> 152, 153
37 <-> 154, 155
38 <-> 156
39 <-> 157, 158, 159
40 <-> 160
41 <-> 161, 162
42 <-> 163
43 <-> 164
44 <-> 165, 166, 167
45 <-> 168
46 <-> 169, 170, 171
47 <-> 172, 173
48 <-> 174, 175, 176, 177, 79, 178, 113
49 <-> 179, 180
50 <-> 181
51 <-> 182
52 <-> 183, 184
53 <-> 185, 186, 187, 188, 189
54 <-> 190, 191
