0 <-> 87, 88, 89
1 <-> 1
2 <-> 90
3 <-> 91
4 <-> 4
5 <-> 92, 93, 94
6 <-> 95, 96
7 <-> 97
8 <-> 98
9 <-> 99, 100
10 <-> 101, 102, 103
11 <-> 104, 105
12 <-> 106, 107, 108
13 <-> 109, 110, 111
14 <-> 112
15 <-> 113
16 <-> 21, 114
17 <-> 115
18 <-> 116
19 <-> 117, 118, 119, 120
20 <-> 121, 122
22 <-> 127, 128
23 <-> 129, 130, 131
24 <-> 132
25 <-> 133
26 <-> 134, 135
28 <-> 139, 140
29 <-> 141, 142, 143, 144, 145
30 <-> 146
31 <-> 147
32 <-> 148
33 <-> 149, 150
34 <-> 34, 151
35 <-> 152
37 <-> 37, 155
38 <-> 156
39 <-> 157
40 <-> 158, 159, 160, 161, 126
41 <-> 162, 163, 164
42 <-> 165, 166
43 <-> 43, 167
46 <-> 171, 172
47 <-> 173
48 <-> 174, 175
49 <-> 176, 177, 178
96 <-> 80
50 <-> 179, 180, 181
51 <-> 182
52 <-> 183, 184
53 <-> 53, 185
54 <-> 186, 187
55 <-> 188, 189
56 <-> 56, 190, 191
57 <-> 192, 193, 194, 195, 196
58 <-> 197
59 <-> 198, 199
60 <-> 200
61 <-> 201, 202, 203
62 <-> 204
63 <-> 205
64 <-> 6
65 <-> 206, 207
66 <-> 208, 209
67 <-> 210, 211
68 <-> 212, 213, 214
69 <-> 69, 215
70 <-> 70, 216
71 <-> 217
72 <-> 218, 219
73 <-> 220
74 <-> 221, 222, 223
75 <-> 224
76 <-> 225, 226, 227
77 <-> 228, 229
78 <-> 230, 231, 232, 233
79 <-> 234, 235
81 <-> 238
82 <-> 239
83 <-> 240, 83, 241
84 <-> 242, 243, 244, 245
85 <-> 246, 247, 248
