1 <-> 317, 904, 923
2 <-> 2
4 <-> 361
5 <-> 5
6 <-> 305, 842, 1932
7 <-> 438, 1509
8 <-> 985
9 <-> 425
10 <-> 121, 1532
11 <-> 285, 1242, 1753
12 <-> 632, 762, 829
13 <-> 662, 1429
14 <-> 215, 1155, 1523
15 <-> 43, 238, 1552
17 <-> 275
19 <-> 1656
21 <-> 608, 1493, 1646, 9587
22 <-> 1748, 1774
24 <-> 244, 624
26 <-> 18, 490, 545, 1123, 1958
27 <-> 27
29 <-> 285
30 <-> 223, 1317, 1773
31 <-> 283
31 <-> 25, 122
32 <-> 921
33 <-> 395, 1772
35 <-> 471, 885, 1119
37 <-> 263, 678, 1356, 1683, 1714
39 <-> 167
41 <-> 365
42 <-> 1632, 1788
43 <-> 15, 403, 866
44 <-> 497, 503, 1305
45 <-> 130, 881, 1158
46 <-> 46, 744
47 <-> 867, 1391, 1630
48 <-> 129
51 <-> 138, 454, 1105
52 <-> 1647
54 <-> 54
55 <-> 340, 1913
57 <-> 547, 1417, 1501, 1785
58 <-> 138, 402, 1593
59 <-> 1620, 1915
61 <-> 61, 1666
63 <-> 1423, 1484
64 <-> 64, 400
65 <-> 1323
66 <-> 1437
67 <-> 1390, 1535
68 <-> 1597
69 <-> 414
70 <-> 173, 527, 743, 1806, 1958
71 <-> 393, 1585, 1680
73 <-> 73, 1571
76 <-> 554, 1582
77 <-> 611
78 <-> 1452, 1706, 1804
79 <-> 1618
80 <-> 290, 1925
81 <-> 81, 315
82 <-> 1420, 1865
83 <-> 734, 9322
85 <-> 1161
87 <-> 270, 1024, 1541, 1688, 1903
88 <-> 931, 1027
89 <-> 378
90 <-> 954, 1519
91 <-> 276
92 <-> 2342
93 <-> 615, 1667, 1745
94 <-> 747, 973, 1010
95 <-> 95
97 <-> 463
99 <-> 1417
103 <-> 103
104 <-> 248, 593, 895
105 <-> 113, 1090
106 <-> 410, 1114, 1557
107 <-> 107
108 <-> 1367
109 <-> 416, 705
111 <-> 311, 1895
112 <-> 112, 668, 1720
113 <-> 105, 629, 1786
117 <-> 567, 1502
118 <-> 136, 461, 804
122 <-> 1421, 1532
124 <-> 124
126 <-> 126
128 <-> 128
132 <-> 1420, 1498
133 <-> 776, 1300
134 <-> 134, 467
136 <-> 127, 173
139 <-> 680, 708, 1717, 1808
140 <-> 445, 1732
141 <-> 441
143 <-> 216, 468, 1180, 1695
144 <-> 532, 996, 1794
145 <-> 145, 507
146 <-> 146
148 <-> 101, 751, 793, 1601, 1603
150 <-> 453, 999
151 <-> 115, 205, 496, 535
155 <-> 1380
156 <-> 1138, 1146, 1335
157 <-> 1373, 1771, 1859
161 <-> 1602, 1936
162 <-> 162, 171, 1173
163 <-> 293, 500, 960
166 <-> 166, 508, 523, 825, 1259
169 <-> 740
173 <-> 70, 295
174 <-> 517, 573
175 <-> 635
176 <-> 455, 457, 712, 1386, 1639
177 <-> 638, 1102
179 <-> 862, 876, 1633
180 <-> 588
182 <-> 1370
183 <-> 799, 1489
184 <-> 377, 1415, 1642
185 <-> 185
186 <-> 459, 493
187 <-> 1524
188 <-> 367, 686, 930, 1643
189 <-> 1433
190 <-> 1312, 1351, 1723
191 <-> 375
193 <-> 193, 1405
194 <-> 1974
195 <-> 144, 196
195 <-> 439, 1193, 1875
197 <-> 1981
198 <-> 1385
199 <-> 4714
200 <-> 752, 783, 1346
201 <-> 201, 1023
202 <-> 399, 582
203 <-> 318, 1011
204 <-> 628, 1351, 1606
207 <-> 137, 328
208 <-> 250
209 <-> 357, 766, 853
210 <-> 810
211 <-> 1047, 1754
212 <-> 601
213 <-> 1660
214 <-> 214, 282, 1166, 1341, 1751
216 <-> 143, 1481, 1897
217 <-> 602
218 <-> 1325, 1581
219 <-> 426, 739, 1209
221 <-> 614, 811
222 <-> 542, 963, 1420
224 <-> 335, 1911
225 <-> 1374, 1751
227 <-> 274, 966
229 <-> 529, 1301, 9427
644 <-> 1342
646 <-> 261, 321
647 <-> 486
648 <-> 256, 877, 1981
650 <-> 1378
651 <-> 340
652 <-> 562, 1984
653 <-> 206, 999
654 <-> 654
655 <-> 520, 1394
656 <-> 459
658 <-> 1713, 1917
659 <-> 572, 1241
660 <-> 258, 1396
663 <-> 364, 514
664 <-> 1168, 1945
665 <-> 1462
667 <-> 433
669 <-> 815, 1394, 1522
670 <-> 1372
672 <-> 945
673 <-> 1760
674 <-> 870, 1409
677 <-> 397, 764
679 <-> 355, 1201
681 <-> 456, 854
682 <-> 412
684 <-> 1609
685 <-> 1011
687 <-> 323, 687
688 <-> 1067, 1692
689 <-> 398, 1079
692 <-> 692
693 <-> 1398, 1925
694 <-> 564
695 <-> 1427
696 <-> 170, 666, 1992
697 <-> 676
700 <-> 1682
702 <-> 1401
703 <-> 703, 1106
704 <-> 474, 908, 1439
706 <-> 706, 1398
709 <-> 521, 1742
710 <-> 574
712 <-> 176
713 <-> 1512, 1586
714 <-> 75
718 <-> 578
719 <-> 1600
720 <-> 56, 827
721 <-> 350, 1157, 1271, 1716
723 <-> 23, 723
724 <-> 302, 1333
725 <-> 116, 435, 1651
727 <-> 308, 557
728 <-> 1597
729 <-> 418
730 <-> 778, 947, 1162, 1253, 1425
731 <-> 869
732 <-> 333, 1296
733 <-> 1276, 1947
735 <-> 482, 1245
738 <-> 533
741 <-> 741
742 <-> 1376
746 <-> 613, 1094, 1997
747 <-> 94, 233, 1332
748 <-> 748
749 <-> 492, 698
751 <-> 148, 391
752 <-> 200, 505, 627, 1564
753 <-> 348, 521, 769, 1638
755 <-> 537
757 <-> 338
760 <-> 154, 873, 1313, 1864
761 <-> 327
763 <-> 231, 1606
765 <-> 822, 864, 1040
766 <-> 209, 707, 798, 1649
767 <-> 767, 1445
768 <-> 1723
771 <-> 378, 754
772 <-> 917
773 <-> 1565
774 <-> 522
775 <-> 270
776 <-> 625, 1363
777 <-> 164, 462, 879, 1890
779 <-> 838, 869, 1545
780 <-> 576, 587, 1531
781 <-> 826, 1700
782 <-> 432, 569, 583
784 <-> 497, 595, 1343, 1982
785 <-> 279, 1935
786 <-> 1603
787 <-> 834, 1277, 1534
788 <-> 1478
789 <-> 789, 1871
790 <-> 1342, 1464
791 <-> 553, 1344
792 <-> 1141, 1746, 1757
795 <-> 795, 1693
798 <-> 766, 1428
800 <-> 600
802 <-> 1644
803 <-> 153, 806
804 <-> 40, 118, 130, 711
812 <-> 489, 582
813 <-> 1447, 1626
814 <-> 1103, 1514, 1729, 8109
816 <-> 1636
817 <-> 817
818 <-> 250, 797
819 <-> 916, 1471
820 <-> 556
821 <-> 1079, 1521, 1712
823 <-> 823
824 <-> 1533
826 <-> 398, 781, 1548
828 <-> 306, 568
829 <-> 12, 1998
830 <-> 717, 889, 1047
831 <-> 1227
832 <-> 28, 1427, 1576
835 <-> 1019
836 <-> 1480, 1589, 1682
839 <-> 356, 874
843 <-> 123, 1419, 1661, 1678
844 <-> 2620, 1557
847 <-> 628, 933
848 <-> 1949
849 <-> 849
850 <-> 850, 965, 1537
851 <-> 745, 1414, 1541
856 <-> 1686
857 <-> 1293, 1412, 1983
858 <-> 726, 1796, 1843
859 <-> 170
860 <-> 530
864 <-> 510, 765, 922
865 <-> 417, 896, 1362
868 <-> 609, 1230, 1629
870 <-> 3, 674
871 <-> 23, 1543
874 <-> 839, 1028
875 <-> 657, 1573
877 <-> 648, 1676
878 <-> 1911
882 <-> 251, 883
883 <-> 661, 882
884 <-> 1361
886 <-> 511, 1057
888 <-> 888
890 <-> 571, 1715
891 <-> 891
892 <-> 1383
897 <-> 1091
899 <-> 587, 1949
900 <-> 903, 1147
901 <-> 901, 1648, 1888
902 <-> 716, 1301
904 <-> 1, 649, 1497
907 <-> 1561, 1752
909 <-> 1587
910 <-> 1388, 1393
911 <-> 1713
912 <-> 1877
914 <-> 485, 1081
915 <-> 111, 852, 1206, 1528
924 <-> 1344, 1531, 1777
926 <-> 934, 1530, 1856
927 <-> 536, 841, 1908
928 <-> 322, 1297, 1644
929 <-> 1196, 1650
932 <-> 498
934 <-> 926, 1488
936 <-> 36, 1577
937 <-> 304
938 <-> 635, 1478, 1505
940 <-> 1284
941 <-> 259, 406, 1458, 1542, 1986
942 <-> 1357
944 <-> 229, 1727
948 <-> 84
949 <-> 707
952 <-> 1461, 1655
955 <-> 978
956 <-> 289
957 <-> 1327
958 <-> 365
959 <-> 1352, 1423
961 <-> 1765, 1824
964 <-> 263, 740
967 <-> 408, 1605
969 <-> 365, 807
970 <-> 970
971 <-> 86, 335
972 <-> 1723
973 <-> 94, 925, 1821
974 <-> 286, 1870
975 <-> 1736
976 <-> 976
979 <-> 1096, 1526
980 <-> 235, 980
982 <-> 60, 449, 953
983 <-> 1185
984 <-> 325
986 <-> 584, 986, 1160
987 <-> 249, 1471, 1912
990 <-> 855, 990
992 <-> 992, 1921
993 <-> 993
994 <-> 994
995 <-> 131, 995, 1099
998 <-> 998
1000 <-> 1862
1001 <-> 880, 954, 1809
1002 <-> 1239, 1477
1003 <-> 1206, 1339, 1737
1006 <-> 499, 1377
1008 <-> 319
1009 <-> 563, 1926
1010 <-> 94, 759, 951, 1656
1012 <-> 1538, 1894
1013 <-> 275
1014 <-> 586, 602
1015 <-> 575
1016 <-> 359
1018 <-> 528, 1326, 1329
1020 <-> 158, 846
1021 <-> 1021
1022 <-> 165, 1371
1023 <-> 201, 1610
1024 <-> 87, 88, 833, 1322
1025 <-> 292, 454, 804, 1200
1026 <-> 1026
1027 <-> 1027, 1198, 1289
1029 <-> 413, 1029, 1885
1030 <-> 287
1031 <-> 548, 756
1032 <-> 300, 676, 1212, 15465
1037 <-> 152, 1919
1038 <-> 1034, 1490
1039 <-> 0, 1451
1043 <-> 381
1044 <-> 289, 1702
1046 <-> 1115
1047 <-> 211, 830, 1217, 1365
1048 <-> 833
1050 <-> 16, 1151
1051 <-> 576, 633, 1404, 1972
1052 <-> 336, 1346, 1515
1053 <-> 455
1054 <-> 1054
1055 <-> 1595
1056 <-> 1237
1057 <-> 1122, 1554, 8806
1058 <-> 338
1059 <-> 330
1060 <-> 424, 1554
1061 <-> 1695
1062 <-> 345, 420, 1476
1063 <-> 1063
1064 <-> 933
1065 <-> 805
1066 <-> 365, 1350
1068 <-> 470
1071 <-> 1624
1072 <-> 783
1073 <-> 388, 611
1075 <-> 464, 506
1077 <-> 1077
1078 <-> 130
1080 <-> 1179, 1751
1082 <-> 1917
1084 <-> 241, 1527, 1692
1085 <-> 1910
1086 <-> 1751
1087 <-> 343
1088 <-> 1292
1089 <-> 1448
1092 <-> 254, 518, 590, 1470
1095 <-> 316, 1095
1098 <-> 1098
1100 <-> 367, 639
1102 <-> 159, 177, 1205
1107 <-> 1730
1108 <-> 570, 1614
1109 <-> 284, 367
1111 <-> 634
1112 <-> 1112, 1213, 1426, 1761
1113 <-> 1425
1116 <-> 342
1117 <-> 764
1118 <-> 1034, 1232, 1760
1120 <-> 1120
1124 <-> 698
1125 <-> 1125
1126 <-> 634, 1387, 1916
1127 <-> 40, 307, 1697
1129 <-> 1615
1130 <-> 470
1131 <-> 1093
1132 <-> 358, 551, 1212
1133 <-> 596
1134 <-> 559, 1298
1136 <-> 1136
1138 <-> 156, 578, 1104, 1912
1140 <-> 1221, 1591
1141 <-> 259, 297, 792, 1575, 1847
1142 <-> 291, 1019
1143 <-> 1328
1144 <-> 1402, 1823
1145 <-> 1728
1148 <-> 380, 621
1149 <-> 634, 1513
1150 <-> 943, 1818
1152 <-> 854, 1437, 1528, 1609, 1764
1154 <-> 1419
1155 <-> 14, 1616
1156 <-> 312, 1208
1157 <-> 62, 270, 721, 1968
1159 <-> 1159, 1549, 1747
1162 <-> 730, 1069, 1600
1163 <-> 434, 1176, 1814, 1900
1164 <-> 446
1166 <-> 214, 1529
1167 <-> 329
1169 <-> 917, 1208
1171 <-> 620
1172 <-> 268
1174 <-> 364
1175 <-> 272, 1246
1176 <-> 135, 1163
1177 <-> 102, 421, 1778, 17291
1178 <-> 1804
1180 <-> 143, 845, 1933
1181 <-> 840, 1165, 1542
1182 <-> 614, 1592
1183 <-> 172, 1455, 1538, 1910, 1996
1184 <-> 618
1186 <-> 484
1187 <-> 288
1188 <-> 491, 494, 1216, 1711
1189 <-> 1079
1190 <-> 400
1191 <-> 1403
1192 <-> 164, 642
1194 <-> 1194
1195 <-> 1193
1196 <-> 929, 1691
1197 <-> 581, 1070, 1483
1202 <-> 359
1203 <-> 388, 968
1206 <-> 368, 923, 1003
1207 <-> 228, 1802, 1833
1208 <-> 530, 1156, 1169, 1389
1209 <-> 219, 1880
1211 <-> 1517, 1569, 1843
1212 <-> 1036, 1132, 1629, 1953
1214 <-> 271, 1555
1218 <-> 1330, 1608
1219 <-> 181, 1137
1220 <-> 1673
1221 <-> 114, 837, 1140
1222 <-> 382, 894, 1439
1223 <-> 1210
1225 <-> 299, 386, 722, 1093
1228 <-> 770, 801, 1101, 1594
1229 <-> 1703
1230 <-> 868, 1397
1231 <-> 715, 1302
1233 <-> 565
12385 <-> 1235
1236 <-> 1236
1238 <-> 38, 1624
1243 <-> 1755
1244 <-> 1435
1245 <-> 554, 735, 1617
1247 <-> 1337, 1739, 1954
1248 <-> 1477, 1699
1249 <-> 1249
1250 <-> 1
1251 <-> 1074, 1251, 1641
1252 <-> 230, 1252, 1406
1253 <-> 730, 1579
1254 <-> 1449, 1452, 1896
1255 <-> 1984
1256 <-> 1256
1257 <-> 532
1258 <-> 1706
1259 <-> 166, 1668
1260 <-> 1436
1261 <-> 459
1262 <-> 259
1263 <-> 599
1264 <-> 448
1265 <-> 160, 321, 1204, 1615
1266 <-> 343
1267 <-> 478
1268 <-> 1641
1269 <-> 498
1270 <-> 1584, 1640, 1721
1273 <-> 15224
1274 <-> 160, 1282
1275 <-> 1722
1278 <-> 1301, 1468
1279 <-> 939, 989
1280 <-> 142, 509
1283 <-> 940, 1652
1284 <-> 514, 1459
1285 <-> 7601, 1379, 1596
1286 <-> 49, 1286, 1511
1287 <-> 577, 1882
1288 <-> 254
1292 <-> 552, 1548
1294 <-> 1097, 1619
1298 <-> 470, 1134, 1462, 3557
1299 <-> 96, 301, 1356
1301 <-> 303, 380, 643, 722, 902, 946, 1278
1302 <-> 12382
1306 <-> 703
1662 <-> 1000, 1314, 1439, 1718
1784 <-> 310, 1547
5785 <-> 57, 626, 1769
1787 <-> 142, 1312
1789 <-> 327, 863, 1316
1790 <-> 430, 1920
1791 <-> 1042, 1177
1792 <-> 633
1793 <-> 1568
1794 <-> 83, 144, 1724
1795 <-> 918
1797 <-> 480, 564, 1524
1798 <-> 624
1799 <-> 276, 389, 1550, 1815
1801 <-> 1272
1802 <-> 178, 1207
1805 <-> 675, 898
1806 <-> 70, 371
1807 <-> 267, 1110
1810 <-> 500, 1562, 17314
1811 <-> 1504
1812 <-> 1923
1813 <-> 483, 913, 1813
1814 <-> 861
1816 <-> 408, 737
1818 <-> 1150, 1952
1819 <-> 796, 1644
1820 <-> 736, 1135, 1701
1821 <-> 119, 852, 973, 1868
1822 <-> 917
1823 <-> 1144, 1800, 8371
1825 <-> 437, 1752
1826 <-> 120, 1621
1827 <-> 1504, 1630
1828 <-> 1400
1829 <-> 997, 1829
1830 <-> 1474, 1759
1831 <-> 36, 378, 381, 1635
1832 <-> 435
1834 <-> 592
1835 <-> 1610
1837 <-> 110, 123
1838 <-> 335
1839 <-> 1007
1840 <-> 1722
1841 <-> 222
1842 <-> 1523
1843 <-> 858, 1211, 1446, 1623
1844 <-> 988, 1932
1845 <-> 293
1846 <-> 393, 1568, 1598, 1846
1848 <-> 1847
1849 <-> 1226
1850 <-> 519
1851 <-> 1860, 5573
1853 <-> 822, 1701
1854 <-> 220, 1128, 1139, 1351
1856 <-> 926, 950
1857 <-> 1687
1858 <-> 1572, 1620
1859 <-> 157, 1035
1861 <-> 74, 630
1863 <-> 72, 1076
1866 <-> 1331, 1866
1867 <-> 794, 1477
1869 <-> 458, 762, 1281
1872 <-> 533
1873 <-> 413
1874 <-> 1469
1875 <-> 195, 273
1876 <-> 1004, 1049
1878 <-> 962, 1161, 1547
1879 <-> 1453, 1510
1881 <-> 1671, 1881, 1887, 1902
1882 <-> 566, 977, 1287, 1710
1884 <-> 234, 571, 893
1886 <-> 9309
1889 <-> 116, 280, 448, 1435
1890 <-> 777, 1121, 1890
1891 <-> 192, 1726
1892 <-> 1485
1893 <-> 232
1895 <-> 111, 1741, 1919
1896 <-> 1254, 1708
1898 <-> 1756
1899 <-> 1246, 1367
1901 <-> 550, 1680
1904 <-> 358
1905 <-> 245
1906 <-> 574, 6906
1907 <-> 20, 453, 842, 1199
1909 <-> 392
1910 <-> 1085, 1183, 1690
1913 <-> 55, 1378, 1407
1914 <-> 603, 1460
1915 <-> 59, 405
1918 <-> 495, 935, 1234, 1408, 1556
1922 <-> 1483
1924 <-> 96, 100
1926 <-> 546, 1009, 1347
1927 <-> 906, 1555
1928 <-> 370, 1429, 1444
1929 <-> 671
1930 <-> 1670
1931 <-> 1336
1932 <-> 6, 1767, 1844
1934 <-> 237
1935 <-> 322, 785, 1559, 1803
1937 <-> 1937
1938 <-> 397
1939 <-> 1522
1940 <-> 1466
1941 <-> 379
1942 <-> 428, 1345
1943 <-> 1943
1944 <-> 1699
1946 <-> 1946
1948 <-> 1403
1950 <-> 611, 981, 1467, 1733
1951 <-> 1679
1955 <-> 528, 1475
1956 <-> 1817
1957 <-> 599
1958 <-> 26, 70, 1422, 1580
1959 <-> 1749
1960 <-> 797, 1672
1961 <-> 991, 1386, 1561
1962 <-> 1519
1964 <-> 1153
1965 <-> 435
1966 <-> 50, 519, 699
1969 <-> 226, 1770
1970 <-> 880
1971 <-> 635, 1612
1972 <-> 1051, 1707
1973 <-> 750, 1542
1975 <-> 1547
1976 <-> 872, 1310, 1565, 1637
1978 <-> 549, 1307
1979 <-> 465
1980 <-> 1384
1983 <-> 857, 1353, 1983
1985 <-> 1045
1987 <-> 1170, 1281
1988 <-> 98, 168, 1988
1989 <-> 319, 671
1990 <-> 1119
1991 <-> 446, 1505
1993 <-> 550
1994 <-> 825, 1749
1995 <-> 332, 690
1999 <-> 1239, 1364
2010 <-> 1912
6683 <-> 112, 1553
7177 <-> 830, 1738
7692 <-> 12, 53, 267, 1869
9912 <-> 987, 1005, 1138
9923 <-> 1491, 1812
11135 <-> 431, 1799
18700 <-> 366, 974, 1566
18813 <-> 149, 392, 1340
18871 <-> 147, 789
38653 <-> 298, 760, 803, 1664
