1 <-> 317, 904, 923
4 <-> 361
7 <-> 4
382 <-> 1222, 1388
391 <-> 72, 302, 751, 1705
392 <-> 306, 429, 1883, 1909
403 <-> 43
405 <-> 1343, 1491, 1915
406 <-> 941
407 <-> 450, 534
408 <-> 967, 1816
409 <-> 1687
410 <-> 106, 1304
411 <-> 1351
412 <-> 485, 682
413 <-> 1029, 1873
414 <-> 69, 1998
416 <-> 109, 1757
417 <-> 865, 1461
418 <-> 262, 729
419 <-> 231, 1465
97 <-> 181
420 <-> 1062, 1574
421 <-> 1177, 1920
422 <-> 533, 1435
423 <-> 540
424 <-> 1060, 1570
31 <-> 3
425 <-> 9, 261
426 <-> 229, 1414
428 <-> 481, 1705, 1942
66 <-> 183, 82
434 <-> 2163, 1500
436 <-> 233
437 <-> 351, 1825
438 <-> 7
439 <-> 195
107 <-> 101
121 <-> 10
123 <-> 843, 1837
127 <-> 1777, 1836
128 <-> 128
130 <-> 45, 251, 804, 1078
132 <-> 1420, 1498
133 <-> 776, 3300
134 <-> 134, 467
35 <-> 102, 85, 189, 15, 162, 24, 198, 100
135 <-> 1176
136 <-> 118, 1509
137 <-> 207
138 <-> 51, 58, 75
139 <-> 680, 708, 1717, 1808
140 <-> 445, 1732
1402 <-> 1280, 1787
143 <-> 216, 468, 11592
541 <-> 1771
55 <-> 42, 111
542 <-> 74
44 <-> 99
711 <-> 811
719 <-> 1600
721 <-> 350, 1157, 1271, 1716
723 <-> 23, 923
724 <-> 302, 1333
725 <-> 116, 435, 1651
726 <-> 858
730 <-> 778, 947, 1162, 1253, 1425
110 <-> 17
733 <-> 1276, 1947
734 <-> 83
735 <-> 482, 1245
736 <-> 1241, 1331, 1820
740 <-> 169, 964
743 <-> 70, 1276
744 <-> 46
745 <-> 851
746 <-> 613, 1094, 1997
747 <-> 88, 233, 1332
752 <-> 200, 505, 627, 1564
753 <-> 348, 521, 769, 1638
755 <-> 537
756 <-> 1031
757 <-> 338
758 <-> 509
759 <-> 1010
193 <-> 69, 80, 151, 190, 157
131 <-> 51, 6
161 <-> 18
760 <-> 153, 873, 1313, 1864
761 <-> 327
762 <-> 12, 53, 267, 1869
65 <-> 52
59 <-> 21
765 <-> 822, 864, 1040
767 <-> 767, 1445
768 <-> 1723
770 <-> 1228
771 <-> 378, 754
773 <-> 432, 569, 583
783 <-> 200, 325, 1072
784 <-> 497, 595, 1343, 1982
785 <-> 279, 1935
786 <-> 1603
787 <-> 834, 1277, 1534
789 <-> 789, 1871
790 <-> 1342, 1464
791 <-> 553, 1344
792 <-> 1141, 1746, 1757
793 <-> 148
