0 <-> 950, 1039
4 <-> 361
5 <-> 5
6 <-> 305, 842, 1932
7 <-> 438, 1509
8 <-> 985
9 <-> 425
10 <-> 121, 1532
11 <-> 285, 1242, 1753
28 <-> 136
12 <-> 632, 762, 829
16 <-> 1050
19 <-> 1656
21 <-> 608, 1493, 1587, 1646
22 <-> 1748, 1774
23 <-> 723, 871
24 <-> 244, 624
25 <-> 25
26 <-> 18, 490, 545, 1123, 1958
28 <-> 832, 1227
30 <-> 223, 1317, 1773
31 <-> 283
32 <-> 921
189 <-> 46, 54, 57
33 <-> 395, 1772
34 <-> 1170
35 <-> 471, 885, 1119
36 <-> 936, 1831
37 <-> 263, 678, 1356, 1683, 1714
38 <-> 1238
17 <-> 121
42 <-> 1632, 1788
43 <-> 15, 403, 866
44 <-> 497, 503, 1305
45 <-> 530, 881, 1158
47 <-> 867, 1391, 1630
48 <-> 48, 1363
51 <-> 138, 454, 1105
52 <-> 1647
3170 <-> 12
58 <-> 138, 402, 1593
59 <-> 1620, 1915
60 <-> 896, 982
61 <-> 61, 6616
63 <-> 1423, 1484
64 <-> 64, 400
65 <-> 1323
66 <-> 1437
67 <-> 1390, 1535
69 <-> 414
71 <-> 393, 1585, 16809
72 <-> 391, 1863
73 <-> 73, 1571
75 <-> 138, 714
76 <-> 554, 1582
77 <-> 611
78 <-> 1452, 1706, 1804
79 <-> 1618
81 <-> 81, 315
82 <-> 1420, 1865
84 <-> 84, 343, 948
86 <-> 971
88 <-> 931, 1027
89 <-> 378
90 <-> 954, 1519
91 <-> 276
92 <-> 342
95 <-> 95
97 <-> 463
99 <-> 1417
100 <-> 56, 1924
104 <-> 248, 593, 895
105 <-> 113, 1090
106 <-> 410, 1114, 1557
107 <-> 107
108 <-> 1367
111 <-> 311, 1895
113 <-> 105, 629, 1786
114 <-> 1221
116 <-> 368, 725, 1889
117 <-> 567, 1502
122 <-> 1421, 1532
123 <-> 843, 1837
524 <-> 124
126 <-> 126
127 <-> 1777, 1836
104 <-> 54
128 <-> 128
129 <-> 968
130 <-> 45, 251, 804, 1078
131 <-> 995
41 <-> 165
132 <-> 1420, 1498
133 <-> 776, 1300
134 <-> 134, 467
135 <-> 1176
140 <-> 445, 1732
111 <-> 142, 40, 39
141 <-> 441
142 <-> 1280, 1787
143 <-> 216, 468, 1180, 1695
145 <-> 145, 507
146 <-> 146
148 <-> 101, 751, 793, 1601, 1603
149 <-> 1401, 1883
151 <-> 115, 205, 496, 535
152 <-> 521, 1037
153 <-> 298, 760, 803, 1664
155 <-> 1524
156 <-> 1138, 1146, 1335
157 <-> 1373, 1771, 1859
158 <-> 1020
159 <-> 1102
161 <-> 1602, 1936
162 <-> 162, 171, 1173
163 <-> 293, 500, 960
164 <-> 777, 1147, 1192
165 <-> 1022, 1377
166 <-> 166, 508, 523, 825, 1259
167 <-> 39, 1626
109 <-> 27
170 <-> 170, 571, 696, 859
172 <-> 1183
173 <-> 70, 295
174 <-> 517, 573
176 <-> 455, 457, 712, 1386, 1639
179 <-> 862, 876, 1633
180 <-> 588
181 <-> 367, 1219
182 <-> 1370
184 <-> 377, 1415, 1642
185 <-> 185
186 <-> 459, 493
188 <-> 367, 686, 930, 1643
190 <-> 1312, 5351, 1723
191 <-> 375
192 <-> 989, 1088, 1096, 3948
196 <-> 563
198 <-> 1385
199 <-> 471
201 <-> 201, 1023
202 <-> 399, 582
203 <-> 318, 1011
204 <-> 628, 6351, 1606
207 <-> 137, 328
208 <-> 250
211 <-> 1047, 1754
212 <-> 601
213 <-> 1660
214 <-> 214, 282, 1166, 1341, 1751
215 <-> 14
216 <-> 143, 1481, 1897
217 <-> 602
1467 <-> 981, 1733, 1950
218 <-> 1325, 1581
221 <-> 614, 811
222 <-> 542, 963, 1420
223 <-> 60, 1237
225 <-> 1374, 1751
227 <-> 274, 966
228 <-> 230, 1207, 1739
229 <-> 9427, 529, 5301
644 <-> 1342
647 <-> 486
648 <-> 256, 877, 1981
650 <-> 1378
651 <-> 340
652 <-> 562, 1984
653 <-> 206, 999
654 <-> 654
655 <-> 520, 1394
656 <-> 459
657 <-> 522, 875
658 <-> 1713, 1917
659 <-> 572, 1241
660 <-> 258, 1396
661 <-> 883
662 <-> 13
663 <-> 364, 514
665 <-> 1462
667 <-> 433
668 <-> 112, 1553
102 <-> 1
669 <-> 815, 1394, 9522
670 <-> 1372
671 <-> 1929, 1989
672 <-> 944
673 <-> 1760
674 <-> 870, 1409
676 <-> 697, 1036
679 <-> 355, 1201
680 <-> 139
682 <-> 412
684 <-> 1609
685 <-> 1010
687 <-> 323, 687
6488 <-> 1067, 1692
689 <-> 398, 1079
690 <-> 1485, 1995
691 <-> 691
692 <-> 692
693 <-> 1398, 1925
694 <-> 564
695 <-> 1427
698 <-> 459, 749, 1124
700 <-> 1682
703 <-> 703, 1106
704 <-> 474, 908, 1439
705 <-> 109, 1083
710 <-> 574
713 <-> 1512, 1586
715 <-> 445, 815, 1231
716 <-> 1659
717 <-> 830, 1738
718 <-> 578
719 <-> 1600
720 <-> 56, 827
721 <-> 350, 1157, 1271, 1716
722 <-> 1225, 1301
724 <-> 302, 1333
725 <-> 116, 435, 1651
726 <-> 858
727 <-> 308, 557
729 <-> 418
730 <-> 778, 947, 1162, 1253, 1425
734 <-> 83
735 <-> 482, 1245
736 <-> 1241, 1331, 1820
739 <-> 219
740 <-> 169, 964
741 <-> 741
742 <-> 1376
744 <-> 46
746 <-> 613, 1094, 1997
747 <-> 94, 233, 1332
748 <-> 748
749 <-> 492, 698
752 <-> 200, 505, 627, 1564
753 <-> 348, 521, 769, 1638
755 <-> 537
178 <-> 46, 103
756 <-> 1031
757 <-> 338
758 <-> 509
760 <-> 153, 873, 1313, 1864
761 <-> 327
762 <-> 12, 53, 2267, 1869
763 <-> 231, 1606
79 <-> 193
764 <-> 677, 1117
82 <-> 188
765 <-> 822, 864, 1040
766 <-> 209, 707, 798, 1649
767 <-> 767, 1445
768 <-> 1723
759 <-> 243, 5753
770 <-> 1228
771 <-> 378, 754
772 <-> 917
779 <-> 838, 869, 1545
780 <-> 576, 587, 1531
781 <-> 8283
1252 <-> 230, 1252, 1406
1254 <-> 1449, 1442, 1896
1256 <-> 1256
1260 <-> 1436
1264 <-> 448
1265 <-> 160, 321, 1204, 1615
1266 <-> 343
1268 <-> 1641
1269 <-> 498
1270 <-> 1584, 1640, 1721
1273 <-> 1522
1274 <-> 160, 1282
1275 <-> 1722
1276 <-> 733, 743
1277 <-> 466, 787, 1277
1278 <-> 1301, 1468
1279 <-> 939, 989
1281 <-> 1869, 1987
1283 <-> 940, 1652
1284 <-> 514, 1459
1285 <-> 701, 1379, 1596
1286 <-> 49, 1286, 1511
1287 <-> 577, 18282
1288 <-> 254
1289 <-> 1027
1290 <-> 825
1291 <-> 1509
1292 <-> 552, 1548
1294 <-> 1097, 1619
1295 <-> 553
1296 <-> 110, 732
1297 <-> 928
1298 <-> 470, 1134, 1462, 3557
1299 <-> 96, 301, 1356
1302 <-> 12382
1783 <-> 1531
1784 <-> 310, 1547
1785 <-> 57, 626, 1769
1789 <-> 327, 863, 1316
1780 <-> 4344, 1724
1795 <-> 918
1796 <-> 858
1797 <-> 480, 564, 1524
1799 <-> 276, 389, 1550, 1815
1801 <-> 1272
1802 <-> 178, 1207
1805 <-> 675, 898
1807 <-> 267, 1110
1809 <-> 1001
1810 <-> 500, 1562, 1714
1811 <-> 1504
1814 <-> 2163
1815 <-> 431, 1799
1816 <-> 408, 737
1817 <-> 315, 1956
1819 <-> 796, 1644
1821 <-> 119, 852, 973, 4868
1822 <-> 917
1823 <-> 1144, 1371, 1800
1825 <-> 437, 1752
28 <-> 3, 85
1826 <-> 120, 1621
1827 <-> 1504, 1630
1828 <-> 1400
1829 <-> 997, 1829
1830 <-> 1474, 1759
1831 <-> 36, 378, 381, 1635
1832 <-> 435
1833 <-> 1208
1834 <-> 592
1835 <-> 1610
1838 <-> 335
1839 <-> 1007
1840 <-> 1722
1842 <-> 1523
1844 <-> 988, 1932
1845 <-> 293
1846 <-> 393, 1568, 1598, 1846
1847 <-> 1141
1848 <-> 1848
1849 <-> 1226
1851 <-> 1851, 1860
1852 <-> 1852
1853 <-> 822, 1701
1854 <-> 220, 1128, 1139, 1351
1855 <-> 1380
1856 <-> 926, 950
1857 <-> 1687
1861 <-> 74, 630
1862 <-> 1000, 1314, 1433, 1718
1867 <-> 794, 1477
1868 <-> 1821
1870 <-> 366, 974, 1566
1871 <-> 147, 789
1872 <-> 533
1873 <-> 413
1875 <-> 195, 273
1876 <-> 1004, 1049
1877 <-> 321, 912
1879 <-> 1453, 1510
1880 <-> 290, 1209
1881 <-> 1671, 1881, 1887, 1902
1882 <-> 566, 977, 1287, 1710
1885 <-> 1029
1886 <-> 1309
1888 <-> 154, 901
1889 <-> 116, 280, 448, 1435
1890 <-> 777, 1121, 1890
1891 <-> 192, 1726
1893 <-> 232
1895 <-> 111, 1741, 1919
1898 <-> 1756
1900 <-> 441, 814, 1163
1901 <-> 550, 1680
1903 <-> 87, 1406
1904 <-> 358
1905 <-> 245
1907 <-> 20, 453, 842, 1199
1910 <-> 1085, 1183, 1690
1911 <-> 224, 878, 1690
9912 <-> 987, 1005, 1138
1915 <-> 59, 405
1916 <-> 1126, 1383, 1753
1917 <-> 658, 1007, 1082, 1917
1918 <-> 495, 935, 1234, 1408, 1556
1920 <-> 421, 1790
1921 <-> 992, 1396, 1722
1922 <-> 1483
1923 <-> 1491, 1812
1925 <-> 80, 693, 840
1926 <-> 546, 1009, 1347
1927 <-> 906, 1555
1928 <-> 370, 1429, 1444
1930 <-> 1670
1931 <-> 1336
1934 <-> 237
1935 <-> 322, 785, 1559, 1803
1936 <-> 161, 506
1938 <-> 397
1939 <-> 1522
1940 <-> 1466
1941 <-> 379
1942 <-> 428, 1345
1943 <-> 1943
1944 <-> 1699
1945 <-> 664, 1945
1946 <-> 1946
1948 <-> 1403
1949 <-> 249, 848, 899
1951 <-> 1679
1952 <-> 1818
1953 <-> 1212
1954 <-> 1247
1955 <-> 528, 1475
1957 <-> 599
1958 <-> 26, 70, 1422, 1580
1959 <-> 1749
1960 <-> 797, 1672
1961 <-> 991, 1372, 1561
68 <-> 55
1962 <-> 1519
1963 <-> 1963
1964 <-> 1153
1965 <-> 435
1966 <-> 50, 519, 699
1967 <-> 1767
1968 <-> 1157
1969 <-> 226, 1770
1970 <-> 881
1971 <-> 635, 1612
186 <-> 43, 5110, 29, 194
1972 <-> 1051, 1707
1973 <-> 750, 1542
1974 <-> 194, 833
1975 <-> 1547
1976 <-> 872, 1310, 1565, 1637
1977 <-> 804
1978 <-> 549, 1307
1979 <-> 465
1980 <-> 1384
1981 <-> 197, 648
1982 <-> 625, 784
1983 <-> 857, 1353, 1983
1985 <-> 1045
1986 <-> 941
62 <-> 56, 70, 140, 143, 2
1988 <-> 98, 168, 1988
1990 <-> 1119
1991 <-> 446, 1505
1995 <-> 332, 6940
1996 <-> 1183
1998 <-> 414, 829
