0 <-> 192, 193
1 <-> 194, 195, 196
2 <-> 197
3 <-> 198
4 <-> 4
5 <-> 199, 200, 201
6 <-> 202, 203
7 <-> 204
8 <-> 205
9 <-> 206, 207
10 <-> 208, 209, 210
11 <-> 211, 212, 213
12 <-> 214, 215
13 <-> 216, 217, 218
14 <-> 219
15 <-> 220
16 <-> 221, 222
17 <-> 223
18 <-> 224
19 <-> 225, 226
20 <-> 227, 228
21 <-> 16, 229, 230, 231, 232
22 <-> 22
23 <-> 233, 234
25 <-> 235, 98, 236
26 <-> 237
27 <-> 238
28 <-> 239, 240
29 <-> 241, 242, 1, 243, 244
30 <-> 245, 185
31 <-> 38, 246, 15, 247
32 <-> 248, 249
33 <-> 250
34 <-> 251, 252
35 <-> 253, 254, 255
36 <-> 256, 256, 257
37 <-> 258, 259, 260, 261
38 <-> 38, 262
39 <-> 263, 264, 265, 266
40 <-> 267, 268
41 <-> 269, 270
42 <-> 271
43 <-> 235, 272
44 <-> 237, 273, 274, 275
45 <-> 276, 277
46 <-> 278
47 <-> 178
48 <-> 279, 280, 281
49 <-> 282, 283
50 <-> 284, 285, 286
51 <-> 287, 288
52 <-> 52
53 <-> 289
54 <-> 290, 54, 291
55 <-> 292, 55, 293
56 <-> 294, 295
57 <-> 296, 297, 298
59 <-> 299
60 <-> 300
61 <-> 301, 302
62 <-> 303
63 <-> 304
64 <-> 305
65 <-> 291
67 <-> 306
68 <-> 307, 308, 309
69 <-> 310
70 <-> 311, 312
71 <-> 313, 314, 71
72 <-> 90, 315
73 <-> 316, 317
74 <-> 318, 319
75 <-> 320, 321
76 <-> 322, 323
77 <-> 324, 325, 326
78 <-> 190, 327, 328
79 <-> 329, 330
80 <-> 331
81 <-> 203
82 <-> 332, 333
83 <-> 2, 334, 335, 336, 18, 337, 338, 24
84 <-> 339
85 <-> 337, 340
87 <-> 341, 342, 180, 343
88 <-> 344, 345, 125
89 <-> 346
90 <-> 347, 348, 349, 260, 350, 273, 351
91 <-> 352
92 <-> 353, 354
93 <-> 93, 355
94 <-> 94, 356, 357
95 <-> 358, 359, 360
96 <-> 361, 362
97 <-> 363, 364
98 <-> 25, 365
99 <-> 366, 367
100 <-> 368
101 <-> 369
102 <-> 370, 371
103 <-> 372
104 <-> 373, 2, 374
105 <-> 375, 376
106 <-> 377
107 <-> 378
108 <-> 379
33 <-> 380, 363
109 <-> 379, 109, 381
110 <-> 277, 382
111 <-> 383
66 <-> 384
112 <-> 385, 386
113 <-> 387
114 <-> 388, 389, 390
115 <-> 391, 392
116 <-> 393, 394, 395
117 <-> 117, 396, 397
118 <-> 388, 398
119 <-> 399, 400
120 <-> 401
122 <-> 361, 402, 403, 404
123 <-> 405
124 <-> 406
125 <-> 83, 407, 88
126 <-> 408, 126
127 <-> 125
31 <-> 409
128 <-> 410
129 <-> 411, 412, 413
130 <-> 414
131 <-> 415, 359, 416, 417
132 <-> 418
133 <-> 419, 283
134 <-> 420, 421
135 <-> 422, 423
136 <-> 424, 425, 426
137 <-> 427, 428
138 <-> 429, 430, 431
139 <-> 432, 433
140 <-> 434, 435, 436
142 <-> 437, 438
143 <-> 439, 440
144 <-> 441, 442
145 <-> 443
146 <-> 444, 445
147 <-> 446, 147
148 <-> 447, 448
149 <-> 449
150 <-> 450, 451
151 <-> 452, 453, 454
152 <-> 455, 456
153 <-> 457
154 <-> 458, 105, 459
155 <-> 460
156 <-> 461, 462, 463
157 <-> 464
158 <-> 465, 466
159 <-> 159, 467, 468
160 <-> 469, 271
161 <-> 470, 161
162 <-> 162
163 <-> 339, 471
164 <-> 472, 473
165 <-> 474
166 <-> 475
167 <-> 476
168 <-> 477
169 <-> 478, 479, 183
170 <-> 480
171 <-> 481, 482
172 <-> 483, 484
173 <-> 485, 405, 486
174 <-> 487
175 <-> 294, 488, 489
176 <-> 490
177 <-> 491, 492
178 <-> 493, 494, 47, 495
179 <-> 496, 497
180 <-> 498, 498, 499, 87
181 <-> 500, 501
182 <-> 502, 503, 504
183 <-> 505, 169
184 <-> 391, 506
185 <-> 507, 30, 508
186 <-> 509, 510
187 <-> 511, 512
188 <-> 513
189 <-> 514, 515
190 <-> 206, 516
191 <-> 517, 518, 519
