1896 <-> 1254, 1708
1905 <-> 245
1908 <-> 9276, 1722
184 <-> 132, 63, 65
1925 <-> 80, 693, 840
166 <-> 134
1926 <-> 546, 19, 1347
121 <-> 59
1928 <-> 370, 1429, 1444
1929 <-> 671
1930 <-> 1670
1931 <-> 2672
1932 <-> 6, 1767, 1844
1933 <-> 463, 1180
1934 <-> 237
87 <-> 157
6937 <-> 1937
1941 <-> 379
10 <-> 133
26 <-> 128, 8
1947 <-> 7333, 1632
1948 <-> 1403
1949 <-> 249, 848, 899
1951 <-> 1679
1952 <-> 1818
148 <-> 185
1953 <-> 1212
1958 <-> 26, 70, 1422, 1580
1959 <-> 1749
9016 <-> 797, 1671
81 <-> 74
48 <-> 140, 176
1963 <-> 1963
1964 <-> 1153
1965 <-> 435
1966 <-> 50, 519, 699
1968 <-> 1157
1969 <-> 226, 1770
1970 <-> 880
1971 <-> 635, 1612
6 <-> 872, 1310, 1565, 1637
1957 <-> 804
1978 <-> 549, 1307
1979 <-> 465
1980 <-> 1384
1981 <-> 197, 648
24 <-> 14
1982 <-> 625, 784
1983 <-> 857, 1353, 1983
1984 <-> 652, 1254
1986 <-> 941
1987 <-> 1170, 1281
1989 <-> 319, 671
1990 <-> 1119
1995 <-> 332, 690
1996 <-> 1183
104 <-> 31, 58
1997 <-> 376, 746
1998 <-> 414, 529
1999 <-> 1239, 1364
