251 <-> 130, 484, 882
202 <-> 399, 582
250 <-> 818
665 <-> 1462
190 <-> 1312, 1571
686 <-> 188
191 <-> 375
6 <-> 305, 842, 1932
719 <-> 1600
57 <-> 547, 1417, 1501, 1785
138 <-> 51, 58, 75
230 <-> 228, 273, 277, 1252
168 <-> 1988
70 <-> 173, 527, 743, 1806, 1958
240 <-> 396
100 <-> 56, 1924
698 <-> 459, 749, 1124
189 <-> 1433
69 <-> 414
48 <-> 48, 1363
677 <-> 397, 764
130 <-> 45, 251, 804, 1078
658 <-> 1713, 1917
2 <-> 2
142 <-> 1280, 1787
720 <-> 56, 827
112 <-> 112, 668, 1720
721 <-> 350, 1157, 1271, 1716
101 <-> 148
779 <-> 838, 869, 1545
151 <-> 115, 205, 496, 535
161 <-> 1602, 1936
207 <-> 137, 328
30 <-> 223, 1317, 1773
75 <-> 138, 714
214 <-> 214, 282, 1166, 1341, 1751
208 <-> 208
220 <-> 1854
216 <-> 143, 1481, 1897
787 <-> 834, 1277, 1534
91 <-> 276
109 <-> 416, 705
1265 <-> 302, 1333, 160, 1274, 724, 1660
261 <-> 261, 425, 526, 646
668 <-> 112, 1553
108 <-> 1367
652 <-> 562, 1984
173 <-> 70, 295
185 <-> 185
238 <-> 15
141 <-> 441
187 <-> 1524
37 <-> 263, 678, 1356, 1683, 1714
726 <-> 858
653 <-> 206, 999
723 <-> 23, 723
33 <-> 395, 1772
167 <-> 39, 1626
780 <-> 576, 587, 1531
203 <-> 318, 1011
733 <-> 1276, 5
66 <-> 1437
34 <-> 1170
135 <-> 1176
18 <-> 26, 256
715 <-> 445, 815, 1231
651 <-> 340
80 <-> 290, 1925
90 <-> 954, 1519
265 <-> 486
150 <-> 453, 999
132 <-> 1420, 1498
223 <-> 30, 1237
231 <-> 419, 763, 1579
252 <-> 619, 1709
15 <-> 43, 238, 1552
239 <-> 239, 362
785 <-> 279, 1935
680 <-> 139
166 <-> 166, 508, 523, 825, 1259
12 <-> 632, 762, 829
781 <-> 826, 1700
682 <-> 412
122 <-> 1421, 1532
225 <-> 1374, 1751
704 <-> 474, 908, 1439
687 <-> 323, 687
199 <-> 471
229 <-> 944, 978, 1567
103 <-> 103
782 <-> 432, 568, 583
256 <-> 18, 648
113 <-> 105, 629, 1786
93 <-> 615, 1667, 1745
258 <-> 660, 905
20 <-> 1907
688 <-> 1067, 1692
228 <-> 230, 7119, 1739
693 <-> 1398, 1925
41 <-> 365
201 <-> 201, 1023
196 <-> 563
102 <-> 807, 1177
246 <-> 1327
695 <-> 1427
713 <-> 1512, 1586
124 <-> 124
53 <-> 762
784 <-> 497, 595, 1343, 1982
244 <-> 24
790 <-> 1342, 1464
210 <-> 810
146 <-> 146
149 <-> 1401, 1883
7 <-> 438, 1509
676 <-> 697, 1036
671 <-> 1929, 1989
51 <-> 138, 454, 1105
690 <-> 1485, 1995
63 <-> 1423, 1484
42 <-> 1632, 1788
58 <-> 138, 41666
165 <-> 1022, 1377
174 <-> 517, 573
722 <-> 1225, 1301
226 <-> 226, 1969
732 <-> 333, 1296
25 <-> 25
213 <-> 1660
24 <-> 244, 624
22 <-> 1748, 1774
123 <-> 843, 1837
3 <-> 870
249 <-> 987, 1041, 1949
92 <-> 342
788 <-> 1478
211 <-> 1047, 1754
242 <-> 353
660 <-> 258, 1396
9 <-> 425
86 <-> 971
679 <-> 355, 1201
83 <-> 734, 1794
82 <-> 1420, 1865
16 <-> 1050
255 <-> 1392
260 <-> 919
1 <-> 317, 904, 923
263 <-> 37, 964
120 <-> 1342, 1826
657 <-> 522, 875
65 <-> 1323
694 <-> 564
257 <-> 360, 581, 1658
43 <-> 15, 403, 866
107 <-> 107
159 <-> 1102
85 <-> 1161
729 <-> 318
99 <-> 1417
79 <-> 1618
692 <-> 692
29 <-> 285
118 <-> 136, 461, 804
217 <-> 602
194 <-> 1974
175 <-> 635
176 <-> 455, 457, 712, 1386, 1639
114 <-> 1221
98 <-> 1988
128 <-> 128
182 <-> 1370
232 <-> 232, 1893
49 <-> 1286
209 <-> 357, 766, 853
127 <-> 1777, 1836
110 <-> 1296, 1837
253 <-> 616
71 <-> 393, 1185, 1680
126 <-> 93, 8
181 <-> 367, 1219
241 <-> 1084, 1634
121 <-> 10
699 <-> 1976
219 <-> 426, 739, 1209
157 <-> 1373, 1771, 1859
659 <-> 572, 1241
117 <-> 567, 1502
28 <-> 832, 1227
700 <-> 1682
717 <-> 830, 1738
198 <-> 1385
153 <-> 298, 760, 803, 1664
696 <-> 170, 666, 1992
180 <-> 588
11 <-> 285, 1242, 1753
661 <-> 883
684 <-> 1609
125 <-> 1679
64 <-> 64, 400
728 <-> 1597
663 <-> 364, 514
84 <-> 84, 343, 948
703 <-> 703, 1106
36 <-> 936, 1831
94 <-> 747, 973, 1010
158 <-> 1020
259 <-> 287, 941, 1141, 1262
183 <-> 799, 1489
163 <-> 293, 500, 960
81 <-> 81, 315
184 <-> 377, 1415, 1642
87 <-> 270, 1024, 1541, 1688, 1903
783 <-> 200, 325, 1072
200 <-> 752, 783, 1346
35 <-> 471, 885, 1119
152 <-> 521, 1037
691 <-> 691
46 <-> 46, 744
144 <-> 532, 996, 1794
164 <-> 777, 1147, 1192
204 <-> 628, 1351, 1606
10 <-> 950, 1039
670 <-> 1372
792 <-> 1141, 1746, 1757
708 <-> 139, 1600, 1654
106 <-> 410, 1114, 1557
264 <-> 484, 618
193 <-> 193, 1405
162 <-> 162, 171, 1173
718 <-> 578
705 <-> 109, 1083
794 <-> 1408
711 <-> 811
731 <-> 869
654 <-> 654
54 <-> 54
140 <-> 445, 1732
97 <-> 463
47 <-> 867, 1391, 1630
186 <-> 459, 493
32 <-> 921
234 <-> 1884
212 <-> 601
254 <-> 1092, 1288, 1328
111 <-> 311, 1895
786 <-> 1603
716 <-> 1659
40 <-> 804, 1127, 11
49148 <-> 101, 751, 793, 1601, 1603
143 <-> 215, 468, 1180, 1695
76 <-> 554, 1582
78 <-> 1452, 1706, 1804
119 <-> 915, 1821
44 <-> 497, 503, 1305
50 <-> 1687, 1966
650 <-> 1378
88 <-> 931, 1024
672 <-> 945
179 <-> 862, 876, 1633
789 <-> 789, 1871
649 <-> 904
67 <-> 0, 7
177 <-> 638, 1102
19 <-> 1656
222 <-> 542, 963, 1420
262 <-> 418, 634
31 <-> 283
178 <-> 1802
655 <-> 520, 1394
23 <-> 723, 871
192 <-> 989, 1088, 1096, 1891
224 <-> 335, 1911
683 <-> 615, 1250
243 <-> 769, 1455
21 <-> 608, 1493, 1587, 1646
139 <-> 680, 708, 1717, 1808
667 <-> 433
669 <-> 815, 1394, 1521
674 <-> 870, 1409
154 <-> 1888
104 <-> 248, 593, 895
38 <-> 1238
777 <-> 164, 462, 879, 1890
147 <-> 1871
664 <-> 1168, 1945
55 <-> 340, 12913
681 <-> 456, 854
