0 <-> 950, 1039
186 <-> 49, 1286, 1511
2574 <-> 577, 1882
1288 <-> 254
1289 <-> 1027
1290 <-> 825
129 <-> 1308, 1613
1309 <-> 1309, 1736, 1886
1310 <-> 844, 1410, 1976
1312 <-> 190, 1787
3313 <-> 760
1314 <-> 1862
1315 <-> 1507, 1675
1316 <-> 396, 1789
1317 <-> 30, 1350
1318 <-> 296, 346
1319 <-> 804
1321 <-> 1533, 1419
81 <-> 365
43 <-> 15, 403, 866
44 <-> 497, 503, 5
45 <-> 130, 881, 2310
46 <-> 46, 744
47 <-> 867, 1391, 1630
4 <-> 1647
55 <-> 340, 1913
56 <-> 100, 720
57 <-> 547, 1417, 1501, 1785
58 <-> 138, 402, 1593
60 <-> 896, 982
61 <-> 61, 1666
62 <-> 64, 400
67 <-> 13900, 1535
661 <-> 618
