0 <-> 49, 50, 51
1 <-> 52
2 <-> 53
3 <-> 54, 55, 56
4 <-> 57, 58
5 <-> 59
6 <-> 60
7 <-> 61, 62
8 <-> 63, 64, 65
9 <-> 66, 67
10 <-> 68
11 <-> 69, 70, 71
12 <-> 72, 73, 74
13 <-> 75
14 <-> 76
15 <-> 77, 78
16 <-> 79
17 <-> 80
18 <-> 81, 82, 83, 84
19 <-> 85, 86
20 <-> 87, 88
21 <-> 89, 90, 91
22 <-> 92
23 <-> 93
24 <-> 94, 95
25 <-> 96, 97, 98, 99, 100
26 <-> 101
27 <-> 102
28 <-> 103
29 <-> 104, 105
30 <-> 30, 106
31 <-> 107
32 <-> 32, 108
33 <-> 109
34 <-> 110
35 <-> 111, 112, 113, 114, 115
36 <-> 116, 117, 15
10 <-> 118, 119
37 <-> 120
38 <-> 121, 122, 123
39 <-> 124
40 <-> 125, 126, 127
41 <-> 128, 129
42 <-> 130, 131, 132, 133
43 <-> 134, 135
44 <-> 136
45 <-> 137
46 <-> 138, 46, 139
47 <-> 140, 141, 142
48 <-> 143
