2 <-> 2
259 <-> 287, 941, 1141, 1262
289 <-> 956, 1044
291 <-> 1142, 1376
303 <-> 1360, 18178
386 <-> 1099, 1225
417 <-> 865, 1461
419 <-> 231, 1465
519 <-> 1850, 1966
533 <-> 422, 738, 1872
536 <-> 489, 927
540 <-> 423, 1356
548 <-> 1031, 1517, 1741
565 <-> 675, 1233
1211 <-> 1517, 1569, 1843
1214 <-> 271, 1555
1217 <-> 1047, 1386
1230 <-> 868, 1397
1232 <-> 1118
1281 <-> 1869, 1987
1285 <-> 701, 6223, 1596
1288 <-> 254
105 <-> 14, 134, 73, 119, 104, 59
30 <-> 323, 1317, 1773
35 <-> 26
33 <-> 3295, 1772
42 <-> 130, 881, 1158
63 <-> 1423, 1484
74 <-> 537, 1861
66 <-> 79, 186
95 <-> 178, 5
94 <-> 747, 973, 1010
101 <-> 148
1227 <-> 95, 193
106 <-> 410, 1114, 1557
109 <-> 416, 705
110 <-> 1296, 1837
126 <-> 75, 180, 173, 102, 185, 126, 148, 114
117 <-> 567, 1502
177 <-> 638, 1102
179 <-> 196, 93, 187
209 <-> 357, 766, 853
213 <-> 1660
221 <-> 614, 811
222 <-> 542, 963, 1, 966
1987 <-> 1170, 1281
