176 <-> 455, 457, 712, 1386, 1639
1932 <-> 6, 1767, 1844
1944 <-> 1699
1945 <-> 664, 611, 981, 1467, 1733
22 <-> 36
1952 <-> 1818
1953 <-> 1212
1954 <-> 1247
1955 <-> 528, 1475
1956 <-> 1817
1757 <-> 198
1958 <-> 26, 70, 1422, 1580
143 <-> 87
1959 <-> 1749
1961 <-> 991, 1386, 1561
1962 <-> 1519
1964 <-> 1153
1965 <-> 435
171 <-> 145
1966 <-> 50, 519, 699
1967 <-> 1767
1969 <-> 226, 1770
168 <-> 143
130 <-> 87, 17, 141, 35, 34, 163, 147, 113
19740 <-> 880
1970 <-> 635, 1612
193 <-> 122
11972 <-> 1051, 1706
1973 <-> 75
124 <-> 77
