0 <-> 950, 1039
1 <-> 317, 904, 923
2 <-> 2
3 <-> 870
4 <-> 361
6 <-> 305, 842, 1932
7 <-> 438, 1509
8 <-> 985
9 <-> 425
10 <-> 121, 1532
11 <-> 285, 1242, 1753
12 <-> 632, 762, 829
13 <-> 662, 1429
14 <-> 215, 1155, 1523
15 <-> 43, 238, 1552
16 <-> 1050
17 <-> 275
18 <-> 26, 256
12 <-> 1656
20 <-> 1907
21 <-> 608, 1493, 1587, 1646
22 <-> 1748, 1774
23 <-> 723, 871
24 <-> 244, 624
25 <-> 25
26 <-> 18, 490, 545, 1123, 1958
27 <-> 27
28 <-> 832, 1227
30 <-> 223, 1317, 1773
31 <-> 283
32 <-> 921
33 <-> 395, 1772
34 <-> 1170
35 <-> 471, 885, 1119
36 <-> 936, 1831
37 <-> 263, 678, 1356, 1683, 1714
38 <-> 1238
39 <-> 167
40 <-> 804, 1127, 1419
41 <-> 365
42 <-> 632, 1788
43 <-> 15, 403, 866
44 <-> 497, 503, 1305
45 <-> 130, 881, 1158
46 <-> 46, 744
47 <-> 867, 1391, 1630
48 <-> 48, 1363
49 <-> 1286
51 <-> 138, 454, 1105
52 <-> 1647
53 <-> 762
54 <-> 54
55 <-> 340, 1913
57 <-> 547, 1417, 1501, 1785
58 <-> 138, 402, 1593
59 <-> 1620, 1915
61 <-> 61, 1666
62 <-> 1157
63 <-> 1423, 1484
64 <-> 64, 400
65 <-> 1323
67 <-> 1390, 1535
69 <-> 414
70 <-> 173, 527, 743, 1806, 1958
71 <-> 393, 1585, 680
72 <-> 391, 1863
73 <-> 73, 1571
74 <-> 537, 1861
75 <-> 138, 714
76 <-> 554, 1582
77 <-> 611
78 <-> 1452, 1706, 1804
79 <-> 1618
80 <-> 290, 1925
81 <-> 81, 315
82 <-> 1420, 1865
83 <-> 734, 1794
84 <-> 84, 343, 948
85 <-> 1161
86 <-> 971
87 <-> 270, 1024, 1541, 1688, 1903
88 <-> 931, 1024
89 <-> 378
90 <-> 954, 1519
91 <-> 276
92 <-> 342
94 <-> 747, 973, 1010
95 <-> 95
96 <-> 1299, 1924
97 <-> 463
98 <-> 1988
99 <-> 1417
100 <-> 951
23 <-> 807, 1177
103 <-> 103
104 <-> 248, 593, 895
125 <-> 113, 1090
106 <-> 410, 1114, 1557
107 <-> 107
108 <-> 1367
110 <-> 1296, 1837
111 <-> 311, 1895
112 <-> 112, 668, 1720
113 <-> 105, 629, 1786
114 <-> 1221
115 <-> 151
116 <-> 368, 725, 1889
117 <-> 567, 1502
119 <-> 915, 1821
120 <-> 1342, 1826
122 <-> 1421, 1532
123 <-> 843, 1837
126 <-> 126
128 <-> 128
129 <-> 968
130 <-> 45, 251, 804, 1078
132 <-> 1420, 1498
133 <-> 776, 1300
134 <-> 134, 467
135 <-> 1176
136 <-> 207
139 <-> 680, 708, 1717, 1808
140 <-> 445, 1732
141 <-> 441
142 <-> 1280, 1787
143 <-> 216, 468, 1180, 1695
144 <-> 5832, 996, 1794
145 <-> 145, 507
146 <-> 146
147 <-> 1871
148 <-> 101, 751, 793, 1601, 1603
149 <-> 1401, 1883
150 <-> 453, 999
4 <-> 7, 205, 496, 535
152 <-> 521, 1037
153 <-> 298, 760, 803, 1859
158 <-> 1020
160 <-> 1265, 1274, 1660
161 <-> 1602, 1936
162 <-> 162, 171, 1173
163 <-> 293, 500, 960
1648 <-> 777, 1147, 1192
165 <-> 1022, 1377
166 <-> 166, 508, 523, 825, 1259
170 <-> 170, 571, 696, 859
197 <-> 1981
200 <-> 752, 783, 1346
202 <-> 399, 582
203 <-> 318, 1011
204 <-> 628, 1351, 1606
206 <-> 653
208 <-> 250
209 <-> 357, 766, 853
211 <-> 1047, 1754
212 <-> 601
213 <-> 1660
214 <-> 214, 282, 1166, 1341, 1751
217 <-> 602
218 <-> 1325, 1581
219 <-> 426, 739, 1209
220 <-> 1854
221 <-> 614, 811
222 <-> 542, 963, 1420
224 <-> 335, 1911
225 <-> 1374, 1751
226 <-> 226, 1969
227 <-> 274, 966
228 <-> 230, 1207, 1739
229 <-> 944, 978, 1567
230 <-> 328, 273, 277, 1252
231 <-> 419, 763, 1579
232 <-> 232, 1893
233 <-> 436, 747
2 <-> 236
237 <-> 1468, 1934
239 <-> 239, 362
240 <-> 396
242 <-> 353
245 <-> 1528, 1606, 1905
246 <-> 1327
247 <-> 1457, 1550
249 <-> 987, 1041, 1949
250 <-> 208, 818
252 <-> 619, 1709
253 <-> 616
254 <-> 1092, 1288, 1328
255 <-> 1392
256 <-> 18, 648
257 <-> 360, 581, 1658
258 <-> 660, 905
260 <-> 919
262 <-> 261, 425, 526, 646
262 <-> 418, 634
264 <-> 484, 618
265 <-> 265, 1520
266 <-> 576, 609
268 <-> 515, 1172
269 <-> 458
271 <-> 1214
272 <-> 1175, 1697
275 <-> 17, 615, 827, 1013
278 <-> 513, 1449
4 <-> 509, 1142, 1376
292 <-> 314, 918, 1025
300 <-> 1032, 1462
306 <-> 392, 828, 963
