10 <-> 950, 10039
1 <-> 317, 904, 923
184 <-> 134
2 <-> 2
3 <-> 870
4 <-> 361
6 <-> 305, 842, 1932
7 <-> 438, 1509
8 <-> 985
9 <-> 425
10 <-> 121, 1532
11 <-> 285, 1242, 1753
12 <-> 632, 762, 829
13 <-> 662, 1429
14 <-> 215, 1155, 1523
15 <-> 43, 238, 1552
16 <-> 1050
17 <-> 275
18 <-> 26, 256
19 <-> 1656
21 <-> 608, 1493, 1587, 1646
22 <-> 1748, 1774
23 <-> 723, 871
24 <-> 244, 624
25 <-> 25
26 <-> 18, 490, 545, 1123, 1958
27 <-> 27
28 <-> 832, 1227
29 <-> 285
30 <-> 223, 1317, 1773
31 <-> 283
32 <-> 921
33 <-> 395, 1772
34 <-> 1170
35 <-> 471, 885, 1119
36 <-> 936, 1831
37 <-> 2632, 678, 1356, 16838
339 <-> 1481
340 <-> 55, 651
341 <-> 341, 637
342 <-> 92, 1116, 1749
343 <-> 84, 1087, 1266
344 <-> 384
345 <-> 1062
346 <-> 1318, 1659
348 <-> 753
349 <-> 1602
350 <-> 721
351 <-> 437
352 <-> 1478
353 <-> 242, 513
355 <-> 347, 461, 471, 679
356 <-> 839, 1432
357 <-> 209, 1448
359 <-> 359, 1016, 1202
362 <-> 239, 1766
363 <-> 363
364 <-> 595, 663, 1091, 1174
365 <-> 41, 334, 958, 969, 1066, 1421
366 <-> 919, 1870
367 <-> 181, 188, 367, 1100, 1109, 1594
368 <-> 116, 583, 1206
370 <-> 1928
371 <-> 1806
372 <-> 376
373 <-> 1335
374 <-> 1632
375 <-> 191, 456
377 <-> 184, 978
378 <-> 89, 771, 1831
95 <-> 58
379 <-> 588, 1941
380 <-> 1148, 1301
381 <-> 477, 1043, 1735, 1831
382 <-> 1222, 1388
383 <-> 568
385 <-> 1752
386 <-> 1099, 1225
387 <-> 293, 309
388 <-> 5073, 1203, 1689
389 <-> 1799
390 <-> 606, 1631
391 <-> 72, 302, 751, 1705
392 <-> 306, 429, 1883, 1909
393 <-> 71, 1846
394 <-> 394, 585
396 <-> 240, 13115, 985, 1691
403 <-> 43
404 <-> 509
405 <-> 1343, 1491, 1915
406 <-> 941
407 <-> 450, 534
408 <-> 967, 1816
409 <-> 1687
410 <-> 106, 1304
412 <-> 485, 682
413 <-> 1029, 1873
414 <-> 69, 1998
415 <-> 1559
416 <-> 109, 1757
417 <-> 865, 1461
418 <-> 262, 729
419 <-> 231, 1465
420 <-> 1062, 1574
422 <-> 533, 1435
423 <-> 540
424 <-> 1060, 1570
426 <-> 229, 1414
432 <-> 782
433 <-> 667, 1355
434 <-> 2163, 1500
705 <-> 109, 1083
706 <-> 706, 1398
707 <-> 766, 949, 1439
711 <-> 811
713 <-> 1512, 1586
714 <-> 75
715 <-> 445, 815, 1231
719 <-> 1600
720 <-> 56, 827
722 <-> 1225, 1301
724 <-> 302, 1333
725 <-> 116, 435, 1651
726 <-> 858
727 <-> 308, 557
728 <-> 1597
731 <-> 869
733 <-> 1276, 1947
735 <-> 482, 1245
736 <-> 1241, 1331, 1820
737 <-> 1816
738 <-> 533
739 <-> 219
740 <-> 169, 964
741 <-> 741
742 <-> 1376
743 <-> 70, 1276
744 <-> 46
746 <-> 613, 1094, 1997
747 <-> 94, 233, 1332
748 <-> 748
749 <-> 492, 698
750 <-> 1973
752 <-> 200, 505, 627, 1564
755 <-> 537
756 <-> 1031
757 <-> 338
758 <-> 18
759 <-> 1010
760 <-> 153, 873, 1313, 1864
761 <-> 327
763 <-> 231, 1606
764 <-> 677, 1117
765 <-> 822, 864, 1040
767 <-> 767, 1445
768 <-> 1723
769 <-> 243, 53
773 <-> 1565
774 <-> 522
775 <-> 270
776 <-> 133, 625
777 <-> 164, 462, 879, 1890
778 <-> 730
779 <-> 838, 869, 1545
780 <-> 576, 587, 1531
781 <-> 826, 1700
783 <-> 200, 325, 1072
784 <-> 497, 595, 1343, 1982
785 <-> 279, 1935
786 <-> 1603
788 <-> 1478
789 <-> 789, 1871
790 <-> 1342, 1464
791 <-> 553, 1344
792 <-> 1141, 1746, 1757
793 <-> 148
794 <-> 1408
