0 <-> 34, 35, 36, 37, 38, 39, 40, 41
1 <-> 42, 43, 44
2 <-> 45, 46
3 <-> 47
4 <-> 48, 49
5 <-> 50
6 <-> 51
7 <-> 52, 53
8 <-> 54, 55
9 <-> 56
10 <-> 57, 58, 59, 60
11 <-> 61, 62, 63, 64
12 <-> 65, 66, 67, 68
13 <-> 69
14 <-> 70, 71, 72, 73, 74, 75, 76, 77
15 <-> 78, 79, 80, 81, 82, 83, 84
16 <-> 85, 86
17 <-> 87, 88, 89, 12, 90, 91
18 <-> 92, 93, 94
19 <-> 95
20 <-> 96, 97
21 <-> 98
22 <-> 99
23 <-> 100, 101, 102
24 <-> 103
25 <-> 104, 105, 106
26 <-> 107, 108
27 <-> 109, 110, 111, 112, 58, 113, 114
28 <-> 115, 116
29 <-> 117
30 <-> 118
31 <-> 119, 120
32 <-> 121, 122, 123, 124, 125
33 <-> 126, 127
