6 <-> 305, 842, 1932
1786 <-> 113
1889 <-> 116, 280, 448, 1435
1858 <-> 1572, 1620
13 <-> 331, 1429
17 <-> 275
1865 <-> 82, 1865
1981 <-> 197, 648
1847 <-> 1141
1958 <-> 26, 70, 1422, 1580
1954 <-> 1247
1789 <-> 327, 863, 1316
1882 <-> 566, 977, 1087, 1710
1817 <-> 483, 913, 1813
1938 <-> 397
1965 <-> 435
1978 <-> 549, 1307
1819 <-> 796, 1644
16 <-> 1050
1956 <-> 1817
1796 <-> 858
1892 <-> 1485
1798 <-> 624
1991 <-> 446, 1505
1940 <-> 1466
1951 <-> 1679
1982 <-> 625, 784
7 <-> 438, 1509
1838 <-> 335
1763 <-> 1694
19161 <-> 1126, 1383, 1753
1824 <-> 608, 810, 961, 1664
150 <-> 46
1853 <-> 822, 1701
1843 <-> 858, 1211, 1492, 1623
1815 <-> 131, 1799
1804 <-> 78, 1178
1983 <-> 746
1750 <-> 1375
1881 <-> 1671, 1881, 1887, 1902
1911 <-> 224, 878, 1690
934 <-> 237
1960 <-> 797, 1671
1930 <-> 1670
175 <-> 103, 34
25 <-> 25
1799 <-> 276, 389, 1550, 1815
1829 <-> 997, 18290
1840 <-> 1722
1790 <-> 430, 1920
1957 <-> 599
1782 <-> 1782
1 <-> 317, 904, 9, 45
1794 <-> 83, 144, 1724
1785 <-> 57, 626, 1769
12 <-> 632, 762, 829
1767 <-> 1932, 1967
1863 <-> 72, 1076
1969 <-> 226, 1770
79 <-> 193, 134
1810 <-> 500, 1562, 1714
14 <-> 215, 1155, 1523
1876 <-> 1004, 1049
1927 <-> 906, 1555
5 <-> 5
1937 <-> 1937
1877 <-> 321, 912
29 <-> 91, 149, 18, 90, 186, 138
1931 <-> 1336
1968 <-> 1157
1795 <-> 918
1857 <-> 1687
1979 <-> 465
1752 <-> 385, 907, 908, 1825
1885 <-> 1029
24 <-> 244, 624
1761 <-> 1112, 1606
1929 <-> 671
1955 <-> 528, 1475
1811 <-> 1504
2 <-> 342, 1959, 1994
1919 <-> 1037, 1895
28 <-> 832, 1227
4 <-> 0, 9, 0, 9, 4, 9, 23
1926 <-> 546, 1009, 1347
1762 <-> 1762, 1781
8 <-> 985
1928 <-> 370, 1429, 1444
1895 <-> 111, 1740, 1919
1896 <-> 1254, 1708
1918 <-> 495, 935, 1234, 1408, 1556
1905 <-> 245
1899 <-> 1246, 1367
23 <-> 723, 871
21 <-> 608, 1493, 1587, 1646
1808 <-> 139
1806 <-> 70, 371
1772 <-> 33
1803 <-> 1935
1989 <-> 319, 671
1837 <-> 110, 123
1861 <-> 74, 630
1758 <-> 810, 1673
1844 <-> 988, 1932
1862 <-> 1000, 1314, 1439, 1718
1792 <-> 633
22 <-> 1748, 1774
1990 <-> 1119
1906 <-> 20, 453, 842, 1199
1933 <-> 463, 1180
1948 <-> 1403
1801 <-> 1272
18 <-> 26, 256
70 <-> 105
1970 <-> 880
1871 <-> 147, 789
1890 <-> 777, 1121, 1890
1897 <-> 216
1962 <-> 1519
1904 <-> 358
1805 <-> 675, 898
1936 <-> 161, 506
122 <-> 185, 155
1751 <-> 214, 225, 1080, 1086
5974 <-> 194, 833
1826 <-> 120, 1621
1891 <-> 192, 1726
1893 <-> 232
1791 <-> 1042, 1177
1935 <-> 322, 785, 1559, 1803
1984 <-> 652, 1255
1878 <-> 962, 1161, 1547
1832 <-> 217
1855 <-> 1380
1766 <-> 362
1783 <-> 1531
42 <-> 56, 150, 77, 198
1869 <-> 458, 762, 1281
1849 <-> 1226
10 <-> 121, 1532
1914 <-> 603, 1560
1906 <-> 574, 1906
1874 <-> 1469
1850 <-> 519
1821 <-> 119, 852, 973, 1868
1814 <-> 1163
4 <-> 369
1883 <-> 149, 392, 1340
1788 <-> 42
1859 <-> 157, 1035
137 <-> 43
1924 <-> 96, 100
1993 <-> 550
1866 <-> 1331, 1866
1778 <-> 1320, 1779
1910 <-> 1085, 1183, 1690
1809 <-> 1001
1797 <-> 480, 564, 1524
0 <-> 950, 1039
1802 <-> 178, 1207
11 <-> 285, 1242, 1753
1776 <-> 578, 597
