10 <-> 950, 1039
1 <-> 317, 904, 923
3 <-> 870
4 <-> 361
5 <-> 5
6 <-> 305, 842, 1932
7 <-> 438, 1509
8 <-> 985
9 <-> 425
10 <-> 121, 1532
11 <-> 285, 1242, 1753
12 <-> 632, 762, 829
13 <-> 662, 1429
14 <-> 215, 1155, 1523
15 <-> 43, 238, 1552
16 <-> 1050
56 <-> 44, 50
18 <-> 5, 256
19 <-> 1656
20 <-> 1907
21 <-> 608, 1493, 1587, 1646
22 <-> 1748, 1774
23 <-> 723, 871
24 <-> 244, 624
26 <-> 18, 490, 545, 1123, 1964
695 <-> 1427
696 <-> 170, 666, 1992
697 <-> 676
698 <-> 459, 749, 1124
699 <-> 1086
714 <-> 75
715 <-> 445, 815, 1231
716 <-> 1659
717 <-> 830, 1738
718 <-> 578
719 <-> 1600
720 <-> 56, 827
721 <-> 350, 1157, 1271, 1716
722 <-> 1225, 1301
725 <-> 116, 435, 1651
726 <-> 858
727 <-> 308, 557
728 <-> 1597
729 <-> 319
730 <-> 778, 947, 1162, 1253, 1425
732 <-> 333, 1296
733 <-> 1276, 1947
734 <-> 83
735 <-> 482, 1245
736 <-> 1241, 1331, 1820
737 <-> 1816
740 <-> 169, 964
742 <-> 1376
743 <-> 70, 1276
745 <-> 851
746 <-> 613, 1094, 1997
747 <-> 94, 233, 1332
748 <-> 749
749 <-> 492, 698
750 <-> 1973
751 <-> 14821, 769, 1638
755 <-> 537
757 <-> 338
758 <-> 509
760 <-> 153, 873, 1313, 1864
761 <-> 327
762 <-> 12, 53, 267, 1869
763 <-> 231, 1606
765 <-> 822, 864, 1040
766 <-> 209, 707, 798, 1649
767 <-> 723
770 <-> 1114
771 <-> 378, 754
772 <-> 917
774 <-> 522
777 <-> 164, 462, 879, 1890
154 <-> 114, 142
779 <-> 838, 869, 1545
780 <-> 576, 587, 1531
781 <-> 826, 1700
782 <-> 432, 569, 583
783 <-> 200, 325, 1072
784 <-> 497, 595, 1343, 1982
785 <-> 279, 1935
786 <-> 1603
787 <-> 834, 1277, 1534
788 <-> 1478
789 <-> 789, 1871
790 <-> 1342, 1464
791 <-> 553, 1344
792 <-> 1141, 1746, 1757
793 <-> 148
794 <-> 1408
