0 <-> 49, 50, 51, 52, 53, 54, 13
1 <-> 55, 56
2 <-> 57, 58, 59, 60
3 <-> 27, 61, 62, 63, 64, 65, 66
4 <-> 67, 68
5 <-> 69, 70, 71, 72, 54
6 <-> 21, 73, 74, 71, 75, 76, 77, 78
7 <-> 35, 79, 80
8 <-> 81, 82, 38, 83, 84, 85, 86
9 <-> 87, 88
10 <-> 14, 8, 89, 90
11 <-> 91, 92, 93, 94, 8, 95, 96, 97
8 <-> 98, 99, 100, 101, 102
12 <-> 103, 104, 105, 106
13 <-> 107, 108, 109
14 <-> 103, 110, 111, 22, 112, 96
15 <-> 113
16 <-> 114, 115, 116
17 <-> 104, 117, 118, 119, 23
16 <-> 14, 103, 120, 113, 86, 8, 121
18 <-> 93, 75, 4, 4, 107, 50, 45, 122
19 <-> 123, 83
20 <-> 124, 125, 126
21 <-> 127, 128, 129
22 <-> 103, 130, 131
23 <-> 132, 133, 134, 135, 110
24 <-> 136, 137, 96, 138, 139, 140, 141
25 <-> 142
46 <-> 149, 10, 138, 160, 22
26 <-> 143
27 <-> 3, 33, 144
5 <-> 145
28 <-> 146
29 <-> 138, 52, 147, 138, 148
30 <-> 149, 150
31 <-> 151, 152, 153, 154, 155, 71, 156, 14
32 <-> 21, 157
33 <-> 158, 159
34 <-> 160, 161
35 <-> 162, 33, 9, 163, 164, 37
36 <-> 165, 166, 167
37 <-> 168, 169
38 <-> 170, 171, 172, 173, 174, 175
39 <-> 176, 177, 178, 179, 180, 181, 182
40 <-> 69
41 <-> 183, 184, 185, 186, 27, 135, 179, 187
42 <-> 156, 185, 188, 182
43 <-> 49, 189, 188, 190, 1, 32, 134
44 <-> 46, 191, 192
5 <-> 193, 194
45 <-> 195, 196
32 <-> 35, 197
46 <-> 198, 57, 45, 47, 199, 200, 51
47 <-> 201, 202, 22, 203
48 <-> 204, 23
