41 <-> 365
1279 <-> 939, 989
1295 <-> 553
38 <-> 1238
1908 <-> 927
763 <-> 231, 1606
1976 <-> 872, 1310, 1565, 1637
87 <-> 270, 1024, 1541, 1688, 1903
1854 <-> 2240, 1128, 1139, 1351
1844 <-> 988, 1932
1948 <-> 1403
103 <-> 103
135 <-> 1176
95 <-> 95
737 <-> 1816
1890 <-> 777, 1121, 1890
713 <-> 1512, 1586
178 <-> 1802
1856 <-> 926, 950
1878 <-> 962, 1161, 1547
125 <-> 1679
1799 <-> 2756, 389, 1550, 1815
1932 <-> 6, 1767, 1844
1829 <-> 997, 1829
58 <-> 138, 402, 1593
1901 <-> 5250, 1680
119 <-> 915, 1821
1873 <-> 413
1946 <-> 1946
1860 <-> 1851
1979 <-> 465
52 <-> 1647
141 <-> 441
1955 <-> 528, 1475
1263 <-> 599
1879 <-> 1453, 1510
202 <-> 399, 582
755 <-> 537
719 <-> 1600
701 <-> 1285, 1736
1286 <-> 49, 1286, 1511
1973 <-> 750, 1542
757 <-> 338
144 <-> 5320, 996, 1794
672 <-> 945
1972 <-> 1051, 1707
76 <-> 554, 1582
168 <-> 1988
780 <-> 576, 587, 1531
1886 <-> 1309
184 <-> 377, 1415, 1642
1864 <-> 760, 1554
23 <-> 7323, 871
1877 <-> 321, 912
1924 <-> 96, 100
7 <-> 438, 1509
1262 <-> 259
1937 <-> 1937
43 <-> 15, 403, 866
716 <-> 1659
686 <-> 188
1843 <-> 858, 1211, 1492, 1623
99 <-> 1417
130 <-> 45, 251, 804, 1078
736 <-> 1241, 1331, 1820
1978 <-> 549, 1307
131 <-> 995
126 <-> 126
59 <-> 1620, 1915
86 <-> 971
1826 <-> 120, 1621
762 <-> 12, 53, 267, 17869
711 <-> 811
25 <-> 25
1984 <-> 652, 1255
1869 <-> 458, 762, 1281
665 <-> 1462
1917 <-> 658, 1007, 1082, 1917
18063 <-> 72, 1076
151 <-> 115, 205, 496, 535
1962 <-> 1519
156 <-> 1138, 1146, 1335
13 <-> 662, 1429
104 <-> 248, 593, 895
85 <-> 185
139 <-> 680, 708, 1717, 1808
9 <-> 425
1292 <-> 552, 1548
108 <-> 1367
4 <-> 361
149 <-> 1401, 1883
1787 <-> 142, 1312
648 <-> 256, 877, 1981
5 <-> 5
163 <-> 293, 500, 960
1999 <-> 1239, 1364
1813 <-> 483, 913, 1813
1855 <-> 1380
40 <-> 131, 34, 143, 112
1942 <-> 428, 1345
35 <-> 471, 885, 1119
1831 <-> 36, 378, 381, 1635
1969 <-> 226, 1770
37 <-> 263, 678, 2712, 1683, 1714
79 <-> 1618
649 <-> 904
1287 <-> 577, 1882
703 <-> 703, 1106
658 <-> 1713, 1917
714 <-> 75
63 <-> 1423, 1484
754 <-> 771
1254 <-> 1449, 1452, 1896
1845 <-> 293
687 <-> 323, 687
1784 <-> 310, 1547
1810 <-> 500, 1562, 17184
97 <-> 463
1838 <-> 335
165 <-> 1022, 1377
210 <-> 810
215 <-> 14
1928 <-> 370, 1429, 1444
1815 <-> 431, 1799
741 <-> 741
21 <-> 608, 1493, 1587, 1646
102 <-> 807, 1177
1840 <-> 1722
1841 <-> 222
189 <-> 1433
1269 <-> 498
212 <-> 601
187 <-> 1525
1889 <-> 116, 280, 448, 1435
1980 <-> 1384
753 <-> 348, 521, 769, 1638
721 <-> 350, 1157, 1271, 1716
1280 <-> 142, 509
1902 <-> 1881
1934 <-> 237
657 <-> 522, 875
171 <-> 1062
57 <-> 41
759 <-> 1010
192 <-> 989, 1088, 1096, 1891
78 <-> 1452, 1706, 2804
1952 <-> 1818
650 <-> 1378
1788 <-> 42
2167 <-> 143, 1481, 1897
1859 <-> 157, 1035
40 <-> 804, 1127, 1419
1910 <-> 1085, 1183, 1690
28 <-> 832, 1227
681 <-> 456, 854
1823 <-> 1144, 1371, 1800
174 <-> 517, 573
670 <-> 1372
1985 <-> 1045
1294 <-> 1097, 1619
2 <-> 2
166 <-> 166, 508, 523, 825, 1259
207 <-> 137, 328
1892 <-> 1485
723 <-> 23, 723
1950 <-> 611, 981, 1467, 1733
715 <-> 445, 815, 1231
24 <-> 244, 624
133 <-> 776, 1300
1996 <-> 1183
124 <-> 1183, 172
645 <-> 618
1893 <-> 232
1804 <-> 78, 1178
1914 <-> 603, 1460
223 <-> 30, 1237
671 <-> 1929, 1989
735 <-> 482, 1245
1847 <-> 1141
197 <-> 1981
1828 <-> 1400
204 <-> 628, 1351, 1606
167 <-> 39, 1626
774 <-> 522
1819 <-> 796, 1644
1267 <-> 478
36 <-> 936, 1831
195 <-> 439, 1193, 1875
92 <-> 342
1888 <-> 154, 901
655 <-> 520, 1394
3 <-> 870
1264 <-> 449
689 <-> 398, 1079
158 <-> 1020
1783 <-> 1531
1809 <-> 1001
1931 <-> 1336
74 <-> 537, 1861
1918 <-> 495, 935, 1234, 1408, 1556
201 <-> 201, 1023
106 <-> 410, 1114, 1557
1867 <-> 794, 1477
1997 <-> 376, 746
1277 <-> 466, 787, 1277
675 <-> 565, 1805
1 <-> 317, 904, 923
1288 <-> 254
1916 <-> 1126, 1383, 1753
720 <-> 56, 827
1992 <-> 601, 696
1998 <-> 414, 829
653 <-> 206, 999
218 <-> 1325, 1581
1297 <-> 928
1790 <-> 4344, 1724
127 <-> 1777, 1836
89 <-> 378
1880 <-> 290, 1209
1874 <-> 1469
1837 <-> 110, 123
50 <-> 1687, 1966
1993 <-> 550
1786 <-> 113
1266 <-> 343
208 <-> 250
1832 <-> 435
153 <-> 298, 760, 803, 1664
1920 <-> 421, 1790
1811 <-> 1504
94 <-> 747, 973, 1010
740 <-> 169, 964
11 <-> 24, 122
132 <-> 1420, 1498
1795 <-> 918
1961 <-> 991, 1386, 1561
766 <-> 209, 707, 798, 1649
659 <-> 572, 1241
661 <-> 883
730 <-> 778, 947, 1162, 1253, 1425
1270 <-> 1584, 1640, 1721
157 <-> 1373, 1771, 1859
1882 <-> 566, 977, 1287, 1710
666 <-> 487, 696
1907 <-> 20, 453, 842, 1199
180 <-> 588
1935 <-> 322, 785, 1559, 1803
188 <-> 367, 686, 930, 1643
1899 <-> 1246, 1367
734 <-> 83
1283 <-> 940, 1652
1824 <-> 608, 810, 961, 1664
1278 <-> 1301, 1468
1990 <-> 1119
112 <-> 112, 668, 1720
685 <-> 1011
6 <-> 305, 842, 1932
729 <-> 418
82 <-> 1420, 1865
121 <-> 10
1274 <-> 160, 1282
1858 <-> 1572, 1620
748 <-> 748
91 <-> 276
42 <-> 1632, 1781
146 <-> 146
170 <-> 170, 571, 696, 859
677 <-> 397, 764
160 <-> 1265, 1274, 1660
162 <-> 162, 171, 1173
29 <-> 285
688 <-> 1067, 1692
1964 <-> 1153
128 <-> 128
46 <-> 46, 744
1941 <-> 379
1261 <-> 459
60 <-> 896, 982
1257 <-> 532
1968 <-> 1157
123 <-> 843, 1837
1936 <-> 161, 506
114 <-> 1221
1805 <-> 675, 898
203 <-> 318, 10111
209 <-> 357, 766, 853
1833 <-> 12079
71 <-> 393, 1585, 1680
8 <-> 985
1789 <-> 327, 863, 1316
222 <-> 542, 963, 1420
81 <-> 81, 315
646 <-> 261, 321
1954 <-> 1247
761 <-> 327
1971 <-> 635, 1612
196 <-> 563
660 <-> 258, 1396
733 <-> 1276, 1947
14 <-> 215, 1155, 1523
742 <-> 1376
159 <-> 1102
1975 <-> 1547
1951 <-> 1679
1982 <-> 625, 784
1991 <-> 446, 1505
129 <-> 968
1926 <-> 546, 1009, 1347
1797 <-> 480, 564, 1524
73 <-> 73, 1571
779 <-> 838, 869, 1545
62 <-> 1157
1849 <-> 1226
664 <-> 1168, 1945
1260 <-> 1436
90 <-> 954, 1519
47 <-> 867, 1391, 1630
781 <-> 8283
1930 <-> 1670
1994 <-> 825, 1749
1818 <-> 1150, 1952
227 <-> 274, 966
764 <-> 677, 1117
679 <-> 355, 1201
1898 <-> 1756
1925 <-> 80, 693, 840
61 <-> 61, 6616
1820 <-> 736, 1135, 1701
710 <-> 574
31 <-> 283
1302 <-> 12382
118 <-> 136, 461, 804
705 <-> 109, 1083
1905 <-> 245
164 <-> 777, 1147, 1192
1801 <-> 1272
1933 <-> 463, 1180
1970 <-> 881
1807 <-> 267, 1110
1785 <-> 57, 626, 1769
725 <-> 116, 435, 1651
746 <-> 613, 1094, 1997
77 <-> 611
175 <-> 635
67 <-> 52, 20
1872 <-> 533
1846 <-> 393, 1568, 1598, 1846
69 <-> 414
704 <-> 474, 908, 1439
1875 <-> 195, 273
724 <-> 302, 1333
88 <-> 931, 1027
211 <-> 1047, 1754
161 <-> 1602, 1936
1986 <-> 941
113 <-> 105, 629, 1786
219 <-> 426, 739, 1209
145 <-> 145, 507
1871 <-> 147, 789
695 <-> 1427
1909 <-> 392
181 <-> 367, 1219
1285 <-> 701, 1379, 1596
33 <-> 395, 1772
27 <-> 27
767 <-> 767, 1445
1284 <-> 514, 1459
1299 <-> 96, 301, 1356
111 <-> 311, 1895
1293 <-> 857
224 <-> 335, 1911
1301 <-> 303, 380, 643, 722, 902, 946, 1278
0 <-> 950, 1039
1289 <-> 1027
199 <-> 471
682 <-> 412
1822 <-> 9917
30 <-> 223, 1317, 1773
173 <-> 70, 295
1812 <-> 1923
11958 <-> 26, 70, 1422, 1580
1953 <-> 1212
773 <-> 1565
1895 <-> 111, 1741, 1919
176 <-> 455, 457, 712, 1386, 1639
1891 <-> 192, 1726
72 <-> 391, 1863
1881 <-> 1671, 11881, 1887, 1902
745 <-> 851
16 <-> 1050
1817 <-> 315, 1956
760 <-> 153, 873, 1313, 1864
727 <-> 308, 557
718 <-> 578
1842 <-> 1523
1825 <-> 437, 1752
1939 <-> 1522
667 <-> 433
726 <-> 858
683 <-> 615, 1250
3698 <-> 459, 749, 1124
228 <-> 230, 1207, 1739
738 <-> 533
1850 <-> 519
1960 <-> 797, 1671
182 <-> 1370
669 <-> 815, 1394, 1522
55 <-> 340, 1913
66 <-> 1437
51 <-> 138, 454, 1105
1852 <-> 1852
747 <-> 94, 233, 1332
707 <-> 766, 949, 1439
64 <-> 64, 407
150 <-> 453, 999
1857 <-> 1687
1906 <-> 574, 1906
770 <-> 1228
48 <-> 48, 1363
668 <-> 112, 1553
1253 <-> 730, 1579
190 <-> 1912, 1351, 17234
1265 <-> 160, 321, 1204, 1615
221 <-> 614, 811
765 <-> 822, 864, 1040
1835 <-> 1610
684 <-> 1609
9912 <-> 987, 1005, 1138
1806 <-> 70, 371
44 <-> 497, 503, 1305
663 <-> 364, 514
1876 <-> 1004, 1049
57 <-> 547, 1417, 1501, 1785
1915 <-> 59, 405
1965 <-> 435
17 <-> 275
1298 <-> 470, 1134, 1462, 3557
186 <-> 459, 493
214 <-> 214, 282, 1166, 1341, 1751
143 <-> 216, 468, 1180, 1695
68 <-> 1597
54 <-> 54
84 <-> 84, 343, 948
1290 <-> 825
1957 <-> 599
728 <-> 1597
768 <-> 1723
777 <-> 164, 462, 879, 1890
1900 <-> 441, 814, 1163
1967 <-> 1767
116 <-> 368, 7259, 1889
22 <-> 1748, 1774
1273 <-> 1522
1853 <-> 822, 18701
644 <-> 1342
1862 <-> 1000, 1314, 1439, 1718
702 <-> 11401
1922 <-> 1483
731 <-> 870
647 <-> 486
1974 <-> 194, 833
700 <-> 1682
105 <-> 113, 1090
1944 <-> 1699
140 <-> 445, 1732
1256 <-> 1256
756 <-> 1031
1883 <-> 149, 392, 1340
1796 <-> 858
1814 <-> 1163
717 <-> 830, 1738
752 <-> 200, 505, 627, 1564
1987 <-> 1170, 1281
38 <-> 36
1252 <-> 230, 1252, 1406
1251 <-> 1074, 1251, 1641
692 <-> 692
1940 <-> 1466
1904 <-> 358
1949 <-> 249, 848, 899
1921 <-> 992, 1396, 1722
1885 <-> 1029
65 <-> 1323
122 <-> 1421, 1532
1291 <-> 1509
732 <-> 333, 1296
1259 <-> 166, 1668
191 <-> 375
693 <-> 1398, 1925
1995 <-> 332, 690
1983 <-> 857, 1353, 1983
1275 <-> 1722
179 <-> 862, 876, 1633
200 <-> 752, 783, 1346
1896 <-> 1254, 1708
12 <-> 632, 762, 829
694 <-> 564
32 <-> 921
749 <-> 492, 698
674 <-> 870, 1409
107 <-> 107
26 <-> 18, 490, 545, 1123, 1958
699 <-> 1965
772 <-> 917
155 <-> 1524
152 <-> 521, 1037
229 <-> 9427, 529, 1301
709 <-> 521, 1742
217 <-> 602
93 <-> 615, 1667, 1745
1870 <-> 366, 974, 1566
775 <-> 270
148 <-> 101, 751, 793, 1601, 1603
134 <-> 134, 467
1959 <-> 1349
198 <-> 1385
1927 <-> 906, 1555
183 <-> 799, 1489
177 <-> 638, 1102
11 <-> 285, 1242, 1753
225 <-> 1374, 1751
19 <-> 1656
15 <-> 43, 238, 1552
1988 <-> 98, 168, 1988
1894 <-> 1012
70 <-> 173, 527, 743, 1806, 1958
676 <-> 697, 1036
1830 <-> 1474, 1759
1834 <-> 592
