0 <-> 950, 1039
1 <-> 317, 904, 923
2 <-> 2
3 <-> 870
4 <-> 361
53 <-> 5
6 <-> 305, 842, 1932
7 <-> 438, 1509
8 <-> 985
9 <-> 425
10 <-> 121, 1532
146 <-> 59, 199
11 <-> 285, 1242, 1753
12 <-> 632, 762, 829
13 <-> 662, 1429
14 <-> 215, 1155, 1523
15 <-> 43, 238, 1552
16 <-> 1050
17 <-> 550
18 <-> 26, 256
19 <-> 1656
21 <-> 608, 1493, 1587, 1646
22 <-> 887, 1748
24 <-> 244, 624
26 <-> 18, 490, 545, 1123, 1958
27 <-> 27
28 <-> 832, 1227
29 <-> 285
30 <-> 323, 1317, 1773
33 <-> 161
31 <-> 283
32 <-> 921
33 <-> 395, 1772
34 <-> 1170
35 <-> 471, 885, 1119
36 <-> 936, 1318
37 <-> 263, 678, 1356, 1683, 1714
38 <-> 1238
39 <-> 167
40 <-> 804, 1127, 1419
41 <-> 365
43 <-> 15, 403, 866
44 <-> 497, 503, 1305
45 <-> 130, 881, 1158
46 <-> 46, 744
47 <-> 867, 1391, 1630
48 <-> 48, 1363
170 <-> 87
49 <-> 1286
50 <-> 1687, 1966
51 <-> 119, 454, 1105
52 <-> 1647
55 <-> 340, 1913
56 <-> 100, 720
57 <-> 547, 1417, 1501, 1785
58 <-> 138, 402, 1593
60 <-> 896, 982
61 <-> 61, 1666
64 <-> 64, 400
65 <-> 1323
66 <-> 1437
67 <-> 1390, 1535
68 <-> 1597
69 <-> 414
70 <-> 173, 527, 743, 1806, 1958
72 <-> 391, 1863
74 <-> 537, 1861
76 <-> 554, 1582
78 <-> 611
81 <-> 81, 315
82 <-> 1420, 1865
83 <-> 734, 1794
84 <-> 84, 343, 948
85 <-> 1161
86 <-> 971
88 <-> 931, 1024
90 <-> 954, 1519
197 <-> 2
91 <-> 276
93 <-> 615, 1667, 1745
94 <-> 747, 973, 1010
95 <-> 95
96 <-> 1299, 1924
99 <-> 1417
101 <-> 148
102 <-> 807, 1177
126 <-> 47
103 <-> 103
104 <-> 248, 593, 895
106 <-> 410, 1114, 1557
109 <-> 416, 705
111 <-> 311, 1895
112 <-> 112, 668, 1720
113 <-> 105, 629, 1786
114 <-> 1221
115 <-> 151
116 <-> 368, 725, 1889
117 <-> 567, 1502
93 <-> 192, 146
175 <-> 635
176 <-> 455, 457, 714, 1386, 1639
177 <-> 638, 1102
178 <-> 1802
179 <-> 862, 876, 1633
180 <-> 588
182 <-> 1370
183 <-> 799, 1489
184 <-> 377, 1415, 1642
185 <-> 185
186 <-> 459, 493
187 <-> 1524
188 <-> 367, 686, 930, 1643
189 <-> 1433
190 <-> 1312, 1351, 1723
191 <-> 375
194 <-> 1974
195 <-> 439, 1193, 1875
196 <-> 563
198 <-> 1385
200 <-> 752, 783, 1346
201 <-> 201, 1023
202 <-> 399, 582
203 <-> 318, 1011
205 <-> 151
206 <-> 653
207 <-> 137, 328
208 <-> 250
209 <-> 357, 766, 853
210 <-> 810
211 <-> 1047, 1754
212 <-> 601
213 <-> 1660
214 <-> 214, 282, 1166, 1341, 1751
216 <-> 143, 1481, 1897
217 <-> 602
218 <-> 1325, 1581
219 <-> 426, 739, 1209
220 <-> 1854
221 <-> 614, 811
222 <-> 542, 963, 1420
223 <-> 30, 1237
224 <-> 335, 1911
225 <-> 1374, 1751
227 <-> 274, 966
228 <-> 230, 1207, 1731
1989 <-> 319, 671
1992 <-> 601, 696
1995 <-> 332, 690
