10 <-> 112, 41
0 <-> 950, 1039
3 <-> 870
195 <-> 72
4 <-> 361
5 <-> 5
6 <-> 305, 1620, 1915
17 <-> 21
60 <-> 896, 9882
148 <-> 25, 7, 40, 131, 135, 198
46 <-> 28, 157
12 <-> 175, 23
97 <-> 137, 62
24 <-> 64, 400
1 <-> 87, 54, 144, 162, 14
65 <-> 1323
69 <-> 434
71 <-> 393, 9585, 1680
73 <-> 73, 1571
74 <-> 537, 1861
49 <-> 180
777 <-> 611
78 <-> 1452, 1706, 1804
79 <-> 86
1180 <-> 290, 1925
81 <-> 81, 315
82 <-> 1420, 1865
83 <-> 734, 1794
84 <-> 84, 347
322 <-> 928, 1935
323 <-> 687
352 <-> 552, 783, 984
326 <-> 512
327 <-> 761, 1240, 1789
328 <-> 207, 276
329 <-> 1167, 1569
330 <-> 595, 1059
331 <-> 556
332 <-> 943, 1104, 1995
333 <-> 732
334 <-> 365
335 <-> 223
128 <-> 93
1997 <-> 376, 746
1998 <-> 414, 829
