1088 <-> 192
1435 <-> 398, 422, 1244, 1889
1489 <-> 183, 1544
616 <-> 253, 630, 1458
144 <-> 532, 996, 1794
48 <-> 483, 1806, 1958
1495 <-> 1329, 1679
1383 <-> 892, 1916
402 <-> 58, 515, 985, 1691
1205 <-> 1102
1311 <-> 1423
1436 <-> 310, 1036, 1132, 1629, 1696, 1212, 1953, 1784
62 <-> 1157
335 <-> 224, 335, 971, 1838
113 <-> 105, 629, 1786
106 <-> 410, 1114, 1557
1491 <-> 707, 949, 1923, 405
1213 <-> 648, 1112, 256, 18
1983 <-> 857, 1353, 198
1809 <-> 1001, 880, 954, 1525, 442, 1754
1242 <-> 11
405 <-> 928, 1343, 784, 322, 1935
1497 <-> 598, 904
717 <-> 846, 158, 1020, 830, 1738
1301 <-> 933, 1468, 1064, 1278
1201 <-> 679
98 <-> 90, 180, 188, 171
1119 <-> 35, 1990
230 <-> 228, 273, 277, 1252
1335 <-> 156, 373, 602
1459 <-> 1284
619 <-> 252, 270, 1622
64 <-> 64, 400
1098 <-> 1098
1379 <-> 1285
1196 <-> 929, 1691
293 <-> 285
1468 <-> 237, 1278
130 <-> 45, 251, 804, 1078
622 <-> 298, 1474
1401 <-> 450, 702, 407, 1395
117 <-> 567, 1502
1011 <-> 203, 685, 1011
189 <-> 1433
977 <-> 1882
242 <-> 353
289 <-> 956, 1044
753 <-> 348, 521, 769, 1638
603 <-> 575, 1428, 1914
153 <-> 298, 760, 803, 1664
10 <-> 43, 162
58 <-> 138, 402, 1593
42 <-> 1632, 1788
1175 <-> 272, 1246
46 <-> 46, 744
78 <-> 1452, 1706, 1804
107 <-> 107
811 <-> 221, 711
72 <-> 176
1287 <-> 577, 1882
818 <-> 250, 797
1050 <-> 16, 1151
249 <-> 987, 1041, 1949
1004 <-> 1876
1543 <-> 871
1016 <-> 359
690 <-> 1485, 1995
1157 <-> 62, 270, 721, 1968
1448 <-> 357, 1089
100 <-> 56, 1924
132 <-> 1420, 1498
1054 <-> 1054
693 <-> 1398, 1925
325 <-> 552, 783, 984
98 <-> 1988
1142 <-> 291, 1019
1181 <-> 920, 1165, 1542
429 <-> 865, 1324, 417, 896, 1362
407 <-> 450, 534
256 <-> 18, 648
292 <-> 314, 918, 1025
47 <-> 867, 1677, 991, 19338
1520 <-> 265, 1608
746 <-> 613, 1094, 1997
947 <-> 730, 1269, 498
184 <-> 377, 1415, 1642
99 <-> 1417
779 <-> 838, 869, 1545
987 <-> 249, 1471, 1912
456 <-> 379, 1462
1014 <-> 586, 602
1303 <-> 480
1478 <-> 140, 715, 445, 788
259 <-> 287, 1736, 975, 1030
280 <-> 1889
624 <-> 24, 550, 1798
88 <-> 31
274 <-> 227, 274, 1592
7975 <-> 1736
742 <-> 1376
721 <-> 1271, 1157, 1991, 350, 1164, 1716, 446, 1499
265 <-> 265, 1520
932 <-> 498
1010 <-> 94, 759, 951, 1656
1105 <-> 51
792 <-> 1141, 1746, 1757
61 <-> 61, 1666
1549 <-> 1159
1195 <-> 1193
752 <-> 200, 505, 627, 1564
1081 <-> 914
1508 <-> 1508
790 <-> 1342, 1464
1329 <-> 1018, 1329, 1495
1331 <-> 736, 1866
1364 <-> 1413, 1999
70 <-> 173, 527, 743, 1806, 1958
1365 <-> 1047, 1410, 15865, 1006
146 <-> 148, 101
939 <-> 1279
439 <-> 195
1092 <-> 1092
1184 <-> 618
243 <-> 769, 1455
696 <-> 170, 666, 1992
91 <-> 276
2 <-> 2
351 <-> 437
55 <-> 135
655 <-> 520, 1394
1056 <-> 1237
90 <-> 194, 80, 20, 110, 44, 33
1086 <-> 1751
625 <-> 776, 1536, 1982
214 <-> 214, 282, 1166, 1341, 1751
1147 <-> 164, 900
443 <-> 531
306 <-> 392, 828, 963
1024 <-> 87, 88, 833, 1322
234 <-> 1884
689 <-> 398, 729, 418, 1435, 826
722 <-> 1225, 1301
1283 <-> 940, 1652
1439 <-> 704, 707, 1222, 1862
6 <-> 305, 842, 1932
1211 <-> 1517, 1569, 1843
1522 <-> 669, 1273, 1939
856 <-> 1686
111 <-> 311, 1895
262 <-> 418, 634
771 <-> 378, 754
399 <-> 202
383 <-> 568
1312 <-> 190, 1787
804 <-> 40, 118, 130, 1025, 1319, 1977
1990 <-> 1109
1117 <-> 764
1430 <-> 1430
815 <-> 669, 715
1451 <-> 1039, 1484
1478 <-> 352, 788, 938, 1350, 1354
1120 <-> 1120
403 <-> 43
257 <-> 360, 581, 1658
1334 <-> 1045, 1334, 1546
763 <-> 231, 1606
409 <-> 1687
166 <-> 166, 508, 523, 825, 1259
261 <-> 261, 212, 526, 646
206 <-> 653
162 <-> 162, 171, 1173
1172 <-> 268
1066 <-> 365, 1350
857 <-> 1293, 1412, 1983
845 <-> 887, 1180
1093 <-> 1131, 1225
591 <-> 1625, 1748
1072 <-> 1941, 783, 588, 37394
1554 <-> 1057, 1060, 1376, 1864
20 <-> 19057
633 <-> 1051, 1792
120 <-> 950, 8, 49, 56, 139
6 <-> 3, 957, 8151, 90, 41, 970, 1
97 <-> 43936, 915
74 <-> 263, 679, 13921
23 <-> 3, 0
35 <-> 471, 37, 45, 51531, 1777, 1344
958 <-> 365
793 <-> 148
1760 <-> 673, 388, 611, 1073
267 <-> 762, 1807
121 <-> 183
199 <-> 471
712 <-> 1219, 181, 1137, 176
419 <-> 1436, 310, 1093, 231, 1260, 1465, 1131
1194 <-> 1194
724 <-> 302, 1333
1040 <-> 765
1028 <-> 874
139 <-> 680, 708, 1717, 1808
223 <-> 30, 1237
68 <-> 1597
1214 <-> 271, 1555
79 <-> 1618
1254 <-> 1449, 1452, 1896
645 <-> 1047, 1754, 618, 211
355 <-> 347, 461, 471, 679
192 <-> 989, 1088, 2192, 1891
1425 <-> 730, 1113, 1590
1515 <-> 447, 1640
321 <-> 646, 1265, 1877
1099 <-> 386, 995, 1581
120 <-> 1342, 1826
421 <-> 1177, 1920
1061 <-> 1695
745 <-> 851
359 <-> 359, 1016, 1202
345 <-> 1062
782 <-> 432, 569, 583
1091 <-> 364, 897
152 <-> 521, 1037
830 <-> 717, 889, 1047
1535 <-> 67, 926, 1663
1243 <-> 1755
74 <-> 537, 1861
750 <-> 1973
424 <-> 1060, 1570
784 <-> 497, 595, 1343, 1982
1277 <-> 467, 787, 1277
1239 <-> 283, 946, 1002, 1999
108 <-> 1367
27 <-> 27
219 <-> 426, 739, 1209
989 <-> 319, 671
148 <-> 101, 751, 793, 1601, 1603
64 <-> 9, 49, 126
83 <-> 734, 194
1228 <-> 770, 801, 1101, 1594
843 <-> 123, 1419, 1661, 1678
1221 <-> 114, 837, 1140
1531 <-> 780, 924, 1783
124 <-> 124
986 <-> 584, 986, 1160
850 <-> 850, 965, 1537
182 <-> 1370
169 <-> 740
1443 <-> 1753
1490 <-> 1038, 1669, 1670
266 <-> 576, 609
202 <-> 399, 582
1063 <-> 1063
1486 <-> 623, 1417
285 <-> 11, 29
671 <-> 1929, 1989
218 <-> 1325, 1581
998 <-> 998
127 <-> 1777, 1836
141 <-> 441
5 <-> 371
96 <-> 1299, 1924
1477 <-> 1002, 1248, 1867
1353 <-> 1780, 1983
47 <-> 1871, 867, 1391, 1630, 789
248 <-> 104
35 <-> 130, 881, 1158
1351 <-> 190, 204, 411, 1854
151 <-> 115, 205, 535, 1388, 496, 1222, 382
1215 <-> 1746
797 <-> 818, 1960
145 <-> 507, 58, 402, 1593, 138
455 <-> 457, 712, 28, 176, 1386, 1639, 1227, 831
203 <-> 318, 1011
19 <-> 1656
1921 <-> 1691, 58, 402, 992, 515, 985
84 <-> 84, 343, 948
1208 <-> 530, 1156, 1169, 1389
156 <-> 1138, 1146, 1335
36 <-> 936, 1831
1519 <-> 90, 1032, 1962
368 <-> 116, 583, 1206
1043 <-> 381
35 <-> 71, 885, 1119
231 <-> 419, 763, 1579
24 <-> 244, 624
451 <-> 1506
1032 <-> 300, 1519
1950 <-> 1494, 1769, 981
764 <-> 1703, 1117, 1359
602 <-> 217, 1014, 1335
179 <-> 862, 876, 1633
354 <-> 1476
1428 <-> 603, 798
1975 <-> 1547
5 <-> 37, 901, 913, 0
87 <-> 270, 1024, 1541, 1688, 1903
302 <-> 391, 724
590 <-> 590, 1092
384 <-> 344, 578
953 <-> 982, 1586
1074 <-> 1251
135 <-> 6, 78, 26, 197, 91
1055 <-> 1547
226 <-> 226, 1969
851 <-> 745, 1414, 1541
978 <-> 229, 377, 955
129 <-> 968
982 <-> 60, 449, 953
276 <-> 91, 313, 328, 1799
1496 <-> 1694
437 <-> 351, 1825
340 <-> 55, 651
1218 <-> 1330, 1608
738 <-> 533
80 <-> 290, 1925
1297 <-> 928
1336 <-> 951, 1931
73 <-> 20, 193, 71, 3, 79
989 <-> 192, 489, 1279
800 <-> 600
1327 <-> 246, 1507
196 <-> 563
767 <-> 767, 1445
1237 <-> 223, 1053
869 <-> 53228
250 <-> 1533, 1727, 208, 1321
732 <-> 333, 1296
1023 <-> 201, 1610
1149 <-> 634, 1513
1197 <-> 581, 1071, 1483
416 <-> 109, 1757
636 <-> 477
194 <-> 1974
447 <-> 1516
1536 <-> 580, 625
110 <-> 1296, 1837
1587 <-> 21, 1259, 608, 1668, 166, 1646, 1493
999 <-> 150, 653
959 <-> 1352, 1423
161 <-> 1602, 1936
643 <-> 427, 529, 1301
1538 <-> 1012, 1183
1282 <-> 1274
731 <-> 869
934 <-> 926, 1488
7 <-> 70, 2632, 1788
1266 <-> 343
365 <-> 41, 334
1480 <-> 836
1370 <-> 233, 1332, 94, 182, 747
1360 <-> 315
190 <-> 1312, 1351, 1723
209 <-> 357, 766, 853
37 <-> 263, 678, 1356, 1683, 1714
1350 <-> 1066, 1317, 1478
607 <-> 607
193 <-> 193, 1405
450 <-> 407, 1395
452 <-> 452
1342 <-> 120, 644, 790
1523 <-> 14, 1842
413 <-> 1029, 1873
1453 <-> 1879
748 <-> 748
1174 <-> 364
378 <-> 89, 771, 181
1177 <-> 102, 421, 1778, 1791
1492 <-> 1843
689 <-> 398, 1079
1426 <-> 1426
806 <-> 803, 1707
149 <-> 1401, 1883
1045 <-> 1334, 1985
688 <-> 1067, 1692
1290 <-> 825
1981 <-> 197, 648
1204 <-> 1265
125 <-> 1679
704 <-> 474, 908, 1439
666 <-> 487, 696
650 <-> 1378
251 <-> 130, 484, 882
1346 <-> 200, 1052
367 <-> 181, 1858, 367, 1100, 1109, 1594
701 <-> 1285, 1736
1124 <-> 698
14642 <-> 305, 1545
1106 <-> 703
326 <-> 512
317 <-> 1, 476
820 <-> 556
1304 <-> 410, 1560
1071 <-> 1624
1225 <-> 299, 386, 722, 1093
658 <-> 1713, 1917
1100 <-> 367, 639
444 <-> 916
1112 <-> 1112, 1213, 1426, 1761
592 <-> 592, 1834
936 <-> 36, 1577
1109 <-> 284, 1197, 1714, 1070, 1730
641 <-> 486, 641
150 <-> 453, 999
304 <-> 304, 937
10 <-> 121, 1532
404 <-> 509
1553 <-> 668, 1449
915 <-> 139, 708, 1654, 119, 1821, 1600
168 <-> 1988
1532 <-> 10, 122, 1566
331 <-> 556
320 <-> 1401
758 <-> 509
1203 <-> 388, 968
1231 <-> 715, 1302
817 <-> 817
971 <-> 86, 335
1005 <-> 1912
1440 <-> 1558
942 <-> 1357
1188 <-> 491, 494, 1216, 1711
381 <-> 477, 1043, 1735, 1831
237 <-> 1468, 1934
1552 <-> 15, 1431, 1552
1358 <-> 1358
167 <-> 39, 1626
312 <-> 1156
1059 <-> 330
1537 <-> 923, 368, 1206, 850, 1003
159 <-> 1102
228 <-> 230, 1207, 1739
740 <-> 169, 964
1000 <-> 1862
233 <-> 436, 747
1065 <-> 805
713 <-> 1512, 1586
1256 <-> 1256
147 <-> 1871
448 <-> 1246, 1889
961 <-> 1765, 1824
1232 <-> 1118
50 <-> 1687, 1966
165 <-> 1022, 1377
143 <-> 216, 468, 1180, 1695
301 <-> 1299
1155 <-> 14, 1616
1012 <-> 1538, 1894
991 <-> 397, 19691
726 <-> 858
637 <-> 341
1141 <-> 259, 297, 792, 1575, 1847
1280 <-> 142, 509
188 <-> 367, 686, 930, 1643
358 <-> 617, 1132, 1904
780 <-> 576, 587, 1531
84 <-> 847, 9138
275 <-> 17, 615, 827, 1013
356 <-> 839, 1432
41 <-> 174, 53
733 <-> 1276, 1947
1555 <-> 586, 11051, 1707
254 <-> 1092, 1288, 1328
1876 <-> 832, 870, 1409, 1454, 674, 1049, 28
1095 <-> 316, 1095
138 <-> 51, 58, 75
376 <-> 372, 1997
1301 <-> 303, 380, 643, 722, 902, 946, 1278
160 <-> 1265, 1274, 1660
661 <-> 883
1424 <-> 426
1506 <-> 451, 542
736 <-> 1241, 1331, 1820
833 <-> 1024, 1048, 1904
663 <-> 364, 514
65 <-> 1323
1347 <-> 1926
854 <-> 681, 854, 1152
941 <-> 259, 406, 1458, 1542, 1986
764 <-> 997, 1117, 677, 177, 1829, 638, 1704
1255 <-> 1984
54 <-> 54
52 <-> 1647
1444 <-> 1928
163 <-> 293, 500, 960
412 <-> 485, 682
656 <-> 459
660 <-> 258, 1396
1036 <-> 465, 676, 1212
1281 <-> 1869, 1987
1230 <-> 868, 1397
93 <-> 615, 1667, 1745
112 <-> 112, 668, 1720
943 <-> 1150, 1854, 1818, 1128
420 <-> 1762, 1574
1126 <-> 634, 1387, 1916
676 <-> 697, 1036
1500 <-> 938, 1991
1009 <-> 563, 1926
761 <-> 562, 593, 104, 327
631 <-> 1566
1225 <-> 346, 296, 1318, 299
1167 <-> 329
1246 <-> 1175, 1899
785 <-> 279, 1935
1979 <-> 465
824 <-> 1533
787 <-> 834, 1277, 1534
207 <-> 137, 328
749 <-> 492, 698
258 <-> 660, 905
134 <-> 134, 467
1991 <-> 446, 1505
832 <-> 28, 1427, 1576
440 <-> 1686
1309 <-> 1309, 1736, 1186
8357 <-> 600, 942, 800
1108 <-> 570, 1614
408 <-> 967, 1816
43 <-> 15, 403, 866
278 <-> 513, 1449
1372 <-> 205, 670, 151
1158 <-> 1034, 1232, 1760
1481 <-> 216, 339, 483
980 <-> 1694, 235, 124
220 <-> 1854
1382 <-> 1613
945 <-> 566, 672
1373 <-> 1975, 157, 1547, 1859, 1345, 1771, 1878, 1784
252 <-> 619, 1709
1057 <-> 886, 1122, 1554
716 <-> 1659
614 <-> 221, 1182, 1456
370 <-> 1928
652 <-> 562, 1984
618 <-> 264, 645, 1184
607 <-> 236
1467 <-> 535, 1950
185 <-> 185
1328 <-> 254, 1143
25 <-> 25
816 <-> 1636
609 <-> 266
1384 <-> 478, 1980
48 <-> 48, 1363
1046 <-> 1115
369 <-> 1759
1462 <-> 300, 588, 665, 1298
414 <-> 69, 1998
706 <-> 706, 1398
83 <-> 734, 1794
606 <-> 390, 1745
594 <-> 1666
1044 <-> 289, 1702
944 <-> 1913, 229, 650, 1567, 1378, 978
1180 <-> 143, 845, 1933
7 <-> 438, 1509
1169 <-> 917, 1208
1326 <-> 1018
848 <-> 1949
808 <-> 241, 1187, 288, 1634, 1084
1509 <-> 7, 136, 1291
400 <-> 64, 1190
232 <-> 232, 1893
30 <-> 270, 103, 775, 141, 178
1323 <-> 65, 1619
131 <-> 995
1548 <-> 826, 1292
962 <-> 1878
1529 <-> 1166
95 <-> 1613, 1308
349 <-> 1602
104 <-> 9, 77, 107
1315 <-> 1507, 1675
795 <-> 795, 1693
433 <-> 667, 1355
796 <-> 1819
136 <-> 118, 1509
1129 <-> 1615
1022 <-> 165, 1371
305 <-> 6, 1442
777 <-> 164, 462, 879, 1890
973 <-> 94, 925, 1821
1135 <-> 1820
1110 <-> 1807
375 <-> 191, 456
109 <-> 416, 705
1299 <-> 1299
3 <-> 4381, 315
1027 <-> 1027, 1198, 1289
978 <-> 423, 540, 955
1130 <-> 470
1473 <-> 1677
327 <-> 761, 1240, 1789
664 <-> 1168, 1945
1465 <-> 419, 1672
240 <-> 396
812 <-> 489, 580
28 <-> 802, 1227
692 <-> 692
323 <-> 687
786 <-> 1603
700 <-> 1682
1132 <-> 358, 551, 1212
286 <-> 974
1042 <-> 1791
667 <-> 433
1035 <-> 1859
1107 <-> 1730
1079 <-> 689, 821, 1189
3739 <-> 588, 1941
1161 <-> 85, 1878
929 <-> 1196, 1650
303 <-> 1301, 1599
1493 <-> 21, 1731
858 <-> 726, 1796, 1843
635 <-> 175, 938, 1971
1178 <-> 1804
435 <-> 725, 1595, 1832, 1965
628 <-> 204, 848
1127 <-> 40, 307, 1697
695 <-> 1427
1334 <-> 1546, 777, 1045, 1147, 164, 1192
1209 <-> 219, 1880
1097 <-> 1097, 1294
950 <-> 1470, 1, 265, 30, 1520
727 <-> 308, 557
82 <-> 1420, 1865
33 <-> 395, 1772
428 <-> 481, 1705, 1942
224 <-> 335, 1911
385 <-> 1752
1003 <-> 1206, 1339, 1737
814 <-> 1103, 1514, 1729, 1900
776 <-> 133, 625
1052 <-> 336, 1346, 1515
952 <-> 1461, 1655
1511 <-> 1286
791 <-> 553, 1344
966 <-> 227, 201, 1023
1229 <-> 1703
374 <-> 1632
295 <-> 173, 463
1257 <-> 532
741 <-> 741
699 <-> 1966
1390 <-> 1535, 212, 601, 67
122 <-> 1421, 1532
1314 <-> 1862
154 <-> 1888
963 <-> 222, 306
1248 <-> 1477, 1699
1483 <-> 1197, 1438, 1922
216 <-> 143, 1481, 1897
659 <-> 3572, 1241
308 <-> 727, 1620
140 <-> 445, 1732
718 <-> 578
847 <-> 628, 933
12 <-> 632, 762, 829
1247 <-> 1337, 1739, 1954
170 <-> 170, 571, 696, 859
683 <-> 615, 1250
781 <-> 826, 1700
1163 <-> 434, 1176, 1814, 1900
170 <-> 174, 81
104 <-> 67, 134
453 <-> 150, 479, 1907
1139 <-> 1854
710 <-> 574
13 <-> 6362, 1429
273 <-> 230, 1875
1134 <-> 559, 1298
662 <-> 13
1051 <-> 576, 633, 1404, 1972
1434 <-> 520, 1755
946 <-> 499, 1239, 1301
714 <-> 75
213 <-> 1660
405 <-> 1343, 1491, 1915
16 <-> 5, 3470, 91
1907 <-> 6, 832, 1890, 1121
1340 <-> 1502, 1883
895 <-> 1080, 104, 11179, 593, 248
972 <-> 1723
1385 <-> 198, 1775
1485 <-> 690, 1892
1446 <-> 1545
272 <-> 1175, 1697
755 <-> 537
1275 <-> 1722
1515 <-> 1052, 1734, 809
725 <-> 116, 435, 1651
772 <-> 917
38 <-> 1238
1285 <-> 701, 1379, 1596
827 <-> 275, 720, 827, 1403
59 <-> 1620, 1915
1083 <-> 705
1381 <-> 1368
1521 <-> 821
1386 <-> 176, 1217, 959, 1311
223 <-> 384, 30, 1317, 344, 1773
668 <-> 112, 3106
1087 <-> 343
319 <-> 906, 1008, 1989
810 <-> 210, 1758, 1824
1474 <-> 622, 1830
844 <-> 1310, 1557
605 <-> 1375
1080 <-> 1179, 1751
1123 <-> 26
1159 <-> 1437, 66, 1747, 1549
873 <-> 498, 760, 932, 1313, 153, 1864
943 <-> 482, 332, 1103, 1995, 735, 1245
719 <-> 1600
155 <-> 1524
324 <-> 324
1482 <-> 1399, 1633
215 <-> 14
387 <-> 293, 309
7602 <-> 12, 53, 267, 1869
128 <-> 128
174 <-> 517, 573
611 <-> 77, 1073, 1571, 1950
1162 <-> 730, 1069, 1600
238 <-> 15
979 <-> 1331, 736, 1820, 1096, 192, 1241
967 <-> 408, 1605
1037 <-> 152, 1919
377 <-> 229, 923, 978, 955, 1821, 852
362 <-> 239, 1766
1380 <-> 1441, 1527, 1855
