0 <-> 24, 25, 26, 27, 28, 19
1 <-> 29, 30, 31, 32, 33
2 <-> 34, 35, 36, 37, 38
3 <-> 39, 40, 41, 42, 43
4 <-> 44, 34
5 <-> 45, 46, 47
6 <-> 48, 49, 50, 51, 52, 53
7 <-> 54, 55, 56, 57, 58
8 <-> 59, 60, 47, 61, 62, 63, 33
9 <-> 64, 65, 66, 67, 68, 69
10 <-> 70, 71, 72, 73, 74
11 <-> 75, 76, 77, 78
12 <-> 79, 80, 57, 81, 82, 83, 47, 84
13 <-> 85, 53, 20, 37
14 <-> 72, 85, 86, 87, 88, 89
15 <-> 90, 91, 92, 93
16 <-> 93, 94, 95, 96
17 <-> 41, 47, 73, 97, 9, 57, 98
18 <-> 99, 100, 17, 101, 19, 102, 103, 104
19 <-> 105, 106, 107, 108, 109, 110
20 <-> 111, 112, 113, 114, 94, 115, 3
21 <-> 116, 72, 117, 118
22 <-> 119, 120, 2, 121, 122, 123, 124
23 <-> 125, 126, 127, 120, 128, 129, 130, 131
