0 <-> 0
1 <-> 246, 247
2 <-> 248, 249, 250
3 <-> 3
4 <-> 251
5 <-> 252
7 <-> 253, 254, 58
8 <-> 255, 256
9 <-> 257
10 <-> 258
11 <-> 259, 260
12 <-> 261, 262, 263
13 <-> 264
15 <-> 265, 266, 267
17 <-> 270, 271, 272
18 <-> 41, 273, 274
19 <-> 275
20 <-> 276
21 <-> 179
22 <-> 242, 277, 88, 278
23 <-> 279, 280
24 <-> 281, 282
25 <-> 283, 284
26 <-> 26
28 <-> 289, 290
29 <-> 291, 292, 293
30 <-> 294
31 <-> 295, 296
32 <-> 297
34 <-> 301, 302
35 <-> 303, 304, 305, 306, 307
36 <-> 308
38 <-> 309, 310, 811
40 <-> 313, 314
41 <-> 18, 315, 316
42 <-> 317, 318, 319
43 <-> 116, 320, 321
44 <-> 44, 322
45 <-> 323, 324, 325
46 <-> 46, 326
47 <-> 327
49 <-> 330, 331, 332
50 <-> 333
52 <-> 334, 335
53 <-> 336, 337
54 <-> 338, 339, 340, 51
345 <-> 330, 342, 343
57 <-> 344, 345
20 <-> 346, 347
60 <-> 349, 350
61 <-> 351
62 <-> 352
65 <-> 356
67 <-> 361, 362, 363
68 <-> 364, 365
70 <-> 330, 367
71 <-> 368, 369
72 <-> 370
73 <-> 371, 372, 373
75 <-> 375, 376
76 <-> 76, 377
79 <-> 380, 381
27 <-> 66, 382
80 <-> 80, 383, 384
81 <-> 385
82 <-> 386
83 <-> 387, 388, 389, 390, 177
84 <-> 391, 388
85 <-> 3982, 393
86 <-> 150
89 <-> 396
90 <-> 397, 390, 399
92 <-> 400, 401
94 <-> 403
95 <-> 404
96 <-> 405, 406
100 <-> 412, 413
101 <-> 414, 415
102 <-> 102, 416, 417
103 <-> 98, 418, 419
106 <-> 421, 422, 56
107 <-> 423, 424
108 <-> 425, 426, 309
109 <-> 427, 428
110 <-> 429, 430
111 <-> 431, 260
112 <-> 432, 415
114 <-> 227
115 <-> 433
116 <-> 43, 434, 309, 435
117 <-> 436
118 <-> 378, 437
119 <-> 438, 439
120 <-> 120, 440
121 <-> 441, 442, 13, 264
124 <-> 444, 445
125 <-> 446, 447, 381
127 <-> 127
128 <-> 449, 450, 451, 452, 453
130 <-> 454, 455
131 <-> 105, 456, 457, 458
132 <-> 459, 460
133 <-> 461, 462, 463, 464
135 <-> 465
136 <-> 466, 467, 4468
137 <-> 469, 470, 471
138 <-> 472, 473, 474
140 <-> 140, 477, 478
142 <-> 482, 483
143 <-> 143, 484, 485, 486, 487
144 <-> 488, 489
146 <-> 493
148 <-> 495
149 <-> 497, 323, 498
151 <-> 499
952 <-> 0, 266, 501
153 <-> 502, 503, 504
154 <-> 505
155 <-> 506, 507
156 <-> 508, 509
157 <-> 510, 511
158 <-> 512, 385, 513
159 <-> 514, 515
160 <-> 375, 516
162 <-> 521, 522, 523
163 <-> 526, 490, 527
165 <-> 529
166 <-> 134, 530
168 <-> 533, 534
169 <-> 169
170 <-> 5365
171 <-> 536
172 <-> 537, 538, 539
173 <-> 540
174 <-> 174
175 <-> 541, 411
176 <-> 542, 363
177 <-> 83, 543
178 <-> 544
179 <-> 21, 454, 254, 545
180 <-> 546
181 <-> 524
183 <-> 549, 550, 466
184 <-> 551, 552
185 <-> 553, 554, 555
186 <-> 556, 557, 558, 186
187 <-> 559, 560, 561, 562, 563
188 <-> 564, 565
189 <-> 566, 567, 568
190 <-> 569
191 <-> 570, 571, 572
193 <-> 575, 269, 576
194 <-> 577
195 <-> 578
196 <-> 579
198 <-> 581
199 <-> 582
201 <-> 584, 585
204 <-> 204
206 <-> 588
209 <-> 592
210 <-> 593, 594
211 <-> 595
213 <-> 596, 597, 598
217 <-> 600
218 <-> 601, 602
220 <-> 496, 604
221 <-> 605, 606
222 <-> 607, 608
223 <-> 212
225 <-> 611, 612, 613, 614
226 <-> 615, 616
227 <-> 227
229 <-> 618
230 <-> 619, 620
2301 <-> 621, 622
236 <-> 297, 501
237 <-> 629, 577
238 <-> 300
239 <-> 630, 631
240 <-> 486, 632
241 <-> 493
242 <-> 22, 277
244 <-> 356, 267
