0 <-> 557, 233, 715
1 <-> 716, 717, 718
2 <-> 719, 720, 189
3 <-> 452, 721, 722
4 <-> 723
5 <-> 724
6 <-> 326, 725, 726
9 <-> 727, 728, 729
11 <-> 731
12 <-> 732
14 <-> 733, 734, 333
15 <-> 735, 736, 737
16 <-> 252, 738, 739, 598
17 <-> 740, 741, 508
18 <-> 742
19 <-> 743, 744
21 <-> 747, 213, 748, 749
22 <-> 750
24 <-> 752, 753, 754
25 <-> 455
26 <-> 755, 756
27 <-> 757, 758
28 <-> 759, 385, 760
29 <-> 761, 762
30 <-> 763, 764, 765, 766
31 <-> 767
32 <-> 768, 769, 770, 32
34 <-> 34
23 <-> 772, 773, 684
35 <-> 51
36 <-> 774, 540
37 <-> 775, 776, 777, 778
38 <-> 779
39 <-> 780, 758
40 <-> 781, 782
41 <-> 783, 784
42 <-> 785
43 <-> 786
44 <-> 787, 788, 520
45 <-> 789, 790
46 <-> 791, 792
47 <-> 793
48 <-> 794, 795, 796
49 <-> 797, 798
50 <-> 799, 642, 800
51 <-> 51, 801, 35
52 <-> 187, 802
53 <-> 803
54 <-> 804
55 <-> 805, 649, 806, 807, 808
56 <-> 809
57 <-> 57, 810, 633, 811, 812
58 <-> 813, 270
59 <-> 110
61 <-> 814, 3794
62 <-> 234
63 <-> 815, 690
64 <-> 816, 399, 817, 818
65 <-> 415, 819
66 <-> 820
67 <-> 541, 821, 67
68 <-> 822
69 <-> 823, 69
70 <-> 533
71 <-> 71, 824
72 <-> 825
73 <-> 183, 826, 592
74 <-> 114, 827, 828
75 <-> 75
76 <-> 829
77 <-> 830, 77
78 <-> 831
79 <-> 832, 833
80 <-> 834, 80, 835
82 <-> 836
83 <-> 83
84 <-> 655, 837
85 <-> 838, 839, 840
86 <-> 86, 841
87 <-> 842, 843
88 <-> 844, 845, 88, 846
89 <-> 787
90 <-> 847
91 <-> 848, 849
92 <-> 850, 851, 852, 853
93 <-> 93, 400
94 <-> 289, 854
95 <-> 423, 95
96 <-> 855
97 <-> 856, 368
98 <-> 857, 858, 859
99 <-> 860, 861, 862
100 <-> 863
101 <-> 864
102 <-> 734, 865
103 <-> 866
104 <-> 250, 867
105 <-> 105, 868, 869
106 <-> 870
107 <-> 871
108 <-> 872, 873
109 <-> 874, 875
110 <-> 876, 59
111 <-> 877, 878
112 <-> 879
113 <-> 880, 881
114 <-> 882, 883, 74, 817, 884
115 <-> 885
116 <-> 402
117 <-> 886
118 <-> 887, 328, 888
119 <-> 889, 890
120 <-> 891, 892
121 <-> 813
122 <-> 894, 895, 896
123 <-> 897
124 <-> 898, 306
125 <-> 899
126 <-> 900, 901
127 <-> 902, 903, 904
128 <-> 905
129 <-> 906, 907, 908, 909
130 <-> 684, 594, 910
131 <-> 911
132 <-> 912, 913
133 <-> 914, 915, 916, 917
134 <-> 134
135 <-> 918
136 <-> 919
137 <-> 920
138 <-> 60, 921, 922
139 <-> 139
140 <-> 923
141 <-> 317
142 <-> 880, 924
143 <-> 416, 925, 568
144 <-> 926
145 <-> 927
146 <-> 928
147 <-> 929, 930
148 <-> 931, 932, 222
149 <-> 149
150 <-> 933
151 <-> 934
152 <-> 152
153 <-> 935, 664
154 <-> 936, 937
155 <-> 215, 938
156 <-> 401, 939
157 <-> 940, 941, 942
158 <-> 943
159 <-> 944
160 <-> 945
161 <-> 946, 947
163 <-> 799, 948
164 <-> 949
165 <-> 950, 951
166 <-> 541
167 <-> 195, 575, 33
168 <-> 952, 274, 953
169 <-> 954, 462, 955
170 <-> 170
171 <-> 956
172 <-> 410
173 <-> 957, 958, 959, 960
174 <-> 961, 962, 963
175 <-> 964
176 <-> 775, 965, 966
177 <-> 967, 966
178 <-> 623
179 <-> 968, 969, 970
180 <-> 971, 761, 795
181 <-> 529, 972, 973
182 <-> 974, 975
183 <-> 73, 976, 977, 978
184 <-> 979
185 <-> 980, 981
186 <-> 982
187 <-> 983, 52
189 <-> 985, 2
190 <-> 986
191 <-> 987, 988
192 <-> 989
193 <-> 990
194 <-> 991, 992
195 <-> 993, 994, 995, 996, 997
196 <-> 787, 998
197 <-> 999, 1000, 1001
198 <-> 1002, 893
200 <-> 1003, 1004
201 <-> 913
202 <-> 1005, 311
203 <-> 1006, 1007, 13
204 <-> 1008
205 <-> 1009, 1010, 1011
206 <-> 1012
207 <-> 1013
208 <-> 1014, 1015
209 <-> 1016, 1017
210 <-> 952
211 <-> 1018, 1019, 1020
212 <-> 1021, 1022, 1023
213 <-> 1024, 21
214 <-> 684
215 <-> 1025, 1026
216 <-> 844
217 <-> 1027, 1028, 1029, 1030, 1031, 1032, 301
218 <-> 218
219 <-> 947, 1033
220 <-> 1034
221 <-> 1035
222 <-> 1036, 148, 1037, 1038
223 <-> 500, 1039
224 <-> 1040, 1041, 224
225 <-> 1042, 1043
226 <-> 1044, 1045
227 <-> 929, 1046, 995
228 <-> 991
229 <-> 1047, 1048
230 <-> 1049
231 <-> 820, 488, 1050, 1051
232 <-> 1052, 1053
233 <-> 0, 1054
234 <-> 62, 1055, 517
236 <-> 250, 1056
237 <-> 1057, 1058
238 <-> 754
239 <-> 239
240 <-> 1059, 240
241 <-> 1060
242 <-> 1061, 1062
243 <-> 768, 1063, 1064
244 <-> 244
246 <-> 1068, 7, 1069
247 <-> 194, 1070
248 <-> 1071, 1072
249 <-> 1073, 782
250 <-> 14, 1074, 1075, 236, 466
251 <-> 1076
252 <-> 924, 16
253 <-> 1077
254 <-> 1078
255 <-> 1079, 1080
256 <-> 1081
257 <-> 650, 1082
258 <-> 1083, 1084
259 <-> 1085, 1086, 1087
260 <-> 1088, 1089
261 <-> 948
262 <-> 1090, 1091
263 <-> 1092
264 <-> 1093
265 <-> 3474, 1094
266 <-> 880
267 <-> 1095, 1096, 1097
268 <-> 1098, 1099
269 <-> 958, 1069
270 <-> 897, 58, 1035, 1100
271 <-> 980, 1101
272 <-> 1102, 1103, 1104, 1105
273 <-> 1106, 737
274 <-> 956, 1107, 168
275 <-> 822
276 <-> 940
277 <-> 1108, 574, 1109, 86, 930
278 <-> 1110
279 <-> 510
280 <-> 784
281 <-> 1111, 1112
282 <-> 1113, 1114, 1115
283 <-> 1116
284 <-> 702, 1117
285 <-> 1118, 479, 1119
286 <-> 1120
287 <-> 918, 1121
288 <-> 753
289 <-> 1122, 1123, 1124
290 <-> 290, 1125
291 <-> 1126, 1002, 178, 326, 1127
292 <-> 1065
293 <-> 716, 1128, 1129, 1130
294 <-> 277, 294, 986
295 <-> 1131, 1132
296 <-> 1133
297 <-> 1134
2985 <-> 1135, 1136, 1137, 1138, 466
299 <-> 1009, 1139
15 <-> 108, 1140, 157
300 <-> 1141, 332
301 <-> 217, 1142
302 <-> 1143, 480
303 <-> 1144, 1145
304 <-> 1146
305 <-> 305
306 <-> 124, 504
307 <-> 1009
308 <-> 1147, 1148, 1149
309 <-> 1150, 1151
310 <-> 610, 1152
311 <-> 1153, 202
312 <-> 312, 638, 1154
313 <-> 762
314 <-> 1155, 1156, 792
315 <-> 260
316 <-> 1157, 1158
317 <-> 141, 521
318 <-> 1159, 1160
319 <-> 1161
320 <-> 320
321 <-> 1162
322 <-> 874
323 <-> 1163
324 <-> 1164
325 <-> 1165, 1166, 217
326 <-> 6, 1167, 558, 1168
327 <-> 1170, 1171
328 <-> 118, 1172
329 <-> 1173
330 <-> 1174, 1175
331 <-> 878, 1176, 778, 927, 1177
332 <-> 1147, 1178, 1179, 300
333 <-> 1180, 1181
335 <-> 1182, 1183
336 <-> 1184
337 <-> 337
5338 <-> 1185, 687
339 <-> 968, 339
340 <-> 478, 746
341 <-> 606, 1186
342 <-> 793
343 <-> 1187
344 <-> 1188
345 <-> 1189, 1190
346 <-> 429, 1191
347 <-> 1023, 1192
348 <-> 655, 1193, 1194, 1195
349 <-> 971, 829, 1196, 1197
350 <-> 882, 1198, 1199, 1190, 1200
351 <-> 1201
352 <-> 10, 1202, 1203
353 <-> 1204, 831
354 <-> 1157
355 <-> 1205, 1206
356 <-> 1207, 1208
357 <-> 1130
358 <-> 978
359 <-> 359
360 <-> 1209, 1210
361 <-> 1211, 1212
362 <-> 1213, 1214, 1215
363 <-> 363
364 <-> 1216, 1217, 1218
365 <-> 777, 1219, 1220
366 <-> 1221, 418, 1222
367 <-> 6405
368 <-> 1187, 1223, 1224, 1225
369 <-> 723
370 <-> 370
372 <-> 999, 1226
8 <-> 8, 1227
373 <-> 1228, 1229, 1230, 1231
374 <-> 265, 1232, 1233
375 <-> 1234, 776, 564, 1235
376 <-> 1236
377 <-> 1237
378 <-> 378, 1238
379 <-> 619, 535
380 <-> 1239, 1240
277 <-> 1241, 294, 1242
381 <-> 1243
382 <-> 1244
383 <-> 1245
384 <-> 987, 1246, 1247
385 <-> 1248, 28
386 <-> 386
387 <-> 1249, 832, 427, 1250
388 <-> 388
389 <-> 1251, 1252, 517
390 <-> 1253, 1254, 3902, 631, 809
391 <-> 391
392 <-> 390, 1255, 1256
393 <-> 866, 687
394 <-> 1257
395 <-> 1258
396 <-> 1259, 1260
397 <-> 1003
398 <-> 325, 1261
399 <-> 1262, 64, 1263
400 <-> 1264, 93
401 <-> 156, 1209, 1265
402 <-> 402, 1266
403 <-> 1267, 1268, 1269
404 <-> 1270
405 <-> 1271, 1164
406 <-> 1272, 1273, 1030, 1076
407 <-> 1274
408 <-> 1111, 1275, 1276
409 <-> 1277, 732
410 <-> 1278, 172, 1190
411 <-> 1279, 1280, 1044
412 <-> 1202
413 <-> 1281, 1282
414 <-> 1283, 1284, 1285
415 <-> 1286, 1287, 65
416 <-> 143, 1288
417 <-> 417, 1289
418 <-> 366, 731, 1290, 1291
14 <-> 745
419 <-> 1292
420 <-> 1293
421 <-> 611
422 <-> 751, 1150, 1294, 1295
423 <-> 1296, 95
424 <-> 1297, 1298, 1230
425 <-> 425
426 <-> 1299
427 <-> 1300, 387
428 <-> 1301
429 <-> 1302, 1303, 346
430 <-> 1304
431 <-> 1218
432 <-> 1305, 1306
433 <-> 1307, 526, 1308, 1309
434 <-> 1310, 1134
435 <-> 1311
436 <-> 1312
437 <-> 437
438 <-> 438
439 <-> 1313, 1314
440 <-> 1315, 1299, 1316, 464
441 <-> 1317
442 <-> 1318, 1313
443 <-> 1319, 1320
444 <-> 444
445 <-> 445
446 <-> 1321, 1322, 617, 1323
447 <-> 1324, 1325, 1326
448 <-> 790
449 <-> 1327
450 <-> 1328
451 <-> 1329, 1110, 1330
453 <-> 1331
454 <-> 1267, 1332, 3237, 1060
455 <-> 1014, 1333, 25, 1334
456 <-> 747, 1335, 831
457 <-> 1336, 898
458 <-> 1337
459 <-> 1132, 1338
460 <-> 1339
461 <-> 959
462 <-> 1340, 169, 462
463 <-> 836, 1341, 1342, 1022, 1343
464 <-> 440, 1344, 1345
465 <-> 465
466 <-> 298, 250, 1346, 1347
467 <-> 4564, 1348
468 <-> 1217
469 <-> 532, 1349
470 <-> 1350, 1351
471 <-> 1352
472 <-> 1353
473 <-> 596
474 <-> 1354
475 <-> 1355
476 <-> 476
477 <-> 1350, 1356
479 <-> 1359, 285
480 <-> 302, 1360
481 <-> 1361
482 <-> 1362, 1363
484 <-> 1364, 334
485 <-> 1365
486 <-> 930, 845
487 <-> 1176
488 <-> 1366, 231
489 <-> 489
490 <-> 1367
491 <-> 951, 1368
492 <-> 1369
493 <-> 493
494 <-> 974, 871, 1121
495 <-> 934, 495
496 <-> 825
497 <-> 497
498 <-> 1370, 1371, 1372, 1373
499 <-> 1374
500 <-> 1375
501 <-> 501
502 <-> 1376
503 <-> 1238
504 <-> 614, 306
505 <-> 31015
506 <-> 162, 530
507 <-> 1377, 1378
508 <-> 17, 1379
509 <-> 1118, 1380
510 <-> 1381
511 <-> 1285
14 <-> 250, 1382
512 <-> 1383, 1384, 1385
513 <-> 513, 1386
514 <-> 1081, 514, 1387
515 <-> 1388, 812
516 <-> 1126, 1389, 803
517 <-> 234, 389, 1390, 1391
518 <-> 928
520 <-> 1393, 44
521 <-> 1394, 317, 1395, 909
522 <-> 1396
523 <-> 1397, 1398
524 <-> 1399
525 <-> 1400, 1401, 1402
526 <-> 1127, 1403, 433, 1404
527 <-> 1040, 1405, 1406
528 <-> 1407
529 <-> 181, 1408, 1409
530 <-> 1410, 506
531 <-> 1411, 1412
532 <-> 1413, 469
533 <-> 70, 1414, 1415, 1416, 1417
534 <-> 534
535 <-> 379, 1418, 885
536 <-> 1419
537 <-> 1420, 886
538 <-> 349, 1421
539 <-> 1422, 1423
540 <-> 1424, 36
541 <-> 166, 1425, 67
315 <-> 1426
542 <-> 1427
543 <-> 1428, 1064
544 <-> 1429
455 <-> 1218
545 <-> 545
546 <-> 546, 1073
547 <-> 1430, 1431, 1432
548 <-> 548, 1433
549 <-> 864
550 <-> 1434, 1435, 1436
551 <-> 1437, 551
552 <-> 693, 245
553 <-> 1310, 1438
554 <-> 1439
555 <-> 1212
556 <-> 1401, 1440
557 <-> 0, 744, 1441, 1442
558 <-> 326, 1443, 1444
559 <-> 1445, 1446
560 <-> 869
561 <-> 1447
562 <-> 13870
563 <-> 14428
564 <-> 716, 1449, 375
565 <-> 1066
566 <-> 1450
567 <-> 1310
568 <-> 622, 143, 1451, 1452
569 <-> 818
570 <-> 1453
571 <-> 1454
572 <-> 1243, 1455
573 <-> 1456, 1457
574 <-> 987, 1458, 1459
575 <-> 1460
576 <-> 576
577 <-> 874
578 <-> 1210
579 <-> 730
580 <-> 1314
581 <-> 1461
582 <-> 989, 860, 1462
583 <-> 1463, 220, 940
584 <-> 584
585 <-> 814
586 <-> 1140, 683, 1399, 1464
587 <-> 1465, 1466, 587
588 <-> 1467
589 <-> 880
590 <-> 910
591 <-> 1268
592 <-> 73, 1468
593 <-> 1180, 60, 1469
594 <-> 130, 1470, 1471
595 <-> 1472
596 <-> 1473, 473, 1230
597 <-> 802, 766, 786
598 <-> 1474, 16
599 <-> 1475, 1476
167 <-> 1477
600 <-> 1014, 1478
601 <-> 601
602 <-> 1479
603 <-> 676
604 <-> 604, 1480, 1481
605 <-> 1268
606 <-> 816, 1482, 341
607 <-> 786
608 <-> 1483
609 <-> 1403
611 <-> 421, 1485
612 <-> 1486, 612
613 <-> 613
614 <-> 504, 910, 1487, 1488
615 <-> 948, 1489, 1490
616 <-> 1183
617 <-> 1491, 446
618 <-> 618, 1492
619 <-> 1493, 379
620 <-> 1494, 235, 620
621 <-> 371, 663, 1479
622 <-> 568, 1495
623 <-> 178, 623, 1496
624 <-> 1497, 1498
625 <-> 769
626 <-> 1499, 754
627 <-> 1320
628 <-> 1500, 1501
629 <-> 1358
630 <-> 771
631 <-> 390, 1502
632 <-> 788, 1062
633 <-> 57, 1503
634 <-> 1504
635 <-> 712
636 <-> 897
637 <-> 637
638 <-> 312, 1505
639 <-> 1506, 639, 1507
640 <-> 1508, 1509, 367
641 <-> 1510
642 <-> 50, 1511
643 <-> 692
644 <-> 827
645 <-> 645
646 <-> 1319
647 <-> 647, 1512, 1513
648 <-> 1415, 1514
649 <-> 55, 1515
650 <-> 257, 1516
651 <-> 651
652 <-> 1277, 766, 1378
653 <-> 1517, 1186
654 <-> 1518
655 <-> 1519, 348, 84, 1520
656 <-> 656
657 <-> 1442
658 <-> 1304, 1521
659 <-> 1047
660 <-> 660, 1522
661 <-> 1523
662 <-> 1524, 1525
663 <-> 621, 1526
664 <-> 153, 1527, 1528
665 <-> 1529, 779, 199
666 <-> 1530
667 <-> 1405
668 <-> 1531, 1532, 1533
669 <-> 1534, 1535, 1536
670 <-> 1537, 1538
671 <-> 1531, 1539
672 <-> 1509
673 <-> 1428
674 <-> 1540
675 <-> 1541, 812
677 <-> 1543, 1544
678 <-> 1432
679 <-> 1256
680 <-> 888
681 <-> 1545, 1467
682 <-> 1546
683 <-> 1547, 647
684 <-> 130, 23, 1173, 1548
685 <-> 1549, 1550, 1551, 1552
686 <-> 1553, 1554
687 <-> 1555, 338, 393
688 <-> 1556, 921
689 <-> 1557
690 <-> 1558, 63, 1559
691 <-> 1560
692 <-> 1561, 643, 1562, 1563
693 <-> 552, 1564
694 <-> 1033
695 <-> 1518
696 <-> 1565
697 <-> 1259, 1566, 1567
698 <-> 411
699 <-> 936, 1313
700 <-> 1568, 1569
701 <-> 1570
702 <-> 702, 1571, 1572, 724, 284
703 <-> 1573, 1528
704 <-> 704
705 <-> 1574
706 <-> 706
707 <-> 1022
708 <-> 1059, 1575
709 <-> 1576, 1192
710 <-> 1577
711 <-> 1578, 1579, 984, 1580
712 <-> 635, 1581
713 <-> 1044, 1582
714 <-> 733, 81
