1
1
6
4
5
0
6
99
0
5
1
6
4
5
5
1
9
0
1
6
4
5
5
1
9
0
5
1
6
4
5
5
1
6
9
5
16
0
5
1
0
5
1
6
0
5
1
0
5
1
0
5
1
6
0
5
1
0
5
1
6
0
5
1
0
5
1
6
6
4
5
0
5
1
6
4
5
5
1
9
0
1
6
4
5
5
1
9
0
5
1
6
4
5
5
1
6
9
5
6
0
5
1
0
5
1
6
0
1
0
5
1
0
1
6
0
5
1
0
5
1
6
0
5
1
0
5
1
6
6
4
5
1
6
9
5
1
6
4
5
5
0
6
9
5
1
6
4
5
1
6
90
50
1
6
0
1
6
9
0
5
1
6
90
5
1
6
0
5
0
5
1
2
4
5
1
6
90
5
1
6
6
4
5
1
6
0
0
5
1
5
-2
2
2
1
0
3
2
1
5
0
6
9
5
1
6
4
5
6
90
5
1
6
0
1
61
6
9
0
5
1
6
6
0
5
1
5
-2
2
21
51
6
9
5
6
0
5
1
0
5
1
6
0
1
0
5
1
0
5
1
6
0
5
1
0
5
1
6
0
5
1
0
5
1
6
6
4
5
1
6
9
5
1
6
4
5
5
0
6
9
5
5
1
9
0
1
6
4
5
5
1
9
0
5
1
6
4
5
5
1
6
9
5
6
0
5
1
0
5
1
6
0
1
0
5
1
0
5
1
6
0
5
1
0
5
1
6
0
5
1
0
5
1
6
6
4
5
1
6
9
5
1
6
4
5
5
0
6
9
5
1
6
4
5
1
6
90
50
1
6
0
1
6
9
0
5
1
6
90
5
5
1
6
4
5
1
6
90
50
1
6
0
1
6
9
0
5
1
6
90
5
1
6
0
5
0
5
1
2
4
5
1
6
90
5
1
6
6
4
5
1
6
0
0
5
1
5
-2
2
2
1
0
3
2
1
5
0
6
9
5
1
6
4
5
16
90
5
1
6
0
1
6
9
0
5
1
6
6
0
5
1
9
5
1
6
4
5
5
0
6
9
5
1
6
4
5
1
6
90
5
1
6
0
1
6
9
0
5
1
6
90
1
29
0
5
1
6
6
0
5
1
9
5
1
6
4
5
5
0
6
9
5
1
6
4
5
1
6
90
2
2
1
0
-