0
0998910011102311111117
00111102311111117
10011102311111117
00111102311111117
4
513812111111111117
00111102311111117
4
51381111111111110
41111111111111117
45971111911111632
4
51381111111111110
10011102311111117
00111102311111117
4
513812111111111117
00111102311111117
4
51381111111111110
41111111111111117
0011102311111117
001111111632
4
51381111111111110
10011102311111117
0311111117
00111102311111117
10011102310111117
00111102311111117
4
513812111111111117
00111102311111117
4
51381111111111110
41111111111111117
45971111911111632
4
51381111111111110
10011102311111117
00111102311111117
4
513812111111111117
00111102311111117
4
51381111111111110
41111111102311111117
4
513812111111111117
00111102311111117
4
51381111111111110
41111111111111117
45971111911111632
4
51381111111111110
10011102311111117
0011110231110111117
00111102311111117
4
513812111111111117
00111102311111117
4
51381111111111110
41111111111111117
45971111911111632
4
51381111111111110
10011102311111117
00111102311111117
4
513812111111111117
00111102311111117
4
51381111111111110
41111111102311111117
4
513812111111111117
00111102311111117
4
51381111111111110
41111111111111117
45971111911111632
4
51381111111111110
10011102311111117
11911111632
4
5138111001111023111