133416362232524523656153224431474262672375334167132222736552165646744761168186662371632881751731672656173232421757655517155544351163242112131
521554534142115634465653455513557353567227651274128572411888176411468852283625573427332541834232164626655525732322476654716126523311654224262
144251556351242465447656532525543367223664311462867466645328318121837666841385255211341121434343141232321166414417516466215525552115651136232
265556414346165251211357335434466413117375736848146785718611585383143311164466817371353451415563636167632174655675165163657214115341455111522
344553432665534245626761416253215116733228452716211614217414774283335873311581681476132853322864827748655633352566455425475655224641161246252
542455516633555643765474715441765213622554262342251285712275627175513345371642122624527836743623715281187245437576132572736314634456652442663
213325525561531155635715726173263725358688562228886377478828341438335785437624776863757735571677245754124245314715
33263356123711000000381278884
354613613556544556147766633325523761846771826757155563751812746583217311732667275281426474243586355578335717374272225615116227373555625416264
664516235246217217222341632223225667734614218667865686265776334815726112667325738268267212357723611321868618521763627167557524441534132432114
653154262554473425744317557554338825285444371236644134886865414255318521532346272565166117622261488273257864722663332566444525425544523222111
161543516324322561334113164422727522752721223438788464137211147414978555387617671133415856744675735554614365236
641116433562657322616436173123747186245677258687644133454782395683125947794584157911554713252463178571387347365885541277244166153246514614535
562215612224365316374132336466357154726724814838657425884732838839965586487959794362213836427227852137254736784627186216447316356453663526145
3314326371132632563167744754663113135642367457354114595794633355183804455212862313681685735748263723315388645537546833532725756112726177132324
661366133425447714317236481568681543721712778575263328878295339183393827221744528725679941264684145534454185185834124623432153733122533515561
561446262435246745112575481481171761781382688531936534615965733584929432979372889492738674144821381283421143277545424871165625235716763334226
262162446713431613764261426271161536221548754559717577844646529547581579858785685947794584157911554713252463178571387347365885541277244166153246514614535
562215612224365316374132336466357154726724814838657425884732838839965586487959794362213836427227852137254736784627186216447316356453663526145
33143263711326325630
45167744754663113135642367457354114595794633355183804455212862313681685735748263723315388645537546833532725756112726177132324
661366133425447714317236481568681543721712778575263328878295339183393827221744528725679941264684145534454185185834124623432153733122533515561
56144626243524674511257548148117176178138268853193652566455425475655224641161246252
5424555166335556437654747154417652136225542623422512857122756271755133453716421226245278367436237152811872454375844646529547581579858785689214165143198352139337212585366166886566775511754154174157614
5333527163622753753466883315665424848757414896432594987653137138187541433675728171299155939661496494881151211477162888222115131751652275165221
62343554455522373453622718817642175257745359598432626334947273746868762639643419857361785599417365124712462781842253564853335136166763152332761
6461577256452427715763811743174456848832223973375199598352255811000000000000000000000000000000000000000000000000000000000005201667799884950258
347675174622622264776885856614667421892626286748131716