Time:  2 7 99 01 0 99 0 0   5    0 50 2 4  0999 00 5   99 0   2 7 99 0 99 0   0 5    0 5  2 4  0999 2 7 99 0 99 0   0 5 9  99 0   2 7 99 0    0 5    09 99 0 98 0   0 5   9 0   2 7 99 0 99 0   0 5    0 5  5  09 99 99 0   0 5    0 5  2  41 0999 2 7 9 0 99 0   99 5 0   2 7 99999 0   2 77 9999 2 7 99 0 99   00  2 7 99 0 99 0   0  4 5  2 4  0999 0 99 0   2 4  09 0   2 77099 0 99  5   90   2  99  9
Distance: 4 92  0  0 99 0 4  0 0   0 5   0  89 0   9 0 99 0 0 5  0 5  4  0999 0   2 77 9999 2 7 99 0 99  







































































tance: 19





0








     







































 1     7   