[1,0,1,00,5,0,0,1,0,[1,0,1,010,2,0,0,0,0,0,0,0,5,0,0,0,0,[1,0,1,0,010,2,0,0,0,[1,0,1,00,5,0,0,1,0,[1,0,1,010,2,0,0,0,0,0,0,0,5,0,0,0,0,[1,0,1,0,010,2,0,0,0,[	-1,[	-1,010,2,0,0,0,0,0,0,0,5,0,0,0,0,[1,0,1,0,010,2,0,0,0,[	-1,[	-1,00,+90010,0
,0,0,[1,0,1,0,010,2,0,0,0,[1,0,1,0,0,0,1,0,0,0,[1,0,1,00,5,0,0,1,0,[1,0,1,010,21,0,1,0,0,0,1,0,0,0,[1,0,1,00,5,0,0,1,0,[1,0,1,010,2,0,0,
	-1,[	-1,00,+90010,0
,0,0,[1,0,1,0,010,2,0,0,0,[1,0,1,0,0,0,1,0,0,0,[1,0,1,00,5,
100,0,0,1,0,0,0,[1,0,1,00,5,0,0,1,0,[2,0,1,010,2,0,0,
	-1,[	-1,00,+91,0,1,00,5,
10,1,0,
	-1,0,+1000,0,0,0,0,+000,1,0,-1,00,+10,[	-1,00,+90010,0
,0,0,[1,0,1,0,010,2,0,0,0,[1,0,1,0,0,0,1,0,0,0,[1,0,1,00,5,0,0,1,0,[2,0,1,010,2,0,0,
	-1,[	-1,000,0,
1,
10,0,0,
-1,00,
	-1,[	00,+90010,0
,0,0,[1,0,1,0,010,2,0,0,0,[1,0,1,0,0,0,1,0,0,0,[1,0,1,00,5,0,0,1,0,[1,0,1,010,21,0,1,0,0,0,1,0,0,0,[1,0,1,00,5,0,0,1,0,[1,0,1,010,2,0,0,
	-1,[	-1,00,+90010,0
,0,0,[1,0,1,0,010,2,0,010,[1,0,1,0,0,0,1,0,0,0,0,[1,0,1,0,010,2,0,0,0,[1,0,1,00,5,0,0,1,0,[1,0,1,005,2,0,0,0,0,0,0,0,5,0,0,0,0,[1,0,1,0,010,2,0,0,0,[	-1,[	-1,010,2,0,0,0,0,0,0,0,[1,0,1,0,010,2,0,[1,0,1,0,010,2,0,0,0,[1,0,1,0,0,0,1,0,0,0,[1,0,1,00,5,0,0,1,0,[1,0,1,010,21,0,1,0,0,0,1,0,0,0,[1,0,1,00,5,0,0,1,0,[1,0,1,010,2,0,0,
	-1,[	-1,00,+90010,0
,0,0,[1,0,1,0,010,2,0,0,0,[1,0,1,0,0,0,1,0,0,0,[1,00,5,
10,1,+1000,2,0,0,0,[1,0,1,0,0,0,1,0,0,0,[1,0,1,00,5,0,0,1,0,[2,0,1,010,2,0,0,
	-1,[	-1,00,+91,0,1,00,5,
10,1,0,
	-1,0,+1000,0,0,0,0,+000,1,10,2,0,010,[1,0,1,0,0,0,1,0,0,0,0,[1,0,1,0,010,2,0,0,0,[1,0,1,00,5,0,0,1,0,[1,0,1,005,2,0,0,0,0,0,0,0,5,0,0,0,0,[1,0,1,0,010,2,0,0,0,[	-1,[	-1,010,2,0,0,0,0,0,0010,0
,0,0,[1,0,1,0,010,2,0,0,0,[1,0,1,0,0,0,1,0,0,0,[1,0,1,00,5,0,0,1,0,[1,0,10,[1,0,1,00,5,
10,1,0,1,0,0,0,,[],[]