[[[	0,+1000,0,[0,0,0,
	-1,[	-1,00,+90010,0
,1,00,0,
1,
10,1,0,
	-1,0,+1000,0,0,0,
	-1,00,+100,0
,1,
1,0,
	-1,00,
-1,[	-1,00,0,0,
	-1,00,+00,0,0,0,
	-0,0,0,
	-1,20,+10,0,0,
	-00,+100,0,00,00,0,0,
	-1,00,+101,0,0,0,
	-1,[	-1,00,+90010,0
,2,110,0,0,
-1,00,
	-1,[	-1,
	-10,0,0,0,0,

10,0,0,
	-1,00,
	-1,[	-1,00,0,0,
	-1,00,+00,0,0,0,
	-1,0,0,
	-1,20,+10,0,0,
	-00,+100,0,00,00,0,0,
	-10,
	-1,[	-1,00,+90010,0
,2,100,0,
1,
10,0,0,
-1,00,
	-1,[	-1,
	-1,00,+1000,0,0,0,0,
-1,00,031,0,
1,
10,0,0,
1,
10,1,0,
	-1,0,+1000,0,0,0,0,
	-1,00,+100,0
,1,
10,0,0,
	-1,00,
	-1,[	-1,00,0,0,
	-1,00,+00,0,0,0,
	-1,0,0,
	-1,20,+10,0,0,
	-00,+100,0,01,00,0,0,
	-1,00,+101,0,0,0,
	-1,[	-1,00,+90010,0
,2,100,0,
1,
10,0,0,
-1,00,
	-1,[	-1,
	-1,00,+1000,0,0,0,0,
-1,00,+031,0,
1,
10,0,0,
	-1,00,
	-1,[	-1,04,+10010,0
,0,
	-0,[	-1,00,+90010,0
,1,00,0,
1,
10,1,00,0,0,0,0,
	-1,00,+100,0
,1,
10,0,0,
	-1,00,
	-1,[	-1,0,+00,0,0,0,
	-1,0,0,
	-1,20,+10,0,0,
	-00,+100,0,00,00,0,0,
	-1,00,+101,0,0,0,
	-1,[	-1,00,+90010,0
,2,100,0,
1,
10,0,0,
-1,00,
	-1,[	-1,
	-1,00,+1000,0,0,0,0,-1,00,
	-1,[	-1,00,0,0,
	-1,00,+00,0,0,0,
	-1,0,0,
	-0,
	-1,00,+100,0
,1,
10,0,0,
	-1,00,
	-1,[	-1,00,0,0,
	-1,00,+00,0,0,0,
	-1,0,0,
	-1,20,+10,0,0,
	-00,+100,0,01,00,0,0,
	-1,00,+101,0,0,
	-1,[	-1,00,+90010,0
,2,
1,
10,0,0,
-1,00,
	-1,[	-1,
	-1,00,+1000,0,0,0,0,
-1,00,+031,0,
1,
10,0,0,
	-1,00,
	-1,[	-1,04,+10010,0
,0,
	
	-1,[	-1,00,+9001,
	-1,00,
	-1,[	-1,000,0,0,
	1,00,+00,0,0,0,
	-1,0,0,
	-1,20,+10,0,0,
	-00,+100,0,00,00,0,0,
	-1,00,+101,0,0,0,
	-1,[	-1,00,0010,0
,2,100,0,
1,
10,0,0,
-1,00,
	-1,[	-1,
	-1,00,+10,0,

10,0,0,
	-1,00,
	-1,[	-1,00,0,0,
	-1,00,+00,0,0,0,
	-1,0,0,
	-1,20,+10,0,0,
	-00,+100,00,0,0,
	-1,00,+101,0,0,0,
	-1,[	-1,00,+90010,0
,2,100,0,
1,
10,0,0,
-1,00,
	-1,[	-1,
	-1,00,+1000,0,0,0,0,
-1,00,+031,0,
1,
10,0,0,
	
	-1,[	-1,00,+90010,0
,1,00,5,
1,
10,1,0,
	-1,0,+1000,0,0,0,0,
	-1,00
	-1,00,,+10010,0
