[1,
 +101,[1,
       +101,
01,[1,
 +10,[1,
 +101,+102
,




01,[1,
 +101,+1
         ,
   +10,[1,
 +101,

+101,
07,
01,[1,
 +101,+102
,

[




967,
01,[1,
 +101,+102
       ,
+101,







228,
01,[1,
 +101,+102,[1,
 +101,+102
,





 +202,[1,
       +101,[1,
 +102,

+101,
00,+101,

+10,967,
01,[1,
 +101,+102
,




01,[1,
 +101,+1
            ,
+10,[1,
 +101,

+101,
07,
01,[1,
 +101,+102
,

[1,
 +11,+102
,





967,
01,[1,
 +101,+102
       ,
+1,







114,
01,[1,
 +101,+102,[1,
 +101,+102
,





 +202,[     +101,[1,
 +101,

+101,
00,+101,

+10,[1,7,
1,[1,
 +101,

+101,
01,[1,
 
01,[1,01,

+101,
 +101,

+101,
01,[1,
 
01,[1,01,

+101,
01,[1,
 +1            ,
+10,[1,
 +101,

+101,
07,
01,[1,
 +101,+102
,

[




[967,
01,[1,
 +101,+102
       ,
+101,







228,
01,[1,
 +101,+102,[1,
 +101,+102
,





 +202,[1,
       +101,[1,
 +102,

+101,
00,+101,

+10,967,
01,[1,
 +101,+102
,



1,[1,
 +101,+1
            ,
+10,[1,
 +101,

+101,
07,
01,[



11,
 +101,+102
,





 +101,[1,
       +101,[1,
 +101,

+101,
01,[1,
 
01,[1,
 +101,

+10,[1,
 +101,+102
,


01,
01,[1,
 +102,







967,
01,[1,
 +101,+102
,


+1067,
1,[1,
 +101,
+101,
01,[1,
 
00,[0,
 +101,

02
,

[1,
 +11,+102
,





967,
01,[1141,
 +101,+102
,




 +101, +101,[1,
 +101,

+101,
01,[1,
 
01,[1,
 +101,

+10,[1,
 +101,+10201,[1,
 +102,







967,
01,[1,
 +101,+102
,


+1067,
1,[1,
 +101,
+101,
01,[1,
 
00,[0,
 +101,

+101,
01,[1,
 +102,





7,
01,[1,
 +101,+102
,


+101,+102
,


967,
01,[1,
 +101,+102
       ,
+101,







967,
01,[1,
 +101,+10201[