+9,3,7~41,3,7
1,3,7~60,3,7
05,+3,8~04,3,+363
1,3,7~48,3,7
-214,3,7~41,3,7
1,3,7~60,3,6
04,+3,7~60,3,7
04,+3,8~04,3,+363
1,3,7~41,3,7
1,3,7~60,3,7
-21,3,7~41,3,7
41,3,7~60,3,7
04,+3,8~04,3,+363
2,3,7~48,3,7
-1,3,7~41,3,7
-21,3,7~41,3,7
1,3,7~60,3,7
05,+3,8~04,3,+363
1,3,7~41,3,7
1,3,7~60,3,7
-21,3,7~41,3,7
41,3,7~60,3,7
04,+3,8~04,3,+363
2,3,7~48,3,7
-1,3,7~41,3,7
-21,3,7~41,3,7
1,3,7~60,3,7
05,+3,8~04,3,+363
1,3,7~48,3,7
-21,3,7~41,3,70
1,3,7~60,3,7
04,+3,8~04,3,+363
1,3,7~41,3,7
1,3,7~6,3,+363
2,3,7~48,3,7
-1,3,7~41,3,7
-21,3,7~41,3,7
1,3,7~60,3,7
05,3,7~48,3,7
-214,3,7~41,3,7
1,3,7~60,3,7
04,+3,7~60,3,7
04,+3,8~04,3,+363
1,3,7~41,3,7
1,3,7~60,3,7
-21,3,7~41,3,7
41,3,7~60,3,7
04,+3,8~04,3,+363
2,3,7~48,3,7
-1,3,7~41,3,7
-21,3,7~41,3,7
1,3,7~60,3,7
05,+3,8~04,3,+363
1,3,7~41,3,7
1,3,7~60,3,7
-21,3,7~41,3,7
41,3,7~60,3,7
04,+3,8~04,3,+363
2,3,7~48,3,7
-1,3,7~41,3,7
-21,3,7~41,3,7
1,3,7~60,3,7
05,+3,8~04,3,+363
1,3,7~48,3,6
04,+3,7~60,3,7
04,+3,8~04,3,+363
1,3,7~41,3,7
1,3,7~60,3,7
-21,3,7~41,3,7
41,3,7~60,3,7
04,+3,8~04,3,+363
2,3,7~48,3,7
-1,3,7~41,3,7
-21,3,7~41,3,7
1,3,7~60,3,7
05,+3,8~04,3,+363
1,3,7~41,3,7
1,3,7~60,3,7
-21,3,7~41,3,7
41,3,7~60,3,7
04,+3,8~04,3,+363
2,3,7~48,3,7
-1,3,7~41,3,7
-21,3,7~41,3,7
1,3,7~60,3,7
05,+3,8~04,3,+363
1,3,7~48,3,7
-21,3,7~41,3,70
1,3,7~60,3,7
04,+3,8~04,3,+3
136,3,7~41,3,7
1,3,7~6,3,+363
2,3,7~48,3,7
-1,3,7~41,3,7
-21,3,7~41,3,7
1,3,7~60,3,7
05,3,7~48,3,7
-214,3,7~41,3,7
1,3,7~60,3,7
04,+3,7~60,3,7
04,+3,8~04,3,+363
1,3,7~41,3,7
1,3,7~60,3,7
-21,3,7~41,3,7
41,3,7~60,3,7
04,+3,8~04,3,+363
2,3,7~48,3,7
-1,3,7~41,3,7
-21,3,7~41,3,7
1,3,7~60,3,7
05,+3,8~04,3,+363
1,3,7~41,3,7
1,3,7~60,3,7
-21,3,7~41,3,7
41,3,7~60,3,7
04,+3,8~04,3,+363
2,3,7~48,3,7
-1,3,7~41,3,7
-21,3,7~41,3,7
1,3,7~60,3,7
05,+3,8~04,3,+363
1,3,7~480,3,7
05,+3,8~04,3,+363
1,3,7~48,3,7
-21,3,7~41,3,70
1,3,7~60,3,7
04,+3,8~04,3,+363
1,3,7~41,3,7
1,3,7~6,3,+363
2,3,7~48,3,7
-1,3,7~41,3,7
-21,3,7~41,3,7
1,3,7~60,3,7
05,3,7~48,3,7
-214,3,7~41,3,7
1,3,7~60,3,7
04,+3,7~60,3,77
-214,3,7~41,3,7
1,3,7~60,3,6
04,+3,7~60,3,7
04,+3,8~04,3,+363
1,3,7~41,3,7
1,3,7~60,3,7
-21,3,7~41,3,7
41,3,7~60,3,7
04,+3,8~04,3,+363
2,3,7~48,3,7
-1,3,7~41,3,7
-21,3,7~41,3,7
1,3,7~60,3,7
05,+3,8~04,3,+363
1,3,7~41,3,7
1,3,7~60,3,7
-21,3,7~41,3,7
41,3,7~60,3,7
04,+3,8~04,3,+363
2,3,7~48,3,7
-1,3,7~41,3,7
-21,3,7~41,3,7
1,3,7~60,3,7
05,+3,8~04,3,+363
1,3,7~48,3,7
-21,3,7~41,3,70
1,3,7~60,3,7
04,+3,8~04,3,+363
1,3,7~41,3,7
1,3,7~6,3,+363
2,3,7~48,3,7
снсе,7~41,3,7
-21,3,7~41,3,7
1,3,7~60,3,7
05,3,7~48,3,7
-214,3,7~41,3,7
1,3,7~60,3,7
04,+3,7~60,3,7
04,+3,8~04,310,3,7~100,3,7
04,+,+363
1,3,7~41,3,8~04,3,+363
13,