3,1,2~3,1,22
0001,3,7~41,3,7
4,+3,4~04,3,43
-61,3,7~40,3,7
1,3,7~01,3,7
04,+3,1~04,3,43
41,3,7~41,3,77
04,+3,1~04,3,43
-61,3,7~41,3,7
-21,3,7~41,3,7
1,3,7~60,3,7
04,+3,8~04,3,+363
1,3,7~488,3,7
-21,3,7~41,3,7
1,3,7~60,3,7
04,+3,8~04,3,+363
1,3,7~41,3,7
1,3,7~60,3,7
01,3,7~60,3,7
04,+3,8~04,3,+363
1,3,7~48,3,7
-01,3,7~41,3,7
1,3,7~60,3,7
10,3,7~100,3,7
04,+3,8~04,3,+363
1,3,7~48,3,7
-21,3,7~41,3,7
1,3,7~60,3,7
04,+3,8~04,3,+363
1,3,7~41,3,7
1,3,7~64,3,7
01,3,7~60,3,7
04,+3,7~60,3,7
10,3,7~100,3,7
04,+3,8~04,3,+363
1,3,7~48,3,7
04,+3,8~04,3,+323
-1,3,7~41,3,7
-21,3,7~41,3,7
1,3,7~60,3,7
04,+3,8~04,3,+363
1,3,7~48,3,7
-21,3,7~41,3,7
1,3,7~60,3,7
041,3,7~60,3,7
04,+3,8~04,3,+363
1,3,7~48,3,7
-01,3,7~41,3,7
1,3,7~60,3,7
04,+3,8~04,3,+363
1,3,7~41,3,7
1,3,7~60,3,7
04,+3,8~04,3,+323
-1,3,7~41,3,7
-21,3,7~41,3,7
1,3,7~60,3,7
04,+3,8~04,3,+363
1,3,7~488,3,7
-21,3,7~41,3,7
1,3,7~60,3,7
04,+3,8~04,3,+363
1,3,7~41,3,7
1,3,7~60,3,7
01,3,7~60,3,7
04,+3,8~04,3,+363
1,3,7~48,3,7
-01,3,7~41,3,7
1,3,7~60,3,7
10,3,7~100,3,7
04,+3,8~04,3,+363
1,3,7~48,3,7
см1,3,6,7~7,3,73,4