10,3,7~100,3,7
04,+3,8~04,3,+363
1,3,7~48,3,7
04,+3,8~04,3,+323
-1,3,7~41,3,7
-21,3,7~41,3,7
1,3,7~60,3,7
04,+3,8~04,3,+363
1,3,7~488,3,7
-21,3,7~41,3,7
1,3,7~60,3,7
04,+3,8~04,3,+363
1,3,7~41,3,7
1,3,7~60,3,7
01,3,7~60,3,7
04,+3,8~04,3,+363
1,3,7~41,3,7
1,3,7~60,3,7
04,+3,8~04,3,+363
1,3,7~48,3,7
-21,3,7~41,3,7
1,3,7~60,3,7
041,3,7~60,3,7
04,+3,8~04,3,+363
1,3,7~48,3,7
-01,3,7~41,3,7
1,3,7~60,3,7
04,+3,8~04,3,+363
1,3,7~41,3,7
1,3,7~60,3,7
04,+3,8~04,3,+323
-1,3,7~41,3,7
-21,3,7~41,3,7
1,3,7~60,3,7
04,+3,8~04,3,+363
1,3,7~488,3,7
-21,3,7~41,3,7
1,3,7~60,3,7
04,+3,8~04,3,+363
1,3,7~41,3,7
1,3,7~60,3,7
01,3,7~60,3,7
04,+3,8~04,3,+363
1,3,7~48,3,7
-01,3,7~41,3,7
1,3,7~60,3,7
10,3,7~100,3,7
04,+3,8~04,3,+363
1,3,7~48,3,7
-21,3,7~41,3,7
1,3,7~60,3,7
04,+3,8~04,3,+363
1,3,7~41,3,7
1,3,7~60,3,7
004,+3,8~04,3,+363
1,3,7~41,3,7
1,3,7~60,3,7
04,+3,8~04,3,+363
0,3,7~107,3,7
04,+3,8~04,3,+363
1,3,7~48,3,7
04,+3,2~04,3,+323
-1,3,7~41,3,7
-21,3,7~41,3,7
1,3,7~60,3,7
04,+3,8~04,3,+363
1,3,7~488,3,7
-21,3,7~41,3,7
1,3,7~60,3,7
04,+3,8~04,3,+363
1,3,7~41,3,7
1,3,7~60,3,7
01,3,7~60,3,7
04,+3,8~04,3,+363
1,3,7~41,3,7
1,3,7~60,3,7
04,+3,8~04,3,+363
1,3,7~48,3,7
-21,3,7~41,3,7
1,3,7~60,3,7
041,3,7~60,3,7
04,+3,8~04,3,+363
1,3,7~48,3,7
-01,3,7~41,3,7
1,3,7~60,3,7
04,+3,8~04,3,+363
1,3,7~41,3,7
1,3,7~60,3,7
04,+3,8~04,3,+323
-1,3,7~41,3,7
-21,3,7~41,3,7
1,3,7~60,3,7
04,+3,8~04,3,+363
1,3,7~488,3,7
-21,3,7~41,3,7
1,3,7~60,3,7
04,+3,8~04,3,+363
1,3,7~41,3,7
1,3,7~60,3,7
01,3,7~60,3,7
04,+3,8~04,3,+363
1,3,7~48,3,7
-01,3,7~41,3,7
1,3,7~60,3,7
10,3,7~100,3,7
04,+3,8~04,3,+363
1,3,7~48,3,7
-21,3,7~41,3,7
1,3,7~60,3,7
04,+3,8~04,3,+363
1,3,7~41,3,7
1,3,7~60,3,7
004,+3,8~04,3,+363
1,3,7~41,3,7
1,3,7~60,3,7
04,+3,8~04,3,+363
1,3,7~48,3,7
-21,3,7~41,3,7
1,3,7~60,3,7
041,3,7~60,3,7
04,+3,8~04,3,+363
1,3,7~48,3,7
-01,3,7~41,3,7
1,3,7~60,3,7
04,+3,8~04,3,+363
1,3,7~41,3,7
1,3,7~60,3,7
04,+3,8~04,3,+323
-1,3,7~41,3,7
-21,3,7~41,3,7
1,3,7~60,3,7
04,+3,8~04,3,+363
1,3,7~488,3,7
-21,3,7~41,3,7
1,3,7~60,3,7
04,+3,8~04,3,+363
1,3,7~41,3,7
1,3,7~60,3,7
01,3,7~60,3,7
04,+3,8~04,3,+363
1,3,7~48,3,7
-01,3,7~41,3,7
1,3,7~60,3,7
10,3,7~100,3,7
04,+3,8~04,3,+363
1,3,7~48,3,7
-21,3,7~41,3,7
1,3,7~60,3,7
04,+3,8~04,3,+363þþþþ,7
1,3,7~01,3,7ûÿ1,3,7~48,3,7
-21,3,7~41,3,7
1,3,þþ,71,
3~,701,3,7ûÿ