-21,3,7~41,3,7
-21,3,7~60,3,7
04,+3,4~04,3,+363
1,3,7~48,3,7
04,+3,4~04,3,+363
1,3,7~41,3,7
-21,3,7~1,3,7
1,3,7~60,3,37
04,+3,4~04,3,+363
1,3,7~48,3,7
4,+3,4~04,3,+363
1,3,7~48,3,7
04,+3,8~04,3,+646
-1,3,7~41,3,7
-10,32,73~1,4,7
1,3,7~68,3,7
04,+3,4~04,3,+363
1,3,7~41,3,7
-21,3,7~1,3,7
1,3,7~60,3,7
04,+3,4~04,3,+363
1,3,7~48,3,7
04,+3,2~04,3,+363
1,3,7~48,3,7
04,+3,8~04,3,+323
-1,3,7~41,3,7
-10,3,7~41,3,7
1,3,7~60,3,7
04,+3,8~04,3,+363
4,+3,8~04,3,+323
-1,3,7~4,3,7
4,+33,7~41,3,7
4,+3,4~04,3,43
-61,13,7~40,3,7
1,3,7~00,3,7
04,+3,8~04,3,+363
4,+3,8~04,3,+323
-1,3,7~4,3,7
4,+3,40~4,3,43
-61,3,7~40,3,7
1,3,7~01,3,7
04,+3,1~0441,3,7
4,+3,4~04,3,43
-61,3,7~40,3,7
1,3,7~01,3,7
04,+3,1~041,3,7
-10,
03,7
1,3,7~60