100,3,7~100,3,7
04,+3,8~04,3,+363
1,3,7~48,3,7
04,+3,8~04,3,+323
-1,3,7~41,3,7
01,3,7~60,3,7
04,+3,8~04,3,+363
1,3,7~48,3,7
-01,3,7~41,3,7
1,3,7~60,3,7
10,3,7~100,3,7
04,+3,8~04,3,+363
1,3,7~48,3,7
-21,3,7~41,3,7
1,3,7~60,3,7
04,+3,8~04,3,+363
1,3,7~41,3,7
1,3,7~64,3,7
01,3,7~60,3,7
04,+3,8~04,3,+363
1,3,7~48,3,7
-01,3,7~41,3,7
1,3,7~60,3,7
10,3,7~100,3,7
04,+3,8~04,3,+363
1,3,7~48,3,7
04,+3,8~04,3,+323
-1,3,7~41,3,7
-21,3,7~41,3,7
1,3,7~60,3,7
04,+3,8~04,3,+363
1,3,7~48,3,7
-21,3,7~41,3,7
1,3,7~60,3,7
041,3,7~60,3,7
04,+3,8~04,3,+363
1,3,7~48,3,7
-01,3,7~41,3,7
1,3,7~60,3,7
04,+3,6~04,3,+363
1,3,7~41,3,7
1,3,7~60,3,7
04,+3,8~04,3,+323
-0,3,7~41,3,7
-21,3,7~41,3,7
1,3,7~60,3,7
04,+3,8~04,3,+363
1,3,7~488,3,7
-21,3,7~41,3,7
1,3,7~60,3,7
04,+3,8~04,3,+363
1,3,7~41,3,7
1,3,7~60,3,7
01,3,7~60,3,7
04,+3,8~04,3,+363
1,3,7~48,3,7
-01,3,7~41,3,7
1,3,7~60,3,7
10,3,7~100,3,7
04,+3,8~04,3,+363
1,3,7~48,3,7
-21,3,7~41,3,7
1,3,7~60,3,7
04,+3,8~04,3,+363Œ
1,3,3,04,+3,8~04,3,+363,+363
1,ÿ