41,3,7~41,3,7
4,+3,40~4,3,43
-61,3,7~40,3,7
1,3,7~01,3,7
04,+3,1~04,3,43
41,3,7~41,3,7
4,+3,4~04,3,43
1,3,7~41,3,7
4,+3,5~04,3,43
-61,3,7~40,3,7
1,3,7~01,3,7
04,+3,1~04,3,43
41,3,7~41,3,7
4,+3,4~04,3,43
-61,3,7~40,3,7
1,3,7~01,3,7
04,+3,1~04,3,43
-61,3,7~41,3,7
1,3,7~01,3,27
04,+3,6~04,3,+33
4,3,7~4,3,43
-6141,3,7~41,3,7
4,+3,4~04,3,43
-61,3,7~40,3,7
1,3,7~01,3,7
04,+3,1~04,3,43
41,3,7~41,3,7
4,+3,4~04,3,43
-61,3,7~40,3,7
1,3,3~01,3,7
04,+3,1~04,3,43
-61,3,7~41,3,7
1,3,7~01,3,27
04,+3,6~04,3,+33
4,3,7~4,3,43
-61,3,7~40,3,7
1,3,7~01,3,7
04,+3,1~04,3,43
-61,3,7~1,3,7
4,+3,4~04,3,43
-61,3,7~40,3,7
1,3,7~01,3,7
04,+3,1~04,3,43
-61,3,7~42,3,7
1,3,7~01,3,27
-13,3,7~41,3,7
-21,3,7~42,3,7
1,3,7~60,3,7
-1,3,7~14,3,7
-22,3,7~41,3,7
13,3,7~41,3,7
-21,3,7~42,3,7
1,3,7~60,3,7
04,+3,8~04,3,+363
1,3,7~48,3,7
-1,3,7~14,3,7
-261,3,7~40,3,7
1,3,7~01,3,7
04,+3,1~04,3,43
4,3,7~40,3,7
1,3,7~01,3,7
04,+3,1~04,3,43
-61,3,7~41,3,7
1,3,7~01,3,27
04,+3,16~04,3,+33
4,3,7~4,3,43
-6141,3,7~41,3,7
4,+3,4~04,3,43
-61,3,7~40,3,7
1,3,7~01,3,7
04,+3,1~04,3,43
41,3,7~41,3,7
4,+3,4~04,3,43
-61,3,7~40,3,7
1,3,4~01,3,7
04,+3,1~04,3,43
-61,3,7~41,3,7
1,3,7~01,3,27
04,+3,6~04,3,+33
4,3,7~4,3,43
-61,3,7~40,3,7
1,3,7~01,3,7
04,+3,1~04,3,43
-61,3,7~1,3,7
4,+3,4~04,3,43
-61,3,7~40,3,7
1,3,7~01,3,7
04,+3,1~04,3,43
-61,3,7~42,3,7
1,3,7~01,3,27
-13,3,7~41,3,7
-21,3,7~42,3,7
1,3,7~60,3,7
-1,3,7~14,3,7
-22,3,7~41,3,7
13,3,7~41,3,7
-21,3,7~42,3,7
1,3,7~60,3,7
04,+3,8~04,3,+363
1,3,7~48,3,7
-1,3,7~14,3,7
-261,3,7~40,3,7
1,3,7~01,3,7
04,+3,1~04,3,43
41,3,7~41,3,7
4,+3,4~04,3,43
1,3,7~41,3,7
4,+3,4~04,3,43
-61,3,7~40,3,7
1,3,7~01,3,7
04,+3,1~04,3,43
41,3,7~41,3,7
4,+3,4~04,3,43
-61,3,7~40,3,7
1,3,6~01,3,7
04,+3,1~04,3,43
-61,3,7~41,3,7
1,3,7~01,3,27
04,+3,6~04,3,+33
4,3,7~4,3,43
-6141,3,7~41,3,7
4,+3,4~04,3,43
-61,3,7~40,3,7
1,3,7~01,3,7
04,+3,1~04,3,43
41,3,7~41,3,7
4,+3,4~04,3,43
-61,3,7~40,3,7
1,3,3~01,3,7
04,+3,1~04,3,43
-61,3,7~41,3,7
1,3,7~01,3,27
04,+3,6~04,3,+33
4,3,7~4,3,43
-61,3,7~40,3,7
1,3,7~01,3,7
04,+3,1~04,3,43
-61,3,7~1,3,7
4,+3,4~04,3,43
-61,3,7~40,3,7
1,3,7~01,3,7
04,+3,1~04,3,43
-61,3,7~421,3,7
04,+3,1~04,3,43
41,3,7~41,3,7
4,+3,4~04,3,43
1,3,7~41,3,7
4,+3,4~04,3,43
-61,3,7~40,3,7
1,3,7~01,3,7
04,+3,1~04,3,43
41,3,7~41,3,7
4,+3,4~04,3,43
-61,3,7~40,3,7
1,3,7~01,3,7
04,+3,1~04,3,43
-61,3,7~41,3,7
1,3,7~01,3,27
04,+3,6~04,3,+33
4,3,7~4,3,43
-6141,3,7~41,3,7
4,+3,4~04,3,43
-61,3,7~40,3,7
1,3,7~01,3,7
04,+3,1~04,3,43
41,3,7~41,3,7
4,+3,4~04,3,43
-61,3,7~40,3,7
1,3,3~01,3,7
04,+3,1~04,3,43
-61,3,7~41,3,7
1,3,7~01,3,27
04,+3,6~04,3,+33
4,3,7~4,3,43
-61,3,7~40,3,7
1,3,7~01,3,7
04,+3,1~04,3,43
-61,3,7~1,3,7
4,+3,4~04,3,43
-61,3,7~40,3,7
1,3,7~01,3,7
04,+3,1~04,3,43
-61,3,7~42,3,7
1,3,7~01,3,27
-141,3,7~41,3,7
4,+3,4~04,3,43
-61,3,7~40,3,7
1,3,7~01,3,7
04,+3,1~04,3,43
41,3,7~41,3,7
4,+3,4~04,3,43
-61,3,7~40,3,7
1,3,3~01,3,7
04,+3,1~04,3,43
-61,3,7~41,3,7
1,3,7~01,3,27
04,+3,6~04,3,+33
4,3,7~4,3,43
-61,3,7~40,3,7
1,3,7~01,3,7
04,+3,1~04,3,43
-61,3,7~1,3,7
4,+3,8~04,3,43
-61,3,7~1,3,7
4,+3,4~04,3,43
-61,3,7~40,3,7
1,3,7~01,3,7ллллллллллллллллл,3,7~40,3,7
1,3,7~01,3,7,7~40,3,7
1,3,7~01,3-61,3,7~42,3,7
1,3,7~01,3,27
-61,3,7~1,3,7
ё