41,3,7~41,3,7
4,+3,4~04,3,43
-61,3,7~40,3,7
1,3,7~01,3,7
041,3,7~41,3,7
4,+3,4~04,3,43
-61,3,7~40,3,7
1,3,7~01,3,7
04,+3,1~04,3,43
41,3,7~41,3,7
4,+3,4~04,3,43
-61,3,7~40,3,7
1,3,7~01,3,7
04,+3,1~04,3,43
-61,3,7~41,3,7
1,3,7~01,3,27
04,+3,6~04,3,+33
4,3,7~4,3,43
-6141,3,7~41,3,7
4,+3,4~04,3,43
-61,3,7~40,3,7
1,3,7~01,3,7
04,+3,1~04,3,43
41,3,7~41,3,7
4,+3,4~04,3,43
-61,3,7~40,3,7
1,3,7~01,3,7
04,+3,1~04,3,43
-61,3,7~41,3,7
1,3,7~01,3,27
04,+3,6~04,3,+33
4,3,7~4,3,43
-61,3,7~40,3,7
1,3,7~01,3,7
04,+3,1~04,3,43
-61,3,7~1,3,7
4,+3,4~04,3,43
-61,3,7~40,3,7
1,3,7~01,3,7
04,+3,1~04,3,43
-61,3,7~42,3,7
1,3,7~01,3,27
-13,3,7~41,3,7
-21,3,7~42,3,7
1,3,7~60,3,7
-1,3,7~14,3,7ˆ“ÕÕ”Ã”«~1,3,7~14,3,7
-2
04,+3,1~04,3,4ı,7
Ñ