10,3,7~100,3,7
04,+3,8~04,3,+363
1,3,7~48,3,7
04,+3,8~04,3,+323
-1,3,7~41,3,7
-21,3,7~41,3,7
1,3,7~60,3,7
04,+3,8~04,3,+363
1,3,7~488,3,7
-21,3,7~41,3,7
1,3,7~60,3,7
04,+3,8~04,3,+363
1,3,7~41,3,7
1,3,7~60,3,7
01,3,7~60,3,7
04,+3,8~04,3,+363
1,3,7~48,3,7
-01,3,7~41,3,7
1,3,7~60,3,7
10,3,7~100,3,7
04,+3,8~04,3,+363
1,3,7~48,3,7
-21,3,7~41,3,7
1,3,7~60,3,7
04,+3,8~04,3,+363
1,3,7~41,3,7
1,3,7~64,3,7
01,3,7~60,3,7
04,+3,7~60,3,7
10,3,7~100,3,7
04,+3,8~04,3,+363
1,3,7~48,3,7
04,+3,8~04,3,+323
-1,3,7~41,3,7
-21,3,7~41,3,7
1,3,7~60,3,7
04,+3,8~04,3,+363
1,3,7~48,3,7
-21,3,7~41,3,7
1,3,7~60,3,7
041,3,7~60,3,7
04,+3,8~04,3,+363
1,3,7~48,3,7
-01,3,7~41,3,7
1,3,7~60,3,7
04,+3,8~04,3,+363
1,3,7~41,3,7
1,3,7~68,3,7
04,+3,4~04,3,+323
-1,3,7~41,3,7
-21,3,7~41,3,7
0,3,7~60,3,7
04,+3,8~04,3,+363
1,3,7~488,3,7
1,3,7~61,3,7
1,3,7~21,3,7
04,+3,8~04,3,+363
2,3,7~42,3,7
1,3,7~21,3,7
04,+3,8~04,3,+363
2,3,7~42,3,7
2,3,7~42,3,7
1,3,7~21,3,7
04,+3,3~04,3,+363
2,3,7~42,3,7
1,3,7~273,3,7œœ
1,3,7~23,3,7œœÿ4œœœÿ,3,7~41,3,7
1,3,7~41,33,7
1,,