1,6,7~1,479,7
1,3,7~41,3,7
4,+3,4~04,3,43
04,+3,2~04,3,43
-61,3,7~41,3,7
1,3,7~01,3,27
04,+3,1~04,3,+33
4,3,7~4,3,43
-61,3,7~40,3,7
1,3,7~01,3,8
04,+3,1~04,3,43
-6,3,7~1,3,7
4,+3,4~04,3,43
-61,3,7~40,3,7
4,+3,4~04,3,43
04,+3,1~04,3,43
-61,3,7~41,3,7
1,3,7~01,3,27
04,+3,1~04,3,+73
1,3,7~1,3,27
04,+3,1~04,3,+3
-61,3,7~40,3,7
1,3,7~01,3,7
04,+3,1~04,3,43
-61,3,7~41,3,7
1,3,7~01,3,27
04,+3,1~04,3,+33
4,3,7~4,3,43
-61,3,7~407,3,7
1,3,7~01,3,8
04,+3,1~04,3,43
-61,3,7~1,3,7
4,+3,4~04,3,43
é61,`3,7~43,1~0,7