41,3,3~41,3,7
4,+3,40~4,3,43
-61,3,7~40,3,7
1,3,7~01,3,7
04,+3,1~04,3,43
41,3,7~41,3,7
4,+3,4~04,3,43
1,3,7~41,3,7
4,+3,4~04,3,43
-61,3,7~40,3,7
1,3,7~01,3,7
04,+3,1~04,3,43
41,3,7~41,3,7
4,+3,4~04,3,43
-61,3,7~40,3,7
1,3,7~01,3,7
04,+3,1~04,3,43
-61,3,7~41,3,7
1,3,7~01,3,27
04,+3,6~04,3,+33
4,3,7~4,3,43
-6141,3,7~41,3,7
4,+3,4~04,3,43
-61,3,7~40,3,7
1,3,7~01,3,7
04,+3,15~04,3,43
41,3,7~41,3,7
4,+3,4~04,3,43
-61,3,7~40,3,7
1,3,3~01,3,27
-13,3,7~41,3,7
-21,3,7~42,3,7
1,3,7~60,3,7
-1,3,7~14,3,7
-22,3,7~41,3,7
13,3,7~41,3,7
-21,3,7~42,3,7
1,3,7~60,3,7
04,+3,8~04,3,+363
1,3,7~48,3,7
-1,3,7~14,3,7
-261,3,7~40,3,7
1,3,7~01,3,7
04,+3,1~04,3,43
41,3,7~41,3,7
4,+3,4~04,3,43
1,3,7~41,3,7
4,+3,4~04,3,43
-61,3,7~40,3,7
1,3,7~01,3,7
04,+3,1~04,3,43
41,3,7~41,3,7
4,+3,4~04,3,43
-61,3,7~40,3,7
1,3,7~01,3,7
04,+3,1~04,3,43
-61,3,7~41,3,7
1,3,7~01,3,27
04,+3,6~04,3,+33
4,3,7~4,3,43
-6141,3,7~41,3,7
4,+3,4~04,3,43
-61,3,7~40,3,7
1,3,7~01,3,7
04,+3,1~04,3,43
41,3,7~41,3,7
4,+3,4~04,3,43
-61,3,7~40,3,7
1,3,3~01,3,7
04,+3,1~04,3,43
-61,3,7~41,3,7
1,3,7~01,3,7
04,+3,1~04,3,43
-61,3,7~41,3,7
1,3,7~01,3,27
04,+3,6~04,3,+33
4,3,7~4,3,43
-61,3,7~40,3,7
1,3,7~01,3,7
04,+3,1~04,3,43
-61,3,7~1,3,7
4,+3,4~04,3,43
-61,3,7~40,3,7
1,3,7~01,3,7
04,+3,5~04,3,43
-61,3,7~42,3,7
1,3,7~01,3,27
-13,3,7~41,3,7
-21,3,7~42,3,7
1,3,7~60,3,7
-1,3,7~14,3,7
-22,3,7~41,3,7
13,3,7~41,3,7
-21,3,7~42,3,7
1,3,7~60,3,7
04,+3,8~04,3,+363
1,3,7~48,3,7
-1,3,7~14,3,7
-261,3,7~40,3,7
1,3,7~01,3,7
04,+3,1~04,3,43
41,3,7~41,3,7
4,+3,4~04,3,43
1,3,7~41,3,7
4,+3,4~04,3,43
-61,3,7~40,3,7
1,3,7~01,3,7
04,+3,1~04,3,43
41,3,7~41,3,7
01,3,7~41,3,7
4,+3,4~04,3,43
-61,3,7~40,3,7
1,3,7~01,3,7
04,+3,1~04,3,43
41,3,7~41,3,77
04,+3,1~04,3,43
-61,3,7~41,3,7
-21,3,7~41,3,7
1,3,7~60,3,7
04,+3,8~04,3,+363
1,3,7~488,3,7
-21,3,7~41,3,7
1,3,7~60,3,7
04,+3,8~04,3,+363
1,3,7~41,3,7
1,3,7~60,3,7
01,3,7~60,3,7
04,+3,8~04,3,+363
1,3,7~48,3,7
-01,3,7~41,3,7
1,3,7~60,3,7
10,3,7~100,3,7
04,+3,8~04,3,+363
1,3,7~48,3,7
-21,3,7~41,3,7
1,3,7~60,3,7
04,+3,8~04,3,+363
1,3,7~41,3,7
1,3,7~64,3,7
01,3,7~60,3,7
04,+3,7~60,3,7
10,3,7~100,3,7
04,+3,8~04,3,+363
1,3,7~48,3,7
04,+3,8~04,3,+323
-1,3,7~41,3,7
-21,3,7~41,3,7
1,3,7~60,3,7
04,+3,8~04,3,+363
1,3,7~48,3,7
-21,3,7~41,3,7
1,3,7~60,3,7
041,3,7~60,3,7
04,+3,8~04,3,+363
1,3,7~48,3,7
-01,3,7~41,3,7
1,3,7~60,3,7
04,+3,8~04,3,+323
-1,3,7~41,3,7
-21,3,7~41,3,7
1,3,7~60,3,7
04,+3,8~04,3,+363
1,3,7~488,3,7
-21,3,7~41,3,7
1,3,7~60,3,7
04,+3,8~04,3,+363
1,3,7~41,3,7
1,3,7~60,3,7
01,3,7~60,3,7
04,+3,8~04,3,+363
1,3,7~48,3,7
èèèèèèèèèèèèèèèèèèèèèèèèèèèèèèèèèèèèèèèèèèèèèèèèè-01,3,7~41,3,7
1,3,7~60,3,7
10,3,7~100,3,7
04,+3,8~04,3,+363
1,3,7~48,3,7
”Õ1,3,6,7~4,+3,4~04,3,43
-61,3,7~40,3,7
1,3,7~01,3,7
04,+3,1~04,3,43
-61,3,7~417,3,73,3,7
1,3,7~01,3,27
04,+3,6~04,3,+3.
4,3,7~4,3,43
-6141,,3,74~4