3,7,3~3,7,7
4,+3,4~04,3,43
-61,3,7~40,3,7
1,3,7~01,3,7
04,+3,1~04,3,43
41,3,7~41,3,7
4,+3,4~04,3,43
-61,3,7~40,3,7
1,3,7~01,3,7
4,+3,4~04,3,43
-61,3,7~40,3,7
1,3,7~01,3,7
04,+3,1~04,3,43
41,3,7~41,3,7
4,+3,4~04,3,43
-61,3,7~40,3,7
1,3,3~01,3,+33
4,3,3~4,3,43
-6141,3,7~41,3,7
4,+3,4~04,3,43
-61,3,7~40,3,7
1,3,7~01,3,7
04,+3,1~04,3,43
41,3,7~41,3,9
4,+3,4~04,3,43
-61,3,7~40,3,7
1,3,3~01,3,7
-61,3,7~40,3,7
1,3,7~01,3,27
04,+3,6~04,3,7
04,+3,1~04,3,43
41,3,7~41,3,7
4,+3,4~04,3,43
-61,3,7~40,3,7
1,3,3~01,3,7
04,+3,1~04,3,43
-61,3,7~40,3,7
1,3,7~01,3,7
04,+3,1~04,3,43
41,3,7~410,3,7
4,+3,4~04,3,43
-61,3,7~41,3,7
1,3,7~01,3,27
04,+3,6~04,3,+33
4,3,7~4,3,43
4,+3,4~04,3,43
-61,3,7~40,3,7
1,3,7~01,3,7
04,+3,1~04,3,43
41,3,7~41,3,7
4,+3,4~04,3,43
-61,3,7~40,3,7
1,3,3~01,3,+33
4,3,27~4,3,43
-6141,3,7~41,3,7
4,+3,4~04,3,43
-61,3,7~40,3,7
1,3,7~01,3,7
04,+3,1~04,3,43
41,3,7~41,3,9
4,+3,4~04,3,43
-61,3,7~40,3,7
1,3,3~01,3,7
-61,3,7~40,3,7
1,3,8~01,3,27
