3,7,3~3,7,7
4,+3,4~04,3,13
-61,3,7~40,3,7
1,3,7~01,3,7
04,+3,1~04,3,43
41,3,7~41,3,7
4,+3,4~04,3,43
-61,3,7~40,3,7
1,3,7~1,3,+33
4,3,7~4,3,437
1,3,3~01,3,7
-61,3,7~40,3,7
1,3,7~0101,3,7
4,+3,4~04,3,43
-61,3,7~40,3,7
1,3,7~01,3,7
04,+3,1~04,3,43
41,3,7~41,3,7
4,+3,4~04,3,43
-61,3,7~40,3,7
1,3,3~01,3,+33
4,3,7~4,3,43
-1,3,7~40,3,7
1,3,3~01,3,7
-61,3,7~40,3,7
1,3,7~01,3,27
04,+3,6~04,3,+33
4,3,7~4,3,43
-61,3,7~41,3,7
4,+3,4~04,3,43
-61,3,7~40,3,7
1,3,7~01,3,7
04,+3,1~04,3,43
41,3,7~41,3,7
4,+3,4~04,3,43
-61,3,7~40,3,7
1,3,3~01,3,7
04,+3,1~04,3,43
-61,3,7~40,3,7
1,0,7~1,12,7
04,+3,1~04,3,43
41,3,7~41,3,7
4,+3,4~04,3,43
-61,3,7~41,3,7
1,3,7~01,3,27
04,+3,6~04,3,+33
4,3,7~4,3,43
-6141,3,7~41,3,7
4,+3,4~04,3,43
-61,3,7~40,3,7
1,3,7~01,3,7
04,+3,1~04,3,43
41,3,7~41,3,7
4,+3,4~04,3,43
-61,3,7~40,3,7
1,3,3~01,3,+33
4,3,7~4,3,43
-6141,3,7~41,3,7
4,+3,4~04,3,43
-61,3,7~40,3,7
1,3,7~01,3,7
04,+3,1~04,3,43
41,3,7~41,3,9
1,3,3~01,3,7
-61,3,7~40,3,7
1,3,7~01,3,27
