41,3,1~41,3,7
41,3,1~41,3,7
4,+3,8~04,3,43
-61,3,7~41,3,7
4,+3,4~04,3,43
-61,3,7~41,3,7
1,3,2~01,3,75
4,+3,8~04,3,34
-61,3,7~41,3,7
1,3,7~41,3,7
1,3,2~01,3,77
4,+3,4~04,3,43
-61,3,7~01,3,7
4,+3,4~04,3,43
-61,3,7~41,3,7
1,3,2~01,3,75
4,+3,8~04,3,343
-61,3,7~41,3,7
1,3,2~01,3,77
4,+3,4~04,3,477
4,+3,4~04,3,7
41,3,1~41,3,7
4,+3,8~04,3,43
-61,3,7~41,3,7
4,+3,4~04,3,43
-61,3,7~41,3,7
1,3,2~01,3,75
4,+3,8~04,3,34
-61,3,7~41,3,7
1,3,7~41,3,7
1,3,2~01,3,77
4,+3,4~04,3,43
-61,3,7~01,3,7
4,+3,4~04,3,43
-61,3,7~41,3,7
1,3,2~01,3,75
4,+3,8~04,3,343
-61,3,7~41,3,7
1,3,2~01,3,77
4,+3,4~04,3,477
4,+3,4~04,3,43
-61,3,7~42,3,7
1,3,2~01,3,43
-61,3,7~42,3,7
1,3,2~01,3,75
4,+3,2~04,3,43
-61,3,7~41,3,7
1,3,7~41,3,7
4,+3,4~04,3,8Õı“,2,7~0,289,7
0,2,2~
2,