3,7,3~3,7,8
1,3,7~01,3,7
041,3,7~41,4,7
4,+3,4~04,3,43
-61,3,7~40,3,7
1,3,7~01,7,7
04,+3,10~4,3,43
41,3,7~41,3,8
4,+3,4~04,3,43
-61,3,7~40,3,7
1,3,7~01,3,7
04,+3,1~04,3,43
-61,3,7~41,3,7
1,3,7~01,6,7
1,3,7~01,3,27
04,+3,6~04,3,+33
4,3,7~4,3,43
-61,3,7~40,3,7
1,3,7~01,3,7
04,+3,1~04,3,43
-61,3,7~1,3,7
4,+3,4~04,3,43
-61,3,7~40,3,7
1,1,7~01,3,7
04,+3,1~04,3,43
-61,3,7~42,3,7
1,3,7~01,3,27
-13,3,7~41,3,7
-21,3,7~4,33,7
04,+3,1~04,3,43
-61,3,7~1,3,7
4,+3,4~04,3,43
1,3,7~01,3,7
04,+3,8~04,3,43
-61,3,7~1,3,7
4,+3,4~04,3,43
-60,2,7~0,2,7
01,3,7~40,3,7
1,3,7~01,6,7лллллллл,3,2~0,3,2ллллллллл,3,7~40,3,7
1,