01 1688 1728            
02 2187380 2086357770      
03 2003336 1877139         
04 54275 13158           
05 5147 16925           
06 359999 1631647919273   
07 341558 93214037        
08 452 1096964         
09 607 900864          
10 265527 3969823589      
11 1667 488             
12 4775 152480          
13 671 PCPHARKL        
14 2947 3232426226464   
15 553 2858            
16 969 124921618408    
17 9180 3767            
18 4057 4683            
19 392 13332           
20 5316 16728           
21 742257 93726416205179  
22 612714 1311612259117092
23 15299 47193
24 92969593497992 81514171161381  
25 367
