0
0

5
8

9
8

2
8

9
8

6
0

0
0

1
0

1
1

2
6

6
0

0
0

0
0

1
0

1
1

2
6

6
1

2
6

6
0

0
0

1
0

1
1

1
0

1
1

5
0

0
0

5
8

9
8

2
8

9
8

6
0

0
0

1
0

1
1

5
0

0
0

5
8

9
0

1
1

5
08

9
8

6
0

0
0

1
0

1
1

2
6

6
0

0
0

0
0

1
0

1
1

2
6

6
0

0
0

2
6

6
0

0
0

0
0

1
0

1
0

1
1

2
6

6
0

0
0

1
0

1
1

1
0

1
1

5
0

1
1

2
6

6
1

5
8

9
8

0
0

5
8

9
8

2
8

9
8

6
0

0
0

1
0

1
1

2
6

6
0

0
0

0
0

1
0

1
1

2
6

6
0

0
0

1
0

1
1

1
0

1
1

5
0

0
0

5
8

9
8

2
8

9
8

6
0

0
0

1
0

1
1

5
0

0
0

5
8

9
0

1
1

5
0

1
1

2
6

6
1

5
8

9
8

0
0

5
8

9
8

2
8

1
1

2
6

6
1

5
8

9
8

0
0

5
8

9
8

2
8

0
0

1
0

1
1

5
0

0
5