0
0

5
8

90
0

5
8

9
8

1
8

9
8

6
0

0
0

1
0

1
1

2
6

6
0

0
0

0
0

1
0

1
1

2
6

6
0

0
0

2
6

6
0

0
0

0
0

1
0

1
1

2
6

6
1

5
8

9
8

0
0

5
8

9
8

2
8

9
8

6
0

0
0

1
0

1
1

2
6

6
0

0
0

0
0

1
0

1
1

2
6

6
0

0
0

1
0

1
1

1
0

1
1

5
0

0
0

5
8

9
8

2
8

9
8

6
0

0
0

1
0

6
0

0
0

1
0

1
1

5
0

0
8

1
8

9
8

6
0

0
0

1
0

1
1

2
6

6
0

0
0

0
0

1
0

1
1

2
6

6
0

0
0

2
6

6
0

0
0

0
0

1
0

1
1

2
6

6
1

5
8

9
8

0
0

5
8

9
8

2
8

9
8

6
0

0
0

1
0

1
1

2
6

6
0

0
0

0
0

1
0

1
1

2
6

6
0

0
0

1
0

1
1

1
0

1
1

5
0

0
0

5
8

9
8

2
8

9
8

6
0

0
0

1
0

6
0

0
0

1
0

1
1

5
0

0
5