01
0

0
0

59
0

59
0

1
[[[[[[[[[[[[[[[[5]]]]]]]]]]]]]]]]

0
0

59
0

1
0

59
0

1
0

4
0

5
88

54
8

1
0

0
0

0
[[[[[[[[[[[[[[[[[]]]]]]]]]]]]]]]]]

0
0

0
1

0
0

18
0

19
0

1
0

0
0

0
[[[[[[[[[[[[[[[[[]]]]]]]]]]]]]]]]]

0
0

0
1

0
0

18
0

1
0

0
[[[[[[[[[[[[[[[[[]]]]]]]]]]]]]]]]]

0
0

0
1

0
00

59
0

1
0

0
0

0
[[[[[[[[[[[[[[[[[]]]]]]]]]]]]]]]]]

0
0

0
1

0
0

18
0

1
0

0
5

51
0

0
0

59
0

1
00

0
0

59
0

1
0

0
0

0
[[[[[[[[[[[[[[[[[]]]]]]]]]]]]]]]]]

0
0

0
1

0
0

18
0

19
0

1
0

0
0

0
[[[[[[[[[[[[[[[[[]]]]]]]]]]]]]]]]]

0
0

0
1

0
0

18
0

1
0

0
[[[[[[[[[[[[[[[[[]]]]
]]]]]]]]]]8

53
89

5
88
 