1
0

0
0

59
0

1
0

9
0

1
0

0
0

59
0

1
0

0
0

1
0

0
00

0
0

59
0

1
0

0
00

0
0

59
0

1
0

0
0

59
0

1
0

0
00

0
0

0
00

0
0

18
0

1
0

1
0

0
00

0
0

18
0

1
0

01
0

9
0

1
0

0
0

59
0

1
0

0
00

0
0

18
0

1
0

1
0

0
00

0
0

18
0

1
0

59
0

2
0

1
0

0
0

59
0

1
0

1
0

0
0

1
0

0
00

0
0

59
0

1
0

0
00

0
0

59
0

1
0

0
0

59
0

1
0

0
00

0
0

0
00

0
0

18
0

1
0

1
0

0
00

0
0

18
0

1
0

01
0

9
0

1
0

0
0

59
0

1
0

0
00

0
0

18
0

1
0

1
0

0
00

0
0

18
0

1
0

01
0

0
0

59
0

1
0

1
0

0
0

59
0

1
0

0
00

0
00

18
0

1
0

1
0

0
00

0
0

18
0

1
0

0
0

59
0

1
0

1
0

0
0

59
0

1
0

1
0

0
0

1
0

0
00

0
0

59
0

1
0

0
00

0
00

0
0