1
0

0
1

1
0

0
0

0
0

50
00

59
0

1
0

1
0

0
0

0
0

0
0

0
00

9
0

1
0

1
0

09
0

1
0

0
00

0
0

18
0

1
0

0
5

59
0

0
0

0
0

0
0

0
0

0
00

0
0

18
0

1
0

0
0

0
00

0
0

18
0

58
0

1
0

1
0

0
0

0
0

0
0

50
00

0
0

6
0

0
0

1
0

1
1

2
6

6
0

0
0

0
0

1
0

1
1

2
6

6
0

0
0

1
0

1
1

1
0

1
1

5
0

0
0

5
8

9
8

2
8

9
8

1
0

1
1

2
6

6
0

0
0

1
0

1
1

5
0

1
1

9
8

1
0

1
1

2
6

1
0

1
0

0
0

1
1

2
6

6
0

0
0

1
0

1
1

1
0

1
1

5
0

5
8

9
8

2
8

9
8

6
0

0
8

9
8

6
0

0
0

1
0

1
1

5
0

0
0

5
8

9
8

0
0

5
8

9
8

2
8

9
8

6
0

0
0

1
0

1
1

2
6

6
0

0
0

0
0

1
0

1
1

2
6

6
0

6
0

0
0

0
0

1
0

1
0

1
1

1
0

1
1

5
0

5
8

8
0

58
0

1
0

1
0

0
0

0
0

0
0

50
00

59
0

1
0

1
0

0
0

0
0

0
0

0
00

9
0

1
0

1
0

09
0

1
0

0
00

0
0

18
0

1
0

0
5

59
0

0
0

0
0

0
0

0
0

0
00

0
0

18
0

59
0

1
0

1
2

0
0

0
0

0
0

59
0

1
0

1
0

0
0

0
00

0
0

18
0

58
0

1
0

1
0

0
0

0
0

0
0

50
00

0
0

18
0

59
0

1
1

1
0

0
0

59
0

1
0

1
0

0
0

0
00

0
0

18
0

1
0

0
00

0
0

18
0

1
0

0
5

59
0

59
0

1
0

1
0

0
0

0
0

0
0

0
00

9
0

1
0

1
0

09
0

1
0

0
00

0
0

18
0

1
0

0
5

59
0

0
0

0
0