1
00

59
0

1
0

0
0

0
[[[[[[[[[[[[[[[[[]]]]]]]]]]]]]]]]]

0
0

0
1

0
0

18
0

1
0

0
5

51
0

0
0

59
0

1
00

0
0

59
0

1
0

0
0

0
[[[[[[[[[[[[[[[[[]]]]]]]]]]]]]]]]]

0
0

0
1

0
0

18
0

19
0

1
0

0
0

0
[[[[[[[[[[[[[[[[[]]]]]]]]]]]]]]]]]

0
0

0
1

0
0

18
0

1
0

0
[[[[[[[[[[[[[[[[[]]]]]]]]]]]]]]]]]

0
0

0
1

0
00

59
0

1
0

0
0

0
[[[[[[[[[[[[[[[[[]]]]]]]]]]]]]]]]]

0
0

0
1

0
0

18
0

1
0

0
5

51
0

0
0

59
0

1
00

0
0

59
0

1
0

0
0

0
[[[[[[[[[[[[[[[[[]]]]]]]]]]]]]]]]]

0
0

0
1

0
0

18
0

19
0

1
0

0
0

0
[[[[[[[[[[[[[[[[[]]]]]]]]]]]]]]]]]

0
0

0
1

0
0

18
0

1
0

0
[[[[[[[[[[[[[[[[[]]]]]]]]]]]]]]]]]

0
0

0
1

0

0

0
0

50
0

0
0

0
0