1
0

0
0

9
0

1
0

0
00

0
0

18
0

1
0

1
0

0
00

0
0

18
0

1
0

0
0

59
0

1
0

1
0

0
0

59
0

1
0

0
0

59
0

11
0

0
00

1
0

018
0

1
0

1
0

0
00

0
0

18
0

1
0

0
0

59
0

1
0

1
0

0
0

59
0

0
0

18
0

1
0

0
0

59
0

1
0

1
0

0
0

59
0

1
0

0
0

59
0

1
0

1
0

0
0

59
0

1
0

0
00

0
0

1
0

1
0

0
0

59
0

0
0

18
0

1
0

0
0

59
0

1
0

1
0

0
0

59
0

1
0

0
0

59
0

1
0

1
0

0
0

59
0

1
0

0
00

0
0

18
0

1
0

0
00

0
0

1
00

0
0

18
0

1
0

0
00

0
0

18
0

1
0

0
0

0
0