1
0

0
0

59
0

11
0

0
0

59
0

1
0

0
00

0
0

59
0

1
0

0
00

0
0

18
0

59
0

1
1

1
0

0
0

0
0

0
0

59
0

1
0

1
0

0
0

0
00

0
0

18
0

1
0

0
00

0
0

18
0

1
0

0
5

59
0

59
0

1
0

1
0

0
0

0
0

0
0

0
00

0
0

18
0

59
0

1
0

1
0

0
0

0
0

0
0

59
0

1
0

1
0

0
0

0
00

0
0

150
00

0
0

18
0

59
0

1
1

1
0

0
0

0
0

0
0

59
0

1
0

1
0

0
0

0
00

0
0

18
0

1
0

0
00

0
0

18
0

1
0

0
5

59
0

59
0

1
0

1
0

0
0

0
0

0
0

0
00

9
0

1
0

1
0

09
0

1
0

0
00

0
0

18
0

1
0

0
5

59
0

0
0

0
0