0
0

5
8

5
8

9
8

2
8

9
8

6
0

0
0

1
0

1
1

2
6

6
0

6
0

0
0

1
0

1
1

2
6

6
0

0
0

1
0

9
8

2
8

9
8

6
0

0
8

9
8

2
8

9
8

6
0

0
0

1
0

1
1

2
6

6
0

6
0

0
0

1
0

1
1

2
6

6
0

0
0

1
0

9
8

2
8

9
8

6
0

0
0

1
0

1
1

2
6

6
0

6
0

0
0

1
0

1
1

2
6

6
0

0
00

5
8

5
8

9
8

2
8

9
8

6
0

0
0

1
0

1
1

2
6

6
0

6
0

0
0

1
0

1
1

2
6

6
0

0
0

1
0

9
8

2
8

9
8

6
0

0
0

1
0

1
1

2
6

6
0

6
0

0
0

1
0

3
1

2
6

6
0

0
0

1
0

1
1

5
0

0
5

1
0

1
1

5
0

0
0

1
0

1
1

2
6

6
0

6
0

0
0

1
0

1
1

2
6

6
0

0
00

5
8

5
8

9
8

2
8

9
8

6
0

0
0

1
0

1
1

2
6

6
0

6
0

0
0

1
0

1
1

2
6

6
0

0
0

1
0

9
8

2
8

9
8

6
0

0
0

1
0

1
1

2
6

6
0

6
0

0
0

1
0

3
1

2
6

6
0

0
0

1
0

1
1

5
0

0
5

1
0

1
1

5
0

0
5